timestamp,cpu.%usr,cpu.%nice,cpu.%sys,cpu.%iowait,cpu.%steal,cpu.%irq,cpu.%soft,cpu.%guest,cpu.%gnice,cpu.%idle,task.proc/s,task.cswch/s,intr.intr/s,swap.pswpin/s,swap.pswpout/s,paging.pgpgin/s,paging.pgpgout/s,paging.fault/s,paging.majflt/s,paging.pgfree/s,paging.pgscank/s,paging.pgscand/s,paging.pgsteal/s,paging.%vmeff,io.tps,io.rtps,io.wtps,io.bread/s,io.bwrtn/s,memory.kbmemfree,memory.kbavail,memory.kbmemused,memory.%memused,memory.kbbuffers,memory.kbcached,memory.kbcommit,memory.%commit,memory.kbactive,memory.kbinact,memory.kbdirty,memory.kbanonpg,memory.kbslab,memory.kbkstack,memory.kbpgtbl,memory.kbvmused,swap.kbswpfree,swap.kbswpused,swap.%swpused,swap.kbswpcad,swap.%swpcad,load.runq-sz,load.plist-sz,load.ldavg-1,load.ldavg-5,load.ldavg-15,load.blocked,disk.tps,disk.rd_sec/s,disk.wr_sec/s,disk.avgrq-sz,disk.avgqu-sz,disk.await,disk.svctm,disk.%util,network.rxpck/s,network.txpck/s,network.rxkB/s,network.txkB/s,network.rxcmp/s,network.txcmp/s,network.rxmcst/s,network.%ifutil
2017-09-20 22:57:39,35.04,0.00,2.78,0.05,0.10,0.00,0.00,0.00,0.00,62.03,55.00,1995.80,2105.80,0.00,0.00,0.00,121.60,29711.60,0.00,25397.20,0.00,0.00,0.00,0.00,5.20,0.00,5.20,0.00,243.20,7920628,0,7480280,48.57,85892,5659728,2916332,18.94,3177460,3961444,120,1393348,227780,4904,8384,30220,0,0,0.00,0,0.00,1,607,1.20,4.07,4.75,0,5.20,0.00,243.20,46.77,0.00,0.62,0.62,0.32,3.80,3.80,0.40,0.31,0.00,0.00,0.00,0.00
2017-09-20 22:57:44,47.21,0.00,2.01,1.31,0.15,0.00,0.00,0.00,0.00,49.32,2.40,1695.60,1976.00,0.00,0.00,0.00,1419.20,5560.20,0.00,43549.40,0.00,0.00,0.00,0.00,124.20,0.00,124.20,0.00,2838.40,8448360,0,6952548,45.14,86980,4924532,3053480,19.83,3342200,3267164,828,1597760,227700,5024,8844,30220,0,0,0.00,0,0.00,1,617,1.35,4.06,4.74,0,124.20,0.00,2838.40,22.85,0.08,0.64,0.53,6.56,0.00,0.00,0.00,0.00,0.00,0.00,0.00,0.00
2017-09-20 22:57:49,33.20,0.00,0.76,1.62,0.10,0.00,0.00,0.00,0.00,64.33,1.20,1902.40,2035.80,0.00,0.00,0.00,1559.20,1434.60,0.00,1504.80,0.00,0.00,0.00,0.00,140.40,0.00,140.40,0.00,3118.40,8391960,0,7008948,45.51,87812,4920940,3083772,20.02,3403912,3262920,1560,1657984,227700,5080,9028,30220,0,0,0.00,0,0.00,1,623,1.48,4.04,4.73,0,140.40,0.00,3118.40,22.21,0.10,0.72,0.66,9.28,0.00,0.00,0.00,0.00,0.00,0.00,0.00,0.00
2017-09-20 22:57:54,37.63,0.00,1.72,0.05,0.10,0.00,0.10,0.00,0.00,60.40,26.20,2979.80,2806.20,0.00,0.00,0.00,76.80,10514.20,0.00,7570.80,0.00,0.00,0.00,0.00,6.60,0.00,6.60,0.00,153.60,8156804,0,7244104,47.04,87832,4950888,3530192,22.92,3608704,3290852,36152,1860772,228020,5336,9796,30220,0,0,0.00,0,0.00,1,663,1.44,3.99,4.71,0,6.60,0.00,153.60,23.27,0.00,0.73,0.73,0.48,4.00,4.00,0.41,0.32,0.00,0.00,0.00,0.00
2017-09-20 22:57:59,49.30,0.00,2.11,0.00,0.05,0.00,0.05,0.00,0.00,48.49,32.40,2500.00,2397.80,0.00,0.00,0.00,69.60,12455.00,0.00,4657.60,0.00,0.00,0.00,0.00,1.60,0.00,1.60,0.00,139.20,7842912,0,7557996,49.08,87840,4946584,4832068,31.38,3914412,3286600,37048,2174780,229252,6472,11488,30220,0,0,0.00,0,0.00,6,795,1.49,3.95,4.70,0,1.60,0.00,139.20,87.00,0.00,1.50,0.50,0.08,0.80,0.80,0.07,0.06,0.00,0.00,0.00,0.00
2017-09-20 22:58:04,97.00,0.00,2.90,0.00,0.00,0.00,0.05,0.00,0.00,0.05,6.00,2854.00,1799.80,0.00,0.00,0.00,0.00,14753.00,0.00,9211.60,0.00,0.00,0.00,0.00,0.00,0.00,0.00,0.00,0.00,7521320,0,7879588,51.16,87844,4941652,4893860,31.78,4245308,3282008,37576,2497856,229872,6592,12852,30220,0,0,0.00,0,0.00,8,813,2.41,4.11,4.74,0,0.00,0.00,0.00,0.00,0.00,0.00,0.00,0.00,2.40,2.40,0.22,0.20,0.00,0.00,0.00,0.00
2017-09-20 22:58:09,97.05,0.00,2.75,0.00,0.00,0.00,0.00,0.00,0.00,0.20,10.40,4153.20,1869.20,0.00,0.00,8602.40,36.80,4086.80,0.00,3108.40,0.00,0.00,0.00,0.00,70.00,67.60,2.40,17204.80,73.60,7001488,0,8399420,54.54,87848,4980300,4939872,32.08,4726916,3319440,38324,2978364,230280,6808,13848,30220,0,0,0.00,0,0.00,17,837,2.78,4.15,4.75,0,70.00,17204.80,73.60,246.83,0.40,5.70,0.41,2.88,0.60,0.60,0.05,0.04,0.00,0.00,0.00,0.00
2017-09-20 22:58:14,98.25,0.00,1.70,0.00,0.00,0.00,0.05,0.00,0.00,0.00,0.00,12921.20,1967.60,0.00,0.00,9830.40,227.20,691.80,0.00,834.00,0.00,0.00,0.00,0.00,102.40,78.00,24.40,19660.80,454.40,6873136,0,8527772,55.37,87848,5024356,5045248,32.76,4811308,3363784,37280,3062892,230344,6808,14028,30220,0,0,0.00,0,0.00,15,837,3.43,4.27,4.79,0,102.40,19660.80,454.40,196.44,0.45,4.37,0.41,4.16,0.00,0.00,0.00,0.00,0.00,0.00,0.00,0.00
2017-09-20 22:58:19,99.05,0.00,0.85,0.00,0.00,0.00,0.05,0.00,0.00,0.05,0.00,14216.40,1771.20,0.00,0.00,3686.40,98.40,218.00,0.00,310.80,0.00,0.00,0.00,0.00,33.80,29.40,4.40,7372.80,196.80,6844608,0,8556300,55.56,87848,5037688,5013600,32.55,4826320,3377420,37016,3078176,230404,6776,14068,30220,0,0,0.00,0,0.00,9,833,4.28,4.43,4.84,0,33.80,7372.80,196.80,223.95,0.15,4.52,0.47,1.60,0.00,0.00,0.00,0.00,0.00,0.00,0.00,0.00
2017-09-20 22:58:24,97.10,0.00,2.40,0.00,0.00,0.00,0.40,0.00,0.00,0.10,0.40,6178.80,2295.40,0.00,0.00,39731.20,3474.40,240.40,0.00,385.00,0.00,0.00,0.00,0.00,341.20,310.60,30.60,78284.80,6948.80,6649376,0,8751532,56.82,87852,5230796,5013600,32.55,4829288,3570948,19816,3081752,230240,6784,14068,30220,0,0,0.00,0,0.00,5,834,4.26,4.42,4.83,0,341.60,78387.20,6948.80,249.81,2.64,7.69,0.47,15.92,0.00,0.00,0.00,0.00,0.00,0.00,0.00,0.00
2017-09-20 22:58:29,97.05,0.00,2.50,0.00,0.05,0.00,0.35,0.00,0.00,0.05,0.20,6057.20,2235.00,0.00,0.00,38092.00,3576.00,191.40,0.00,323.40,0.00,0.00,0.00,0.00,339.00,306.80,32.20,77361.60,7152.00,6456484,0,8944424,58.08,87856,5417644,5013600,32.55,4835212,3757656,2136,3087896,230304,6792,14076,30220,0,0,0.00,0,0.00,4,835,4.24,4.41,4.83,0,338.60,77259.20,7152.00,249.29,2.39,7.11,0.46,15.68,0.00,0.00,0.00,0.00,0.00,0.00,0.00,0.00
2017-09-20 22:58:34,88.72,0.00,3.21,0.00,0.05,0.00,0.15,0.00,0.00,7.87,26.20,3257.40,2040.60,0.00,0.00,1228.80,160.80,6968.80,0.00,57948.20,0.00,0.00,0.00,0.00,20.20,9.60,10.60,2457.60,321.60,7421496,0,7979412,51.81,87876,5517012,4568432,29.66,3872620,3758828,99748,2026788,229812,6848,10992,30220,0,0,0.00,0,0.00,6,783,4.54,4.47,4.84,0,20.20,2457.60,321.60,137.58,0.07,3.41,0.32,0.64,0.40,0.40,0.04,0.03,0.00,0.00,0.00,0.00
2017-09-20 22:58:39,95.49,0.00,3.31,0.00,0.00,0.00,0.00,0.00,0.00,1.20,9.60,2574.00,1729.40,0.00,0.00,0.00,112.00,15707.80,0.00,7295.60,0.00,0.00,0.00,0.00,3.80,0.00,3.80,0.00,224.00,6962008,0,8438900,54.79,87892,5512116,4918732,31.94,4331844,3754164,100440,2487876,229844,6616,12656,30220,0,0,0.00,0,0.00,10,817,4.66,4.50,4.85,0,3.80,0.00,224.00,58.95,0.00,0.63,0.21,0.08,3.00,3.00,0.27,0.24,0.00,0.00,0.00,0.00
2017-09-20 22:58:44,97.05,0.00,2.75,0.00,0.00,0.00,0.00,0.00,0.00,0.20,12.00,3847.60,1916.40,0.00,0.00,0.00,47.20,5897.60,0.00,2857.40,0.00,0.00,0.00,0.00,1.00,0.00,1.00,0.00,94.40,6466264,0,8934644,58.01,87900,5509056,4964844,32.24,4831764,3750304,101528,2985076,230100,6880,13808,30220,0,0,0.00,0,0.00,12,845,4.84,4.54,4.86,0,1.00,0.00,94.40,94.40,0.00,0.00,0.00,0.00,0.00,0.00,0.00,0.00,0.00,0.00,0.00,0.00
2017-09-20 22:58:49,98.45,0.00,1.40,0.00,0.00,0.00,0.10,0.00,0.00,0.05,0.00,12727.00,1709.60,0.00,0.00,0.00,134.40,1408.40,0.00,1502.80,0.00,0.00,0.00,0.00,14.20,0.00,14.20,0.00,268.80,6376552,0,9024356,58.60,87908,5503972,5100060,33.12,4926264,3745516,100952,3079840,230176,6872,14020,30220,0,0,0.00,0,0.00,16,845,5.26,4.63,4.89,0,14.20,0.00,268.80,18.93,0.04,2.65,0.17,0.24,0.00,0.00,0.00,0.00,0.00,0.00,0.00,0.00
2017-09-20 22:58:54,99.05,0.00,0.85,0.00,0.00,0.00,0.05,0.00,0.00,0.05,0.00,13202.00,1793.00,0.00,0.00,0.00,12.00,91.80,0.00,1021.60,0.00,0.00,0.00,0.00,0.40,0.00,0.40,0.00,24.00,6375140,0,9025768,58.61,87916,5498800,5019324,32.59,4931020,3740668,101044,3085116,230124,6824,14064,30220,0,0,0.00,0,0.00,16,838,5.48,4.69,4.91,0,0.40,0.00,24.00,60.00,0.00,2.00,2.00,0.08,0.00,0.00,0.00,0.00,0.00,0.00,0.00,0.00
2017-09-20 22:58:59,97.45,0.00,2.10,0.00,0.00,0.00,0.45,0.00,0.00,0.00,0.20,7220.00,1976.60,0.00,0.00,0.00,12.00,220.40,0.00,621.40,0.00,0.00,0.00,0.00,0.60,0.00,0.60,0.00,24.00,6383348,0,9017560,58.55,87916,5493788,5003380,32.49,4928180,3736120,101092,3082916,230144,6816,14068,30220,0,0,0.00,0,0.00,5,838,5.84,4.78,4.93,0,0.60,0.00,24.00,40.00,0.00,0.00,0.00,0.00,0.00,0.00,0.00,0.00,0.00,0.00,0.00,0.00
2017-09-20 22:59:04,97.15,0.00,2.25,0.00,0.10,0.00,0.45,0.00,0.00,0.05,0.00,6156.20,1682.20,0.00,0.00,0.00,30.40,98.40,0.00,380.20,0.00,0.00,0.00,0.00,1.00,0.00,1.00,0.00,60.80,6388080,0,9012828,58.52,87916,5488704,5003380,32.49,4928144,3731428,101056,3083132,230200,6816,14068,30220,0,0,0.00,0,0.00,5,838,6.17,4.86,4.96,0,1.00,0.00,60.80,60.80,0.00,0.00,0.00,0.00,0.00,0.00,0.00,0.00,0.00,0.00,0.00,0.00
2017-09-20 22:59:09,95.29,0.00,2.76,0.00,0.05,0.00,0.05,0.00,0.00,1.85,20.20,3328.20,1897.40,0.00,0.00,0.00,19989.60,7237.60,0.00,44069.40,0.00,0.00,0.00,0.00,163.00,0.00,163.00,0.00,39979.20,7048236,0,8352672,54.23,87932,5559224,4872452,31.64,4276340,3725880,77528,2355560,230144,6712,12420,30220,0,0,0.00,0,0.00,7,796,6.16,4.88,4.97,0,163.00,0.00,39979.20,245.27,7.16,43.94,0.33,5.44,1.00,1.00,0.09,0.07,0.00,0.00,0.00,0.00
2017-09-20 22:59:14,96.35,0.00,3.35,0.00,0.05,0.00,0.00,0.00,0.00,0.25,13.80,2748.80,1820.40,0.00,0.00,0.00,100.00,18995.40,0.00,24798.40,0.00,0.00,0.00,0.00,2.00,0.00,2.00,0.00,200.00,6926896,0,8474012,55.02,87944,5577176,4895032,31.78,4399736,3721404,100588,2458000,229768,6552,12656,30220,0,0,0.00,0,0.00,11,811,6.39,4.95,4.99,0,2.00,0.00,200.00,100.00,0.00,0.00,0.00,0.00,2.00,2.00,0.17,0.16,0.00,0.00,0.00,0.00
2017-09-20 22:59:19,97.10,0.00,2.75,0.00,0.00,0.00,0.05,0.00,0.00,0.10,11.20,4319.00,1782.60,0.00,0.00,0.00,40.80,7647.00,0.00,4649.00,0.00,0.00,0.00,0.00,0.80,0.00,0.80,0.00,81.60,6476864,0,8924044,57.94,87952,5572784,4940956,32.08,4854512,3717180,101352,2911056,229736,6792,13636,30220,0,0,0.00,0,0.00,10,840,6.52,5.00,5.00,0,0.80,0.00,81.60,102.00,0.00,2.00,1.00,0.08,0.60,0.60,0.05,0.05,0.00,0.00,0.00,0.00
2017-09-20 22:59:24,98.35,0.00,1.55,0.00,0.00,0.00,0.10,0.00,0.00,0.00,1.40,13386.00,1674.60,0.00,0.00,0.00,103.20,944.60,0.00,1247.60,0.00,0.00,0.00,0.00,10.40,0.00,10.40,0.00,206.40,6318272,0,9082636,58.97,87964,5567800,5051204,32.80,5016728,3712504,100996,3073556,229708,6848,14040,30220,0,0,0.00,0,0.00,15,842,7.27,5.18,5.06,0,10.40,0.00,206.40,19.85,0.02,2.00,0.08,0.08,0.00,0.00,0.00,0.00,0.00,0.00,0.00,0.00
2017-09-20 22:59:29,98.85,0.00,0.95,0.00,0.00,0.00,0.10,0.00,0.00,0.10,0.20,13211.40,1630.00,0.00,0.00,0.00,17.60,115.00,0.00,322.80,0.00,0.00,0.00,0.00,1.40,0.00,1.40,0.00,35.20,6308652,0,9092256,59.04,87968,5562640,5003804,32.49,5031508,3707720,101036,3088768,229592,6832,14096,30220,0,0,0.00,0,0.00,8,840,7.65,5.30,5.10,0,1.40,0.00,35.20,25.14,0.00,0.00,0.00,0.00,0.00,0.00,0.00,0.00,0.00,0.00,0.00,0.00
2017-09-20 22:59:34,97.70,0.00,1.95,0.00,0.00,0.00,0.30,0.00,0.00,0.05,0.00,7343.80,1850.60,0.00,0.00,0.00,6.40,209.40,0.00,380.60,0.00,0.00,0.00,0.00,0.40,0.00,0.40,0.00,12.80,6309528,0,9091380,59.03,87972,5557400,4988356,32.39,5035988,3702816,101080,3093488,229552,6816,14104,30220,0,0,0.00,0,0.00,6,837,7.36,5.28,5.09,0,0.40,0.00,12.80,32.00,0.00,0.00,0.00,0.00,0.00,0.00,0.00,0.00,0.00,0.00,0.00,0.00
2017-09-20 22:59:39,97.50,0.00,2.15,0.00,0.05,0.00,0.25,0.00,0.00,0.05,0.00,5977.20,1762.00,0.00,0.00,0.00,51.20,98.00,0.00,379.60,0.00,0.00,0.00,0.00,3.00,0.00,3.00,0.00,102.40,6314768,0,9086140,59.00,87976,5552460,4988356,32.39,5035712,3698088,101008,3093752,229444,6800,14104,30220,0,0,0.00,0,0.00,5,836,7.25,5.29,5.10,0,3.00,0.00,102.40,34.13,0.00,0.27,0.27,0.08,0.40,0.40,0.04,0.03,0.00,0.00,0.00,0.00
2017-09-20 22:59:44,91.68,0.00,3.36,0.00,0.05,0.00,0.10,0.00,0.00,4.81,17.40,3491.60,2068.80,0.00,0.00,0.00,19949.60,6300.60,0.00,45045.60,0.00,0.00,0.00,0.00,160.40,0.00,160.40,0.00,39899.20,6996220,0,8404688,54.57,87988,5621496,4606504,29.91,4362312,3692888,75500,2346052,229368,6448,11804,30220,0,0,0.00,0,0.00,7,786,7.15,5.30,5.10,0,160.40,0.00,39899.20,248.75,6.97,43.47,0.42,6.72,0.40,0.40,0.04,0.03,0.00,0.00,0.00,0.00
2017-09-20 22:59:49,96.20,0.00,3.55,0.00,0.00,0.00,0.00,0.00,0.00,0.25,16.60,2615.40,1702.80,0.00,0.00,0.00,101.60,18194.80,0.00,22540.40,0.00,0.00,0.00,0.00,1.80,0.00,1.80,0.00,203.20,6875828,0,8525080,55.35,88004,5641332,4894848,31.78,4488352,3688148,100604,2447304,229552,6544,12620,30220,0,0,0.00,0,0.00,9,809,7.30,5.36,5.12,0,1.80,0.00,203.20,112.89,0.00,1.78,0.89,0.16,2.00,2.00,0.17,0.16,0.00,0.00,0.00,0.00
2017-09-20 22:59:54,94.37,0.00,2.91,0.00,0.00,0.00,0.05,0.00,0.00,2.66,12.20,4071.80,2329.00,0.00,0.00,0.00,2512.80,6460.40,0.00,5336.00,0.00,0.00,0.00,0.00,20.80,0.00,20.80,0.00,5025.60,6436364,0,8964544,58.21,88012,5636992,4998072,32.45,4891548,3721152,88952,2887820,229548,6864,13528,30220,0,0,0.00,0,0.00,11,845,7.20,5.37,5.13,0,20.80,0.00,5025.60,241.62,0.28,13.35,0.54,1.12,1.00,1.00,0.09,0.08,0.00,0.00,0.00,0.00
2017-09-20 22:59:59,96.94,0.00,1.26,0.00,0.05,0.00,0.10,0.00,0.00,1.66,0.20,9278.40,2068.60,0.00,0.00,0.00,114.40,284.60,0.00,1034.40,0.00,0.00,0.00,0.00,10.80,0.00,10.80,0.00,228.80,6379780,0,9021128,58.58,88020,5631856,5017816,32.58,4949756,3716476,88548,2948500,229732,6880,13848,30220,0,0,0.00,0,0.00,16,846,7.34,5.43,5.15,0,10.80,0.00,228.80,21.19,0.01,1.33,0.07,0.08,0.00,0.00,0.00,0.00,0.00,0.00,0.00,0.00
2017-09-20 23:00:04,89.52,0.00,1.66,0.00,0.00,0.00,0.25,0.00,0.00,8.57,0.00,7219.00,2635.20,0.00,0.00,0.00,4.80,193.60,0.00,601.40,0.00,0.00,0.00,0.00,0.40,0.00,0.40,0.00,9.60,6386900,0,9014008,58.53,88024,5626840,5002256,32.48,4950932,3711656,88584,2947840,229524,6864,13868,30220,0,0,0.00,0,0.00,6,843,7.47,5.49,5.17,0,0.40,0.00,9.60,24.00,0.00,0.00,0.00,0.00,0.00,0.00,0.00,0.00,0.00,0.00,0.00,0.00
2017-09-20 23:00:09,80.34,0.00,1.81,0.00,0.15,0.00,0.20,0.00,0.00,17.49,0.00,5410.98,3383.03,0.00,0.00,0.00,27.15,287.43,0.00,617.56,0.00,0.00,0.00,0.00,2.99,0.00,2.99,0.00,54.29,6391332,0,9009576,58.50,88024,5621676,5002256,32.48,4950116,3706972,88604,2947276,229588,6848,13868,30220,0,0,0.00,0,0.00,8,842,7.19,5.47,5.16,0,2.99,0.00,54.29,18.13,0.00,0.00,0.00,0.00,0.60,0.60,0.05,0.04,0.00,0.00,0.00,0.00
2017-09-20 23:00:14,76.70,0.00,3.22,0.05,0.00,0.00,0.10,0.00,0.00,19.93,13.60,3155.20,2307.00,0.00,0.00,0.00,1944.00,5813.00,0.00,46002.60,0.00,0.00,0.00,0.00,17.00,0.00,17.00,0.00,3888.00,7039476,0,8361432,54.29,88036,5690536,4353920,28.27,4303212,3710796,153200,2235856,229296,6760,11784,30220,0,0,0.00,0,0.00,2,777,7.10,5.47,5.17,0,17.00,0.00,3888.00,228.71,0.10,5.79,0.33,0.56,1.00,1.00,0.10,0.08,0.00,0.00,0.00,0.00
2017-09-20 23:00:19,93.88,0.00,3.41,0.00,0.00,0.00,0.00,0.00,0.00,2.71,15.40,2729.60,2281.20,0.00,0.00,0.00,17460.00,15136.60,0.00,7284.20,0.00,0.00,0.00,0.00,140.00,0.00,140.00,0.00,34920.00,6625364,0,8775544,56.98,88036,5685856,4898692,31.81,4718320,3706464,66868,2651144,229232,6752,13212,30220,0,0,0.00,0,0.00,9,833,7.09,5.50,5.18,0,140.00,0.00,34920.00,249.43,6.01,42.92,0.34,4.72,1.40,1.40,0.12,0.11,0.00,0.00,0.00,0.00
2017-09-20 23:00:24,95.44,0.00,2.06,0.00,0.00,0.00,0.10,0.00,0.00,2.41,6.20,6446.80,2465.20,0.00,0.00,0.00,84.80,1787.80,0.00,1888.00,0.00,0.00,0.00,0.00,1.80,0.00,1.80,0.00,169.60,6337692,0,9063216,58.85,88044,5681048,5035336,32.70,5008188,3701940,66876,2941004,229712,6888,13828,30220,0,0,0.00,0,0.00,9,847,7.24,5.56,5.20,0,1.80,0.00,169.60,94.22,0.00,0.44,0.44,0.08,0.00,0.00,0.00,0.00,0.00,0.00,0.00,0.00
2017-09-20 23:00:29,96.44,0.00,1.25,0.00,0.05,0.00,0.05,0.00,0.00,2.21,0.20,9306.20,2216.80,0.00,0.00,5.60,22.40,274.40,0.00,398.40,0.00,0.00,0.00,0.00,2.20,1.40,0.80,11.20,44.80,6321604,0,9079304,58.95,88068,5675876,5003156,32.49,5030060,3697228,66908,2963296,229848,6888,13880,30220,0,0,0.00,0,0.00,8,847,7.38,5.62,5.22,0,2.20,11.20,44.80,25.45,0.00,0.36,0.36,0.08,0.00,0.00,0.00,0.00,0.00,0.00,0.00,0.00
2017-09-20 23:00:34,80.81,0.00,1.67,0.00,0.05,0.00,0.25,0.00,0.00,17.22,0.00,5238.80,3356.80,0.00,0.00,0.00,112.00,275.20,0.00,496.80,0.00,0.00,0.00,0.00,10.80,0.00,10.80,0.00,224.00,6324528,0,9076380,58.93,88080,5670724,5003156,32.49,5031656,3692616,66456,2965220,229664,6864,13896,30220,0,0,0.00,0,0.00,3,844,7.11,5.59,5.21,0,10.80,0.00,224.00,20.74,0.02,1.48,0.07,0.08,0.20,0.20,0.01,0.01,0.00,0.00,0.00,0.00
2017-09-20 23:00:39,81.45,0.00,2.32,0.00,0.05,0.00,0.15,0.00,0.00,16.03,7.40,4469.60,2873.40,0.00,0.00,0.00,673.60,2796.60,0.00,15340.20,0.00,0.00,0.00,0.00,7.80,0.00,7.80,0.00,1347.20,6539216,0,8861692,57.54,88096,5689184,4935768,32.05,4821372,3689912,88092,2733456,230060,6912,13012,30220,0,0,0.00,0,0.00,7,832,6.86,5.56,5.21,0,7.80,0.00,1347.20,172.72,0.04,4.51,0.41,0.32,0.80,1.20,0.07,0.08,0.00,0.00,0.00,0.00
2017-09-20 23:00:44,85.00,0.00,2.97,0.00,0.05,0.00,0.00,0.00,0.00,11.98,18.40,2539.40,2113.80,0.00,0.00,0.00,5684.00,12024.00,0.00,33135.00,0.00,0.00,0.00,0.00,47.00,0.00,47.00,0.00,11368.00,6693844,0,8707064,56.54,88108,5733740,4905420,31.85,4662628,3691008,109564,2536180,229284,6672,12788,30220,0,0,0.00,0,0.00,10,820,6.63,5.54,5.20,0,47.00,0.00,11368.00,241.87,1.89,40.12,0.54,2.56,1.00,1.20,0.10,0.09,0.00,0.00,0.00,0.00
2017-09-20 23:00:49,94.57,0.00,2.51,0.00,0.00,0.00,0.10,0.00,0.00,2.81,9.00,4503.00,2414.20,0.00,0.00,0.00,10568.80,8605.20,0.00,6021.60,0.00,0.00,0.00,0.00,84.60,0.00,84.60,0.00,21137.60,6412260,0,8988648,58.36,88112,5725964,4998472,32.46,4899032,3739144,57588,2824192,229444,6896,13396,30220,0,0,0.00,0,0.00,5,849,6.82,5.59,5.22,0,84.60,0.00,21137.60,249.85,2.84,33.61,0.34,2.88,1.60,1.60,0.15,0.13,0.00,0.00,0.00,0.00
2017-09-20 23:00:54,85.42,0.00,1.11,0.05,0.00,0.00,0.20,0.00,0.00,13.22,0.00,5434.40,2824.60,0.00,0.00,0.00,29.60,206.20,0.00,1652.60,0.00,0.00,0.00,0.00,0.80,0.00,0.80,0.00,59.20,6375628,0,9025280,58.60,88116,5720552,5013652,32.55,4938240,3734540,57532,2863760,229372,6888,13704,30220,0,0,0.00,0,0.00,6,847,6.60,5.57,5.22,0,0.80,0.00,59.20,74.00,0.00,0.00,0.00,0.00,0.20,0.40,0.01,0.02,0.00,0.00,0.00,0.00
2017-09-20 23:00:59,59.66,0.00,1.32,0.00,0.10,0.00,0.15,0.00,0.00,38.77,0.20,4876.80,3898.00,0.00,0.00,0.00,12.00,133.80,0.00,688.80,0.00,0.00,0.00,0.00,0.60,0.00,0.60,0.00,24.00,6330504,0,9070404,58.90,88124,5715836,5013652,32.55,4987736,3729860,57572,2913780,229264,6896,13812,30220,0,0,0.00,0,0.00,4,847,6.23,5.51,5.20,0,0.60,0.00,24.00,40.00,0.00,0.00,0.00,0.00,0.00,0.00,0.00,0.00,0.00,0.00,0.00,0.00
2017-09-20 23:01:04,66.45,0.00,2.42,0.00,0.10,0.00,0.05,0.00,0.00,30.98,8.80,2964.20,2729.00,0.00,0.00,0.00,1290.40,7347.40,0.00,18279.20,0.00,0.00,0.00,0.00,11.00,0.00,11.00,0.00,2580.80,6444512,0,8956396,58.15,88128,5749648,4967208,32.25,4873820,3731020,90428,2767400,229248,6808,13416,30220,0,0,0.00,0,0.00,4,841,5.89,5.45,5.18,0,11.00,0.00,2580.80,234.62,0.09,8.00,0.51,0.56,0.60,0.60,0.05,0.05,0.00,0.00,0.00,0.00
2017-09-20 23:01:09,75.06,0.00,2.07,0.00,0.00,0.00,0.05,0.00,0.00,22.82,12.00,3243.60,2587.80,0.00,0.00,0.00,1375.20,7812.40,0.00,18612.60,0.00,0.00,0.00,0.00,19.00,0.00,19.00,0.00,2750.40,6449152,0,8951756,58.12,88144,5754144,4988564,32.39,4869956,3731752,94416,2759376,228768,6832,13484,30220,0,0,0.00,0,0.00,8,842,5.74,5.43,5.17,0,19.00,0.00,2750.40,144.76,0.07,3.71,0.25,0.48,1.20,1.40,0.10,0.10,0.00,0.00,0.00,0.00
2017-09-20 23:01:14,86.29,0.00,1.16,0.10,0.00,0.00,0.15,0.00,0.00,12.29,2.20,5314.00,3133.80,0.00,0.00,0.00,11227.20,888.20,0.00,1304.60,0.00,0.00,0.00,0.00,91.00,0.00,91.00,0.00,22454.40,6315380,0,9085528,58.99,88152,5749448,4993244,32.42,5007544,3727116,38668,2897172,228704,6896,13800,30220,0,0,0.00,0,0.00,8,848,5.76,5.44,5.18,0,91.00,0.00,22454.40,246.75,3.69,40.58,0.34,3.12,0.00,0.00,0.00,0.00,0.00,0.00,0.00,0.00
2017-09-20 23:01:19,63.13,0.00,1.01,0.00,0.10,0.00,0.20,0.00,0.00,35.56,0.00,4288.80,3356.40,0.00,0.00,0.00,53.60,131.80,0.00,412.20,0.00,0.00,0.00,0.00,4.40,0.00,4.40,0.00,107.20,6314884,0,9086024,59.00,88160,5744144,4993244,32.42,5011172,3722384,38604,2901356,228564,6888,13816,30220,0,0,0.00,0,0.00,2,847,5.46,5.38,5.16,0,4.40,0.00,107.20,24.36,0.00,0.00,0.00,0.00,0.40,0.20,0.02,0.01,0.00,0.00,0.00,0.00
2017-09-20 23:01:24,55.86,0.00,1.16,0.00,0.05,0.00,0.15,0.00,0.00,42.77,3.20,3772.00,3188.20,0.00,0.00,0.00,694.40,383.00,0.00,15073.80,0.00,0.00,0.00,0.00,6.40,0.00,6.40,0.00,1388.80,6567408,0,8833500,57.36,88168,5763796,4683576,30.41,4761668,3720664,59940,2630444,228340,6888,12812,30220,0,0,0.00,0,0.00,1,819,5.18,5.32,5.14,0,6.40,0.00,1388.80,217.00,0.03,5.25,0.25,0.16,0.60,0.60,0.06,0.05,0.00,0.00,0.00,0.00
2017-09-20 23:01:29,79.63,0.00,2.98,0.00,0.05,0.00,0.00,0.00,0.00,17.35,18.20,2406.20,2507.00,0.00,0.00,0.00,1929.60,14301.40,0.00,20978.40,0.00,0.00,0.00,0.00,16.40,0.00,16.40,0.00,3859.20,6418756,0,8982152,58.32,88188,5782500,4935448,32.05,4908556,3724168,75700,2762004,228344,6816,13244,30220,0,0,0.00,0,0.00,3,844,5.17,5.32,5.14,0,16.40,0.00,3859.20,235.32,0.10,6.24,0.49,0.80,1.60,1.60,0.13,0.12,0.00,0.00,0.00,0.00
2017-09-20 23:01:34,89.52,0.00,1.31,0.00,0.00,0.00,0.05,0.00,0.00,9.12,2.80,4697.00,2796.40,0.00,0.00,0.00,3724.00,1153.00,0.00,2578.00,0.00,0.00,0.00,0.00,29.80,0.00,29.80,0.00,7448.00,6238056,0,9162852,59.50,88192,5778500,5015448,32.57,5092968,3719564,57260,2945836,228444,6904,13848,30220,0,0,0.00,0,0.00,8,849,5.15,5.31,5.14,0,29.80,0.00,7448.00,249.93,0.77,25.93,0.35,1.04,0.00,0.00,0.00,0.00,0.00,0.00,0.00,0.00
2017-09-20 23:01:39,70.59,0.00,1.52,0.00,0.10,0.00,0.20,0.00,0.00,27.58,0.00,5210.80,3748.40,0.00,0.00,0.00,3756.80,175.40,0.00,340.20,0.00,0.00,0.00,0.00,31.80,0.00,31.80,0.00,7513.60,6233776,0,9167132,59.52,88196,5773416,4999480,32.46,5100584,3714852,38652,2953956,228432,6896,13872,30220,0,0,0.00,0,0.00,4,847,4.98,5.27,5.13,0,31.80,0.00,7513.60,236.28,0.88,27.62,0.35,1.12,0.40,0.40,0.04,0.03,0.00,0.00,0.00,0.00
2017-09-20 23:01:44,57.76,0.00,1.06,0.05,0.05,0.00,0.20,0.00,0.00,40.87,0.00,3990.20,3358.60,0.00,0.00,0.00,120.80,77.60,0.00,509.00,0.00,0.00,0.00,0.00,10.80,0.00,10.80,0.00,241.60,6235112,0,9165796,59.51,88204,5772564,4999480,32.46,5103472,3710108,42516,2952768,228344,6880,13880,30220,0,0,0.00,0,0.00,4,846,4.74,5.22,5.11,0,10.80,0.00,241.60,22.37,0.06,5.93,2.96,3.20,0.00,0.00,0.00,0.00,0.00,0.00,0.00,0.00
2017-09-20 23:01:49,67.62,0.00,3.27,0.00,0.05,0.00,0.00,0.00,0.00,29.06,17.60,2295.20,2298.40,0.00,0.00,0.00,2579.20,14790.00,0.00,37005.40,0.00,0.00,0.00,0.00,22.20,0.00,22.20,0.00,5158.40,6499816,0,8901092,57.80,88220,5812104,4925828,31.98,4836512,3716980,74880,2653460,228052,6744,13136,30220,0,0,0.00,0,0.00,4,833,4.44,5.15,5.09,0,22.20,0.00,5158.40,232.36,0.18,8.07,0.47,1.04,1.20,1.20,0.11,0.10,0.00,0.00,0.00,0.00
2017-09-20 23:01:54,86.24,0.00,1.61,0.00,0.00,0.00,0.05,0.00,0.00,12.10,6.00,4194.20,2701.20,0.00,0.00,0.00,3.20,2207.40,0.00,3134.40,0.00,0.00,0.00,0.00,0.80,0.00,0.80,0.00,6.40,6211160,0,9189748,59.67,88232,5807604,5018492,32.59,5127072,3712660,75640,2944200,228008,6888,13848,30220,0,0,0.00,0,0.00,9,847,4.25,5.10,5.08,0,0.80,0.00,6.40,8.00,0.00,0.00,0.00,0.00,0.00,0.00,0.00,0.00,0.00,0.00,0.00,0.00
2017-09-20 23:01:59,77.42,0.00,1.26,0.10,0.05,0.00,0.10,0.00,0.00,21.07,0.20,5195.80,3233.00,0.00,0.00,0.00,7472.00,196.00,0.00,358.80,0.00,0.00,0.00,0.00,60.80,0.00,60.80,0.00,14944.00,6198780,0,9202128,59.75,88240,5802232,4987256,32.38,5143240,3707896,38492,2960524,228116,6896,13892,30220,0,0,0.00,0,0.00,5,848,4.47,5.13,5.09,0,60.80,0.00,14944.00,245.79,2.28,37.50,0.33,2.00,0.00,0.00,0.00,0.00,0.00,0.00,0.00,0.00
2017-09-20 23:02:04,73.68,0.00,2.42,0.00,0.10,0.00,0.10,0.00,0.00,23.70,17.00,2740.60,2525.20,0.00,0.00,3.20,1236.00,12387.40,0.00,34119.80,0.00,0.00,0.00,0.00,11.40,0.80,10.60,6.40,2472.00,6485236,0,8915672,57.89,88268,5818172,4922080,31.96,4859140,3705920,55932,2660672,228028,6736,13112,30220,0,0,0.00,0,0.00,4,832,4.27,5.08,5.07,0,11.40,6.40,2472.00,217.40,0.04,3.65,0.49,0.56,2.00,2.00,0.19,0.16,0.00,0.00,0.00,0.00
2017-09-20 23:02:09,86.18,0.00,1.66,0.00,0.00,0.00,0.05,0.00,0.00,12.11,6.40,4274.00,2671.60,0.00,0.00,0.00,73.60,3224.60,0.00,3575.80,0.00,0.00,0.00,0.00,2.80,0.00,2.80,0.00,147.20,6183940,0,9216968,59.85,88272,5813600,4995640,32.44,5164056,3701560,56548,2963948,228268,6888,13896,30220,0,0,0.00,0,0.00,5,847,4.09,5.03,5.05,0,2.80,0.00,147.20,52.57,0.00,1.14,0.29,0.08,0.60,0.60,0.05,0.04,0.00,0.00,0.00,0.00
2017-09-20 23:02:14,79.61,0.00,0.81,0.00,0.05,0.00,0.15,0.00,0.00,19.38,0.00,5663.80,3043.60,0.00,0.00,0.00,20.00,166.40,0.00,409.60,0.00,0.00,0.00,0.00,0.60,0.00,0.60,0.00,40.00,6176632,0,9224276,59.89,88280,5808432,4962352,32.22,5176592,3696744,56584,2976768,228028,6888,13940,30220,0,0,0.00,0,0.00,2,847,4.48,5.09,5.07,0,0.60,0.00,40.00,66.67,0.00,0.00,0.00,0.00,0.20,0.20,0.01,0.01,0.00,0.00,0.00,0.00
2017-09-20 23:02:19,68.57,0.00,2.68,0.15,0.10,0.00,0.10,0.00,0.00,28.39,17.00,2909.60,2843.80,0.00,0.00,0.00,8716.80,10910.60,0.00,33248.20,0.00,0.00,0.00,0.00,76.20,0.00,76.20,0.00,17433.60,6498492,0,8902416,57.80,88296,5825480,4897376,31.80,4858412,3696208,36288,2641000,227676,6728,13024,30220,0,0,0.00,0,0.00,6,831,4.60,5.11,5.08,0,76.20,0.00,17433.60,228.79,2.87,37.62,0.39,2.96,1.20,1.20,0.11,0.10,0.00,0.00,0.00,0.00
2017-09-20 23:02:24,85.20,0.00,1.66,0.00,0.00,0.00,0.05,0.00,0.00,13.09,6.80,3775.20,2937.60,0.00,0.00,0.00,89.60,3644.40,0.00,4558.60,0.00,0.00,0.00,0.00,1.80,0.00,1.80,0.00,179.20,6173420,0,9227488,59.92,88304,5821124,5003556,32.49,5183668,3692100,37008,2968368,228004,6896,13896,30220,0,0,0.00,0,0.00,8,848,4.39,5.06,5.06,0,1.80,0.00,179.20,99.56,0.00,0.89,0.44,0.08,0.00,0.00,0.00,0.00,0.00,0.00,0.00,0.00
2017-09-20 23:02:29,85.32,0.00,0.91,0.00,0.05,0.00,0.05,0.00,0.00,13.67,0.20,5459.60,2643.60,0.00,0.00,0.00,18.40,143.00,0.00,521.40,0.00,0.00,0.00,0.00,1.20,0.00,1.20,0.00,36.80,6170108,0,9230800,59.94,88312,5815960,4957496,32.19,5193608,3687224,37040,2976396,227924,6904,13936,30220,0,0,0.00,0,0.00,3,849,4.52,5.07,5.07,0,1.20,0.00,36.80,30.67,0.00,0.00,0.00,0.00,0.00,0.00,0.00,0.00,0.00,0.00,0.00,0.00
2017-09-20 23:02:34,58.40,0.00,2.07,0.00,0.10,0.00,0.10,0.00,0.00,39.32,14.60,3100.00,2942.60,0.00,0.00,0.00,4791.20,9757.00,0.00,32216.60,0.00,0.00,0.00,0.00,40.00,0.00,40.00,0.00,9582.40,6527908,0,8873000,57.61,88332,5833528,4884784,31.72,4833440,3687008,36508,2601100,227700,6704,12896,30220,0,0,0.00,0,0.00,6,824,4.32,5.02,5.05,0,40.00,0.00,9582.40,239.56,0.85,21.20,0.34,1.36,0.80,0.80,0.08,0.07,0.00,0.00,0.00,0.00
2017-09-20 23:02:39,85.19,0.00,2.47,0.05,0.00,0.00,0.00,0.00,0.00,12.29,8.80,2726.00,2605.60,0.00,0.00,4096.80,92.80,8909.20,0.00,8076.80,0.00,0.00,0.00,0.00,36.20,33.00,3.20,8193.60,185.60,6147520,0,9253388,60.08,88344,5849132,4977744,32.32,5199004,3702896,37032,2964420,227844,6888,13904,30220,0,0,0.00,0,0.00,7,847,4.38,5.02,5.05,0,36.20,8193.60,185.60,231.47,0.23,6.30,0.38,1.36,1.80,1.80,0.16,0.14,0.00,0.00,0.00,0.00
2017-09-20 23:02:44,88.50,0.00,1.31,0.00,0.05,0.00,0.05,0.00,0.00,10.09,0.00,5767.00,3087.00,0.00,0.00,3686.40,21.60,660.80,0.00,1460.40,0.00,0.00,0.00,0.00,31.20,30.60,0.60,7372.80,43.20,6094124,0,9306784,60.43,88348,5862628,5008476,32.52,5239488,3716672,37072,3005564,227832,6888,14024,30220,0,0,0.00,0,0.00,3,847,4.59,5.05,5.06,0,31.20,7372.80,43.20,237.69,0.14,4.51,0.46,1.44,0.00,0.00,0.00,0.00,0.00,0.00,0.00,0.00
2017-09-20 23:02:49,62.14,0.00,2.32,0.00,0.05,0.00,0.10,0.00,0.00,35.39,15.00,3672.00,3184.80,0.00,0.00,5842.40,4758.40,5613.20,0.00,30175.20,0.00,0.00,0.00,0.00,87.60,48.60,39.00,11684.80,9516.80,6515880,0,8885028,57.69,88364,5953236,4889440,31.75,4791548,3746176,79640,2496888,227684,6488,12664,30220,0,0,0.00,0,0.00,7,806,4.62,5.05,5.06,0,87.60,11684.80,9516.80,242.03,1.00,11.44,0.39,3.44,0.00,0.00,0.00,0.00,0.00,0.00,0.00,0.00
2017-09-20 23:02:54,95.85,0.00,4.00,0.00,0.05,0.00,0.00,0.00,0.00,0.10,5.20,2891.00,1771.80,0.00,0.00,0.00,185.60,9753.40,0.00,5664.60,0.00,0.00,0.00,0.00,13.40,0.00,13.40,0.00,371.20,6131048,0,9269860,60.19,88380,6076984,4919708,31.94,5178600,3741748,208440,2754624,227688,6680,13404,30220,0,0,0.00,0,0.00,12,828,4.73,5.07,5.06,0,13.40,0.00,371.20,27.70,0.03,2.15,0.12,0.16,1.20,1.20,0.11,0.10,0.00,0.00,0.00,0.00
2017-09-20 23:02:59,95.25,0.00,4.65,0.00,0.00,0.00,0.10,0.00,0.00,0.00,8.20,3715.40,1874.00,0.00,0.00,0.80,2403.20,3907.20,0.00,4916.40,0.00,0.00,0.00,0.00,20.40,0.20,20.20,1.60,4806.40,5870688,0,9530220,61.88,88380,6175748,4965604,32.24,5249004,3932032,300620,2917512,227572,6848,13916,30220,0,0,0.00,0,0.00,5,843,5.07,5.13,5.09,0,20.40,1.60,4806.40,235.69,0.11,5.37,0.39,0.80,0.80,0.80,0.08,0.07,0.00,0.00,0.00,0.00
2017-09-20 23:03:04,92.80,0.00,6.90,0.00,0.05,0.00,0.20,0.00,0.00,0.05,2.80,4937.60,1870.20,0.00,0.00,0.00,2393.60,2049.40,0.00,4182.20,0.00,0.00,0.00,0.00,20.80,0.00,20.80,0.00,4787.20,5639300,0,9761608,63.38,88388,6323100,4991836,32.41,5429028,3983264,441292,3001340,227572,6928,14076,30220,0,0,0.00,0,0.00,8,855,4.99,5.11,5.08,0,20.80,0.00,4787.20,230.15,0.36,17.31,0.31,0.64,0.20,0.20,0.01,0.01,0.00,0.00,0.00,0.00
2017-09-20 23:03:09,93.91,0.00,5.69,0.00,0.05,0.00,0.35,0.00,0.00,0.00,1.20,5479.80,2387.60,0.00,0.00,0.00,64.80,2501.60,0.00,4696.00,0.00,0.00,0.00,0.00,4.40,0.00,4.40,0.00,129.60,5556140,0,9844768,63.92,88400,6399988,4990652,32.40,5438676,4056052,523272,3006356,227556,6984,14136,30220,0,0,0.00,0,0.00,5,860,5.23,5.16,5.10,0,4.40,0.00,129.60,29.45,0.00,0.00,0.00,0.00,0.40,0.40,0.04,0.03,0.00,0.00,0.00,0.00
2017-09-20 23:03:14,90.54,0.00,8.06,0.00,0.00,0.00,0.25,0.00,0.00,1.15,15.00,6836.00,2557.60,0.00,0.00,0.00,30.40,4494.60,0.00,39110.40,0.00,0.00,0.00,0.00,1.40,0.00,1.40,0.00,60.80,6115936,0,9284972,60.29,88424,6327612,4857528,31.54,4785368,4150268,456364,2520208,227732,6968,12508,30220,0,0,0.00,0,0.00,5,826,5.13,5.14,5.09,0,1.40,0.00,60.80,43.43,0.00,0.57,0.57,0.08,0.60,0.60,0.05,0.04,0.00,0.00,0.00,0.00
2017-09-20 23:03:19,93.70,0.00,6.00,0.00,0.05,0.00,0.20,0.00,0.00,0.05,2.60,5419.40,2355.60,0.00,0.00,0.00,64.00,8765.20,0.00,7136.20,0.00,0.00,0.00,0.00,1.20,0.00,1.20,0.00,128.00,5824536,0,9576372,62.18,88436,6388792,4889008,31.74,5017468,4207908,522832,2748744,227604,6752,13348,30220,0,0,0.00,0,0.00,8,835,5.36,5.19,5.11,0,1.20,0.00,128.00,106.67,0.00,0.00,0.00,0.00,1.20,1.20,0.11,0.10,0.00,0.00,0.00,0.00
2017-09-20 23:03:24,91.64,0.00,6.41,0.00,0.05,0.00,0.15,0.00,0.00,1.75,22.00,4238.40,2195.80,0.00,0.00,0.00,2414.40,8857.00,0.00,42902.20,0.00,0.00,0.00,0.00,21.60,0.00,21.60,0.00,4828.80,6125968,0,9274940,60.22,88460,6325396,4823468,31.32,4530676,4397048,459620,2513800,227344,6584,12724,30220,0,0,0.00,0,0.00,8,809,5.49,5.22,5.12,0,21.60,0.00,4828.80,223.56,0.34,15.89,0.33,0.72,0.80,0.80,0.08,0.07,0.00,0.00,0.00,0.00
2017-09-20 23:03:29,95.50,0.00,4.40,0.05,0.00,0.00,0.00,0.00,0.00,0.05,9.20,2913.40,2184.80,0.00,0.00,0.00,36838.40,7856.80,0.00,5750.80,0.00,0.00,0.00,0.00,301.80,0.00,301.80,0.00,73676.80,5740208,0,9660700,62.73,88476,6400172,4915136,31.91,4837500,4475608,357136,2824204,227556,6784,13480,30220,0,0,0.00,0,0.00,11,838,5.69,5.27,5.13,0,301.80,0.00,73676.80,244.12,15.41,51.05,0.42,12.56,1.60,1.60,0.15,0.13,0.00,0.00,0.00,0.00
2017-09-20 23:03:34,93.94,0.00,5.81,0.00,0.00,0.00,0.10,0.00,0.00,0.15,4.40,3676.60,2010.60,0.00,0.00,0.00,48.80,3733.00,0.00,4547.20,0.00,0.00,0.00,0.00,1.80,0.00,1.80,0.00,97.60,5434812,0,9966096,64.71,88488,6586800,4937836,32.06,5027568,4587608,549456,2940112,227540,6872,13872,30220,0,0,0.00,0,0.00,6,846,5.88,5.31,5.15,0,1.80,0.00,97.60,54.22,0.00,0.00,0.00,0.00,0.40,0.40,0.04,0.03,0.00,0.00,0.00,0.00
2017-09-20 23:03:39,94.56,0.00,5.19,0.00,0.10,0.00,0.10,0.00,0.00,0.05,2.80,5118.20,2309.40,0.00,0.00,0.00,36650.40,4906.60,0.00,5419.80,0.00,0.00,0.00,0.00,289.20,0.00,289.20,0.00,73300.80,5292668,0,10108240,65.63,88496,6654144,4954016,32.17,5118768,4639048,438660,3015816,227720,6960,14108,30220,0,0,0.00,0,0.00,7,857,5.97,5.34,5.16,0,289.20,0.00,73300.80,253.46,15.74,54.43,0.43,12.48,0.00,0.00,0.00,0.00,0.00,0.00,0.00,0.00
2017-09-20 23:03:44,91.75,0.00,7.80,0.00,0.05,0.00,0.35,0.00,0.00,0.05,1.00,6869.20,2553.80,0.00,0.00,0.00,24.00,66.20,0.00,4272.20,0.00,0.00,0.00,0.00,0.60,0.00,0.60,0.00,48.00,5205940,0,10194968,66.20,88500,6762204,4954016,32.17,5104760,4740824,551992,2995788,227712,7008,14092,30220,0,0,0.00,0,0.00,4,862,5.81,5.32,5.15,0,0.60,0.00,48.00,80.00,0.00,1.33,1.33,0.08,0.40,0.40,0.04,0.03,0.00,0.00,0.00,0.00
2017-09-20 23:03:49,78.01,0.00,8.10,0.00,0.05,0.00,0.25,0.00,0.00,13.59,5.60,6762.60,2341.60,0.00,0.00,0.00,68.80,621.60,0.00,38688.40,0.00,0.00,0.00,0.00,3.00,0.00,3.00,0.00,137.60,5797200,0,9603708,62.36,88508,6698760,4322228,28.06,4412368,4843640,493352,2470012,227352,6448,12160,30220,0,0,0.00,0,0.00,2,792,5.90,5.35,5.16,0,3.00,0.00,137.60,45.87,0.00,0.27,0.27,0.08,0.60,0.60,0.05,0.04,0.00,0.00,0.00,0.00
2017-09-20 23:03:54,25.28,0.00,3.18,0.10,0.10,0.00,0.10,0.00,0.00,71.24,12.80,3929.00,3124.00,0.00,0.00,0.00,102.40,1449.80,0.00,51415.20,0.00,0.00,0.00,0.00,8.40,0.00,8.40,0.00,204.80,6711720,0,8689188,56.42,88528,6567728,3268392,21.22,3463104,4883060,367436,1690192,226068,5696,8876,30220,0,0,0.00,0,0.00,1,638,5.59,5.29,5.14,0,8.40,0.00,204.80,24.38,0.01,0.76,0.76,0.64,1.60,1.60,0.17,0.13,0.00,0.00,0.00,0.00
2017-09-20 23:03:59,3.12,0.00,0.30,0.00,0.05,0.00,0.00,0.00,0.00,96.53,8.60,1093.20,823.00,0.00,0.00,0.00,67.20,2887.80,0.00,18527.40,0.00,0.00,0.00,0.00,1.80,0.00,1.80,0.00,134.40,7031036,0,8369872,54.35,88540,6544584,2909852,18.89,3168132,4861612,367484,1398812,225612,5048,7816,30220,0,0,0.00,0,0.00,1,618,5.14,5.20,5.12,0,1.80,0.00,134.40,74.67,0.00,1.33,0.44,0.08,0.00,0.00,0.00,0.00,0.00,0.00,0.00,0.00
