timestamp,cpu.%usr,cpu.%nice,cpu.%sys,cpu.%iowait,cpu.%steal,cpu.%irq,cpu.%soft,cpu.%guest,cpu.%gnice,cpu.%idle,task.proc/s,task.cswch/s,intr.intr/s,swap.pswpin/s,swap.pswpout/s,paging.pgpgin/s,paging.pgpgout/s,paging.fault/s,paging.majflt/s,paging.pgfree/s,paging.pgscank/s,paging.pgscand/s,paging.pgsteal/s,paging.%vmeff,io.tps,io.rtps,io.wtps,io.bread/s,io.bwrtn/s,memory.kbmemfree,memory.kbavail,memory.kbmemused,memory.%memused,memory.kbbuffers,memory.kbcached,memory.kbcommit,memory.%commit,memory.kbactive,memory.kbinact,memory.kbdirty,memory.kbanonpg,memory.kbslab,memory.kbkstack,memory.kbpgtbl,memory.kbvmused,swap.kbswpfree,swap.kbswpused,swap.%swpused,swap.kbswpcad,swap.%swpcad,load.runq-sz,load.plist-sz,load.ldavg-1,load.ldavg-5,load.ldavg-15,load.blocked,disk.tps,disk.rd_sec/s,disk.wr_sec/s,disk.avgrq-sz,disk.avgqu-sz,disk.await,disk.svctm,disk.%util,network.rxpck/s,network.txpck/s,network.rxkB/s,network.txkB/s,network.rxcmp/s,network.txcmp/s,network.rxmcst/s,network.%ifutil
2018-01-05 06:45:44,0.10,0.00,0.10,7.34,0.00,0.00,0.00,0.00,0.00,92.46,0.00,227.60,168.60,0.00,0.00,0.80,9251.20,9.00,0.00,15.00,0.00,0.00,0.00,0.00,40.80,0.20,40.60,1.60,10310.40,10254048,0,5404952,34.52,25676,4525268,1229668,7.85,1023124,4130472,1408032,602652,151072,1960,3416,31532,0,0,0.00,0,0.00,0,231,1.90,0.92,0.37,1,40.80,1.60,10310.40,252.75,19.61,257.96,3.65,14.88,1.40,2.60,0.11,0.44,0.00,0.00,0.00,0.00
2018-01-05 06:45:49,1.92,0.00,1.21,53.12,0.20,0.00,0.00,0.00,0.00,43.55,14.40,437.20,622.40,0.00,0.00,1.60,36678.40,7735.40,0.00,2471.40,0.00,0.00,0.00,0.00,289.00,0.40,288.60,3.20,73817.60,10249360,0,5409640,34.55,25692,4525300,1261032,8.05,1027444,4130488,1224648,606940,151028,1984,3928,31532,0,0,0.00,0,0.00,1,234,1.83,0.92,0.37,1,289.00,3.20,73817.60,255.44,138.61,507.49,3.46,100.00,7.60,9.20,1.51,1.67,0.00,0.00,0.00,0.00
2018-01-05 06:45:54,0.20,0.00,0.40,51.01,0.00,0.00,0.00,0.00,0.00,48.39,1.20,313.40,467.40,0.00,0.00,0.80,30399.20,37.80,0.00,63.00,0.00,0.00,0.00,0.00,249.20,0.20,249.00,1.60,61323.20,10248536,0,5410464,34.55,25704,4525492,1261032,8.05,1027764,4130656,1072956,607228,151028,1992,3928,31532,0,0,0.00,0,0.00,1,236,1.76,0.92,0.38,3,249.20,1.60,61323.20,246.09,139.87,461.28,4.01,100.00,19.40,18.40,64.25,30.98,0.00,0.00,0.00,0.00
2018-01-05 06:45:59,0.10,0.00,0.30,54.68,0.20,0.00,0.00,0.00,0.00,44.71,0.00,249.00,425.40,0.00,0.00,2.40,35815.20,7.60,0.00,71.20,0.00,0.00,0.00,0.00,281.20,0.60,280.60,4.80,71771.20,10248136,0,5410864,34.55,25720,4525840,1261032,8.05,1027688,4130972,894276,607096,151012,1984,3928,31532,0,0,0.00,0,0.00,0,234,1.70,0.92,0.38,1,281.40,4.80,71822.40,255.25,135.11,553.08,3.55,100.00,9.40,11.20,25.07,59.78,0.00,0.00,0.00,0.00
2018-01-05 06:46:04,0.10,0.00,0.20,52.12,0.10,0.00,0.00,0.00,0.00,47.48,0.00,251.40,435.60,0.00,0.00,2.40,38516.00,7.80,0.00,19.40,0.00,0.00,0.00,0.00,301.00,0.60,300.40,4.80,76827.20,10248136,0,5410864,34.55,25752,4525884,1261032,8.05,1027744,4130992,701876,607096,151012,1984,3928,31532,0,0,0.00,0,0.00,0,234,1.64,0.92,0.38,1,300.80,4.80,76776.00,255.26,137.57,425.57,3.32,100.00,2.40,3.80,0.17,0.76,0.00,0.00,0.00,0.00
2018-01-05 06:46:09,0.00,0.00,0.20,52.88,0.10,0.00,0.00,0.00,0.00,46.81,0.00,266.00,470.00,0.00,0.00,1.60,42002.40,7.20,0.00,16.60,0.00,0.00,0.00,0.00,329.20,0.40,328.80,3.20,84107.20,10248136,0,5410864,34.55,25788,4525908,1261032,8.05,1027788,4131008,492128,607096,151012,1984,3928,31532,0,0,0.00,0,0.00,0,234,1.59,0.92,0.39,1,329.20,3.20,84107.20,255.50,138.43,442.29,3.04,100.08,2.20,3.60,0.17,0.76,0.00,0.00,0.00,0.00
2018-01-05 06:46:14,82.48,0.00,3.63,10.37,0.10,0.00,0.00,0.00,0.00,3.42,19.20,1218.80,1358.40,0.00,0.00,0.80,40732.00,11435.00,0.00,4428.00,0.00,0.00,0.00,0.00,317.80,0.20,317.60,1.60,81243.20,10000240,0,5658760,36.14,25832,4526528,1829020,11.68,1273072,4131420,289080,852140,152232,2360,5092,31532,0,0,0.00,0,0.00,7,277,1.70,0.96,0.40,1,317.80,1.60,81243.20,255.65,136.60,433.84,3.15,100.00,44.80,51.60,5.04,199.74,0.00,0.00,0.00,0.00
2018-01-05 06:46:19,75.92,0.00,3.10,19.78,0.00,0.00,0.10,0.00,0.00,1.10,5.60,1627.40,1020.80,0.00,0.00,14.40,42968.80,1781.80,0.00,912.60,0.00,0.00,0.00,0.00,345.40,2.60,342.80,27.20,87617.60,9756760,0,5902240,37.69,25876,4525928,1829020,11.68,1517072,4129924,74944,1095180,152368,2472,5700,31532,0,0,0.00,0,0.00,3,295,1.81,0.99,0.41,1,345.40,27.20,87617.60,253.75,131.83,383.39,2.90,100.00,7.40,10.80,3.23,1.58,0.00,0.00,0.00,0.00
2018-01-05 06:46:24,98.40,0.00,1.50,0.00,0.00,0.00,0.10,0.00,0.00,0.00,0.00,2047.20,852.20,0.00,0.00,0.80,14693.60,101.60,0.00,493.80,0.00,0.00,0.00,0.00,139.00,0.40,138.60,3.20,35096.00,9755296,0,5903704,37.70,25888,4520848,1829020,11.68,1523128,4125020,1624,1101412,152212,2432,5720,31532,0,0,0.00,0,0.00,2,290,1.82,1.01,0.42,0,139.00,3.20,35096.00,252.51,48.57,392.06,3.03,42.16,3.60,6.20,0.27,1.32,0.00,0.00,0.00,0.00
2018-01-05 06:46:29,99.30,0.00,0.70,0.00,0.00,0.00,0.00,0.00,0.00,0.00,0.00,820.40,758.60,0.00,0.00,0.00,160.00,57.60,0.00,350.60,0.00,0.00,0.00,0.00,7.80,0.00,7.80,0.00,320.00,9759824,0,5899176,37.67,25896,4515788,1829020,11.68,1522520,4120248,968,1101080,152136,2416,5728,31532,0,0,0.00,0,0.00,5,288,1.84,1.02,0.43,0,7.80,0.00,320.00,41.03,0.00,0.41,0.10,0.08,3.20,5.60,0.24,1.38,0.00,0.00,0.00,0.00
2018-01-05 06:46:34,98.70,0.00,1.00,0.00,0.00,0.00,0.30,0.00,0.00,0.00,0.00,1123.00,1028.60,0.00,0.00,0.00,9.60,19.40,0.00,371.40,0.00,0.00,0.00,0.00,0.40,0.00,0.40,0.00,19.20,9766244,0,5892756,37.63,25904,4510696,1829020,11.68,1520924,4115448,1036,1099768,152128,2408,5732,31532,0,0,0.00,0,0.00,3,287,1.93,1.06,0.44,0,0.40,0.00,19.20,48.00,0.00,0.00,0.00,0.00,2.80,4.60,0.21,1.14,0.00,0.00,0.00,0.00
2018-01-05 06:46:39,98.60,0.00,1.10,0.00,0.00,0.00,0.20,0.00,0.00,0.10,0.00,1441.60,962.80,0.00,0.00,0.00,8.00,15.80,0.00,315.80,0.00,0.00,0.00,0.00,0.40,0.00,0.40,0.00,16.00,9771320,0,5887680,37.60,25912,4505648,1829020,11.68,1520728,4110652,1108,1099816,152088,2400,5732,31532,0,0,0.00,0,0.00,2,286,1.94,1.07,0.45,0,0.40,0.00,16.00,40.00,0.00,12.00,12.00,0.48,3.00,5.20,0.24,1.44,0.00,0.00,0.00,0.00
2018-01-05 06:46:44,99.30,0.00,0.60,0.00,0.00,0.00,0.10,0.00,0.00,0.00,0.00,991.40,773.80,0.00,0.00,0.00,136.00,21.60,0.00,319.60,0.00,0.00,0.00,0.00,7.60,0.00,7.60,0.00,272.00,9776864,0,5882136,37.56,25920,4500592,1829020,11.68,1520492,4105844,660,1099820,151872,2384,5732,31532,0,0,0.00,0,0.00,3,284,2.10,1.12,0.47,0,7.60,0.00,272.00,35.79,0.00,0.42,0.21,0.16,3.20,5.60,0.26,1.64,0.00,0.00,0.00,0.00
2018-01-05 06:46:49,87.16,0.00,1.60,0.10,0.10,0.00,0.00,0.00,0.00,11.03,14.60,1275.40,981.60,0.00,0.00,0.00,84.00,5035.20,0.00,25941.40,0.00,0.00,0.00,0.00,2.20,0.00,2.20,0.00,168.00,10217372,0,5441628,34.75,25940,4495228,1766492,11.28,1088428,4100740,560,667996,151208,2120,4480,31532,0,0,0.00,0,0.00,5,265,2.09,1.14,0.48,0,2.20,0.00,168.00,76.36,0.00,0.00,0.00,0.00,14.00,16.20,2.29,2.70,0.00,0.00,0.00,0.00
2018-01-05 06:46:54,97.00,0.00,3.00,0.00,0.00,0.00,0.00,0.00,0.00,0.00,3.20,1096.80,733.60,0.00,0.00,0.00,60.80,6064.00,0.00,3946.00,0.00,0.00,0.00,0.00,1.40,0.00,1.40,0.00,121.60,10014864,0,5644136,36.04,25952,4490392,1797072,11.48,1293208,4096072,744,872992,151480,2312,5256,31532,0,0,0.00,0,0.00,6,277,2.25,1.18,0.50,0,1.40,0.00,121.60,86.86,0.00,0.57,0.57,0.08,5.80,8.40,0.66,1.42,0.00,0.00,0.00,0.00
2018-01-05 06:46:59,96.99,0.00,2.61,0.00,0.00,0.00,0.20,0.00,0.00,0.20,5.20,1949.40,1069.40,0.00,0.00,853.60,10.40,1978.00,0.00,1408.60,0.00,0.00,0.00,0.00,10.80,10.00,0.80,1707.20,20.80,9784840,0,5874160,37.51,25960,4489536,1797072,11.48,1523096,4095480,744,1103076,151688,2440,5732,31532,0,0,0.00,0,0.00,3,291,2.47,1.25,0.52,0,10.80,1707.20,20.80,160.00,0.04,3.33,0.37,0.40,9.00,12.60,3.40,1.85,0.00,0.00,0.00,0.00
2018-01-05 06:47:04,98.70,0.00,1.10,0.00,0.00,0.00,0.20,0.00,0.00,0.00,0.00,1086.40,834.20,0.00,0.00,0.80,148.00,52.40,0.00,318.60,0.00,0.00,0.00,0.00,12.40,0.20,12.20,1.60,296.00,9790508,0,5868492,37.48,25960,4484452,1797072,11.48,1522588,4090684,84,1102740,151564,2440,5732,31532,0,0,0.00,0,0.00,5,291,2.67,1.31,0.55,0,12.40,1.60,296.00,24.00,0.06,4.77,2.39,2.96,2.80,5.00,0.23,1.42,0.00,0.00,0.00,0.00
2018-01-05 06:47:09,98.60,0.00,1.20,0.00,0.00,0.00,0.20,0.00,0.00,0.00,0.00,1713.60,1203.40,0.00,0.00,0.00,19.20,680.40,0.00,944.60,0.00,0.00,0.00,0.00,0.40,0.00,0.40,0.00,38.40,9794328,0,5864672,37.45,25972,4479400,1797072,11.48,1523380,4085740,248,1103744,151432,2424,5740,31532,0,0,0.00,0,0.00,3,289,2.70,1.34,0.56,0,0.40,0.00,38.40,96.00,0.01,14.00,14.00,0.56,3.40,5.60,0.24,1.20,0.00,0.00,0.00,0.00
2018-01-05 06:47:14,99.10,0.00,0.80,0.00,0.00,0.00,0.10,0.00,0.00,0.00,0.00,1261.20,969.00,0.00,0.00,0.00,8.00,15.60,0.00,306.60,0.00,0.00,0.00,0.00,0.40,0.00,0.40,0.00,16.00,9799140,0,5859860,37.42,25980,4474344,1797072,11.48,1523008,4080996,316,1103676,151344,2424,5740,31532,0,0,0.00,0,0.00,3,289,2.64,1.35,0.57,0,0.40,0.00,16.00,40.00,0.00,2.00,2.00,0.08,2.80,4.80,0.22,1.33,0.00,0.00,0.00,0.00
2018-01-05 06:47:19,99.30,0.00,0.60,0.00,0.00,0.00,0.10,0.00,0.00,0.00,0.00,978.00,764.20,0.00,0.00,0.00,67.20,15.00,0.00,298.80,0.00,0.00,0.00,0.00,4.20,0.00,4.20,0.00,134.40,9804664,0,5854336,37.39,25988,4469328,1797072,11.48,1522840,4076232,104,1103716,151192,2424,5740,31532,0,0,0.00,0,0.00,6,289,2.67,1.38,0.58,0,4.20,0.00,134.40,32.00,0.00,0.00,0.00,0.00,2.60,4.40,0.20,1.13,0.00,0.00,0.00,0.00
2018-01-05 06:47:24,97.80,0.00,1.10,0.00,0.00,0.00,0.10,0.00,0.00,1.00,7.00,1120.40,824.20,0.00,0.00,0.00,16.00,2205.20,0.00,12790.80,0.00,0.00,0.00,0.00,0.40,0.00,0.40,0.00,32.00,10030940,0,5628060,35.94,26000,4464028,1790316,11.43,1302304,4071340,248,883476,151164,2368,5152,31532,0,0,0.00,0,0.00,3,277,2.62,1.39,0.59,0,0.40,0.00,32.00,80.00,0.00,2.00,2.00,0.08,9.40,12.20,1.34,2.58,0.00,0.00,0.00,0.00
2018-01-05 06:47:29,96.20,0.00,3.20,0.00,0.00,0.00,0.10,0.00,0.00,0.50,11.20,1399.20,904.60,0.00,0.00,0.00,26.40,8121.40,0.00,15298.60,0.00,0.00,0.00,0.00,1.00,0.00,1.00,0.00,52.80,10049280,0,5609720,35.82,26024,4458996,1803160,11.52,1289684,4066500,600,871100,151064,2320,5180,31532,0,0,0.00,0,0.00,2,279,2.89,1.46,0.62,0,1.00,0.00,52.80,52.80,0.00,0.80,0.80,0.08,13.60,15.20,1.81,2.20,0.00,0.00,0.00,0.00
2018-01-05 06:47:34,97.20,0.00,2.50,0.00,0.00,0.00,0.10,0.00,0.00,0.20,4.40,1934.80,1190.40,0.00,0.00,409.60,30.40,1289.40,0.00,885.20,0.00,0.00,0.00,0.00,4.00,3.20,0.80,819.20,60.80,9816252,0,5842748,37.31,26036,4456108,1803160,11.52,1523720,4063740,788,1105484,150976,2456,5740,31532,0,0,0.00,0,0.00,8,293,3.14,1.54,0.65,0,4.00,819.20,60.80,220.00,0.01,3.40,0.40,0.16,9.80,14.00,3.56,2.27,0.00,0.00,0.00,0.00
2018-01-05 06:47:39,98.50,0.00,1.30,0.00,0.00,0.00,0.20,0.00,0.00,0.00,0.00,1432.20,1004.20,0.00,0.00,0.00,12.80,66.40,0.00,373.80,0.00,0.00,0.00,0.00,0.40,0.00,0.40,0.00,25.60,9818660,0,5840340,37.30,26044,4450972,1803160,11.52,1526876,4058912,812,1108876,150872,2456,5748,31532,0,0,0.00,0,0.00,5,293,3.20,1.58,0.67,0,0.40,0.00,25.60,64.00,0.00,2.00,2.00,0.08,3.20,5.40,0.25,1.35,0.00,0.00,0.00,0.00
2018-01-05 06:47:44,98.90,0.00,0.90,0.00,0.00,0.00,0.20,0.00,0.00,0.00,0.00,1672.00,1065.40,0.00,0.00,0.00,8.00,41.20,0.00,310.40,0.00,0.00,0.00,0.00,0.40,0.00,0.40,0.00,16.00,9823572,0,5835428,37.27,26052,4445916,1803160,11.52,1526968,4054232,876,1109124,150868,2440,5752,31532,0,0,0.00,0,0.00,4,291,3.11,1.59,0.67,0,0.40,0.00,16.00,40.00,0.00,12.00,12.00,0.48,3.00,5.00,0.22,1.09,0.00,0.00,0.00,0.00
2018-01-05 06:47:49,99.10,0.00,0.80,0.00,0.00,0.00,0.10,0.00,0.00,0.00,0.00,1147.80,769.60,0.00,0.00,0.00,16.80,13.20,0.00,299.40,0.00,0.00,0.00,0.00,0.80,0.00,0.80,0.00,33.60,9828232,0,5830768,37.24,26060,4440860,1803160,11.52,1526708,4049412,928,1109140,150716,2440,5752,31532,0,0,0.00,0,0.00,4,291,3.02,1.59,0.68,0,0.80,0.00,33.60,42.00,0.00,1.00,1.00,0.08,3.00,5.20,0.24,1.44,0.00,0.00,0.00,0.00
2018-01-05 06:47:54,99.40,0.00,0.60,0.00,0.00,0.00,0.00,0.00,0.00,0.00,0.00,942.80,693.20,0.00,0.00,0.00,75.20,13.20,0.00,291.20,0.00,0.00,0.00,0.00,5.60,0.00,5.60,0.00,150.40,9833228,0,5825772,37.20,26072,4435784,1803160,11.52,1526504,4044596,604,1109200,150652,2440,5752,31532,0,0,0.00,0,0.00,3,291,2.94,1.60,0.69,0,5.60,0.00,150.40,26.86,0.00,0.14,0.14,0.08,3.20,5.40,0.25,1.45,0.00,0.00,0.00,0.00
2018-01-05 06:47:59,99.10,0.00,0.80,0.00,0.00,0.00,0.10,0.00,0.00,0.00,0.00,947.20,725.80,0.00,0.00,0.00,59.20,22.20,0.00,313.20,0.00,0.00,0.00,0.00,7.40,0.00,7.40,0.00,118.40,9838784,0,5820216,37.17,26080,4430716,1803160,11.52,1526288,4039788,536,1109220,150588,2424,5752,31532,0,0,0.00,0,0.00,4,289,2.86,1.61,0.69,0,7.40,0.00,118.40,16.00,0.01,1.95,1.95,1.44,2.80,4.80,0.22,1.33,0.00,0.00,0.00,0.00
2018-01-05 06:48:04,88.47,0.00,3.31,0.00,0.00,0.00,0.00,0.00,0.00,8.22,15.40,1598.40,965.60,0.00,0.00,0.00,88.00,9917.00,0.00,29290.40,0.00,0.00,0.00,0.00,8.20,0.00,8.20,0.00,176.00,10113968,0,5545032,35.41,26100,4425356,1806500,11.54,1257556,4034632,80,840812,150556,2280,5052,31532,0,0,0.00,0,0.00,2,273,2.79,1.61,0.70,0,8.20,0.00,176.00,21.46,0.02,1.85,0.68,0.56,23.80,26.00,3.28,4.44,0.00,0.00,0.00,0.00
2018-01-05 06:48:09,97.39,0.00,2.20,0.00,0.00,0.00,0.20,0.00,0.00,0.20,6.00,1519.40,939.40,0.00,0.00,0.00,36.80,1655.00,0.00,521.40,0.00,0.00,0.00,0.00,0.80,0.00,0.80,0.00,73.60,9855328,0,5803672,37.06,26112,4420496,1806500,11.54,1517520,4030160,520,1103088,150552,2456,5716,31532,0,0,0.00,0,0.00,7,293,2.73,1.62,0.71,0,0.80,0.00,73.60,92.00,0.00,2.00,1.00,0.08,9.40,14.00,3.58,2.04,0.00,0.00,0.00,0.00
2018-01-05 06:48:14,98.40,0.00,1.40,0.00,0.00,0.00,0.20,0.00,0.00,0.00,0.00,1597.40,1196.60,0.00,0.00,0.00,114.40,41.00,0.00,676.80,0.00,0.00,0.00,0.00,7.60,0.00,7.60,0.00,228.80,9856772,0,5802228,37.05,26120,4416376,1806500,11.54,1522400,4025356,80,1105276,150480,2456,5720,31532,0,0,0.00,0,0.00,3,293,2.83,1.66,0.73,0,7.60,0.00,228.80,30.11,0.01,1.26,1.26,0.96,3.00,5.00,0.23,1.17,0.00,0.00,0.00,0.00
2018-01-05 06:48:19,99.00,0.00,0.90,0.00,0.00,0.00,0.10,0.00,0.00,0.00,0.00,1253.60,876.80,0.00,0.00,0.00,15.20,92.80,0.00,410.20,0.00,0.00,0.00,0.00,0.40,0.00,0.40,0.00,30.40,9862664,0,5796336,37.02,26128,4411320,1806500,11.54,1521564,4020508,216,1104620,150376,2440,5728,31532,0,0,0.00,0,0.00,3,291,2.93,1.70,0.74,0,0.40,0.00,30.40,76.00,0.00,0.00,0.00,0.00,3.60,6.20,0.27,1.50,0.00,0.00,0.00,0.00
2018-01-05 06:48:24,99.20,0.00,0.70,0.00,0.00,0.00,0.10,0.00,0.00,0.00,0.00,833.60,819.60,0.00,0.00,0.00,7.20,12.80,0.00,292.20,0.00,0.00,0.00,0.00,0.40,0.00,0.40,0.00,14.40,9865840,0,5793160,37.00,26136,4406252,1806500,11.54,1523512,4015620,268,1106756,150308,2440,5728,31532,0,0,0.00,0,0.00,2,291,2.85,1.70,0.75,0,0.40,0.00,14.40,36.00,0.00,0.00,0.00,0.00,5.20,7.00,0.43,1.75,0.00,0.00,0.00,0.00
2018-01-05 06:48:29,98.80,0.00,0.90,0.00,0.00,0.00,0.30,0.00,0.00,0.00,0.00,1138.60,1060.40,0.00,0.00,0.00,68.00,17.40,0.00,305.00,0.00,0.00,0.00,0.00,4.20,0.00,4.20,0.00,136.00,9870932,0,5788068,36.96,26144,4401180,1806500,11.54,1523184,4010932,132,1106788,150148,2440,5728,31532,0,0,0.00,0,0.00,4,291,2.94,1.74,0.77,0,4.20,0.00,136.00,32.38,0.00,0.19,0.19,0.08,3.00,5.00,0.23,1.34,0.00,0.00,0.00,0.00
2018-01-05 06:48:34,99.00,0.00,0.70,0.00,0.00,0.00,0.20,0.00,0.00,0.10,0.00,915.00,956.80,0.00,0.00,0.00,53.60,21.60,0.00,311.40,0.00,0.00,0.00,0.00,4.80,0.00,4.80,0.00,107.20,9876256,0,5782744,36.93,26156,4396124,1806500,11.54,1522860,4006204,144,1106780,150052,2424,5728,31532,0,0,0.00,0,0.00,3,289,2.87,1.75,0.77,0,4.80,0.00,107.20,22.33,0.00,0.00,0.00,0.00,3.20,5.60,0.26,1.59,0.00,0.00,0.00,0.00
2018-01-05 06:48:39,91.59,0.00,3.40,0.00,0.00,0.00,0.00,0.00,0.00,5.01,15.40,1561.00,988.40,0.00,0.00,0.00,36.00,9479.20,0.00,27857.00,0.00,0.00,0.00,0.00,1.20,0.00,1.20,0.00,72.00,10147736,0,5511264,35.20,26180,4390788,1791092,11.44,1258532,4001200,512,842772,149732,2280,4984,31532,0,0,0.00,0,0.00,5,272,2.96,1.78,0.79,0,1.20,0.00,72.00,60.00,0.00,0.00,0.00,0.00,24.60,26.20,3.36,4.01,0.00,0.00,0.00,0.00
2018-01-05 06:48:44,93.17,0.00,2.01,0.00,0.00,0.00,0.20,0.00,0.00,4.62,7.20,1556.40,1076.40,0.00,0.00,78.40,105.60,2039.60,0.00,752.40,0.00,0.00,0.00,0.00,16.60,4.80,11.80,156.80,211.20,9984708,0,5674292,36.24,26180,4386392,1822324,11.64,1424256,3996984,332,1008664,150052,2496,5512,31532,0,0,0.00,0,0.00,1,298,3.12,1.84,0.81,0,16.60,156.80,211.20,22.17,0.03,2.02,1.11,1.84,41.20,45.40,10.78,5.56,0.00,0.00,0.00,0.00
2018-01-05 06:48:49,62.68,0.00,0.80,0.20,0.20,0.00,0.30,0.00,0.00,35.81,0.00,1235.80,1176.00,0.00,0.00,0.00,24.80,160.60,0.00,518.80,0.00,0.00,0.00,0.00,0.40,0.00,0.40,0.00,49.60,9990576,0,5668424,36.20,26188,4381316,1822324,11.64,1422548,3992208,492,1007248,149892,2496,5520,31532,0,0,0.00,0,0.00,2,298,2.95,1.82,0.81,0,0.40,0.00,49.60,124.00,0.01,14.00,14.00,0.56,5.80,9.00,0.71,1.96,0.00,0.00,0.00,0.00
2018-01-05 06:48:54,62.68,0.00,0.91,0.00,0.00,0.00,0.20,0.00,0.00,36.22,0.00,1121.60,1027.20,0.00,0.00,0.00,7.20,39.80,0.00,824.40,0.00,0.00,0.00,0.00,0.40,0.00,0.40,0.00,14.40,9990940,0,5668060,36.20,26196,4376252,1822324,11.64,1426596,3987444,556,1011592,149892,2488,5520,31532,0,0,0.00,0,0.00,2,297,2.80,1.81,0.82,0,0.40,0.00,14.40,36.00,0.00,0.00,0.00,0.00,5.20,8.20,0.58,1.82,0.00,0.00,0.00,0.00
2018-01-05 06:48:59,52.01,0.00,0.30,0.00,0.10,0.00,0.00,0.00,0.00,47.59,0.00,630.40,677.00,0.00,0.00,0.00,7.20,14.40,0.00,303.60,0.00,0.00,0.00,0.00,0.40,0.00,0.40,0.00,14.40,9996408,0,5662592,36.16,26204,4371172,1822324,11.64,1426292,3982656,596,1011584,149720,2480,5520,31532,0,0,0.00,0,0.00,2,296,2.65,1.80,0.82,0,0.40,0.00,14.40,36.00,0.00,0.00,0.00,0.00,7.00,10.20,0.80,2.36,0.00,0.00,0.00,0.00
2018-01-05 06:49:04,75.10,0.00,2.90,0.00,0.10,0.00,0.10,0.00,0.00,21.80,11.20,1185.40,1151.00,0.00,0.00,0.00,8.80,6277.60,0.00,14945.40,0.00,0.00,0.00,0.00,0.60,0.00,0.60,0.00,17.60,9998000,0,5661000,36.15,26216,4366040,1850820,11.82,1430692,3978044,712,1016348,149564,2472,5524,31532,0,0,0.00,0,0.00,4,298,2.68,1.82,0.83,0,0.60,0.00,17.60,29.33,0.00,0.00,0.00,0.00,26.40,31.00,4.84,4.74,0.00,0.00,0.00,0.00
2018-01-05 06:49:09,70.67,0.00,0.50,0.00,0.00,0.00,0.00,0.00,0.00,28.83,0.00,1255.00,1118.80,0.00,0.00,0.00,26.40,134.40,0.00,994.80,0.00,0.00,0.00,0.00,0.60,0.00,0.60,0.00,52.80,10005564,0,5653436,36.10,26228,4360952,1850820,11.82,1426768,3973268,788,1012928,149584,2496,5528,31532,0,0,0.00,0,0.00,2,298,2.71,1.83,0.84,0,0.60,0.00,52.80,88.00,0.00,0.00,0.00,0.00,7.80,10.60,0.92,2.02,0.00,0.00,0.00,0.00
2018-01-05 06:49:14,60.20,0.00,0.81,0.00,0.10,0.00,0.20,0.00,0.00,38.69,0.00,1237.80,1256.60,0.00,0.00,0.00,36.00,45.40,0.00,860.80,0.00,0.00,0.00,0.00,1.40,0.00,1.40,0.00,72.00,10016760,0,5642240,36.03,26240,4355936,1850820,11.82,1419952,3968560,752,1006348,149528,2496,5528,31532,0,0,0.00,0,0.00,1,297,2.57,1.82,0.84,0,1.40,0.00,72.00,51.43,0.00,0.00,0.00,0.00,8.20,11.40,0.95,2.38,0.00,0.00,0.00,0.00
2018-01-05 06:49:19,57.16,0.00,0.50,0.00,0.10,0.00,0.30,0.00,0.00,41.94,0.20,1120.60,1072.60,0.00,0.00,0.00,92.80,44.00,0.00,373.80,0.00,0.00,0.00,0.00,6.00,0.00,6.00,0.00,185.60,10021128,0,5637872,36.00,26248,4350868,1850820,11.82,1420940,3963836,348,1007736,149360,2488,5528,31532,0,0,0.00,0,0.00,2,296,2.44,1.81,0.84,0,6.00,0.00,185.60,30.93,0.01,1.60,0.80,0.48,9.60,12.60,0.88,9.50,0.00,0.00,0.00,0.00
2018-01-05 06:49:24,60.20,0.00,1.51,0.00,0.10,0.00,0.00,0.00,0.00,38.19,8.00,950.20,915.80,0.00,0.00,0.00,22.40,4606.80,0.00,14641.00,0.00,0.00,0.00,0.00,0.80,0.00,0.80,0.00,44.80,10158772,0,5500228,35.13,26260,4345644,1794532,11.46,1289860,3958952,312,876976,148984,2408,5132,31532,0,0,0.00,0,0.00,3,288,2.33,1.79,0.84,0,0.80,0.00,44.80,56.00,0.00,0.00,0.00,0.00,19.00,22.20,2.51,3.71,0.00,0.00,0.00,0.00
2018-01-05 06:49:29,82.51,0.00,2.02,0.20,0.10,0.00,0.20,0.00,0.00,14.96,3.20,1478.00,1261.80,0.00,0.00,0.00,26.40,2809.60,0.00,1823.20,0.00,0.00,0.00,0.00,0.60,0.00,0.60,0.00,52.80,10017464,0,5641536,36.03,26272,4340668,1825120,11.66,1434028,3954364,532,1021388,148916,2496,5544,31532,0,0,0.00,0,0.00,2,298,2.38,1.81,0.85,0,0.60,0.00,52.80,88.00,0.01,9.33,9.33,0.56,7.40,11.80,2.11,2.26,0.00,0.00,0.00,0.00
2018-01-05 06:49:34,62.20,0.00,0.40,0.00,0.10,0.00,0.20,0.00,0.00,37.10,0.00,1035.20,1092.00,0.00,0.00,0.00,19.20,43.80,0.00,356.20,0.00,0.00,0.00,0.00,1.00,0.00,1.00,0.00,38.40,10023664,0,5635336,35.99,26284,4335596,1825120,11.66,1432948,3949640,568,1020792,148800,2496,5548,31532,0,0,0.00,0,0.00,2,298,2.43,1.83,0.87,0,1.00,0.00,38.40,38.40,0.00,4.80,4.80,0.48,10.20,13.20,1.18,2.53,0.00,0.00,0.00,0.00
2018-01-05 06:49:39,58.17,0.00,0.60,0.00,0.00,0.00,0.10,0.00,0.00,41.13,0.00,1004.20,1040.80,0.00,0.00,0.00,14.40,21.00,0.00,308.40,0.00,0.00,0.00,0.00,0.60,0.00,0.60,0.00,28.80,10028616,0,5630384,35.96,26292,4330536,1825120,11.66,1432736,3944900,608,1020760,148732,2488,5548,31532,0,0,0.00,0,0.00,2,297,2.32,1.82,0.87,0,0.60,0.00,28.80,48.00,0.00,0.00,0.00,0.00,13.00,16.20,1.61,2.82,0.00,0.00,0.00,0.00
2018-01-05 06:49:44,53.37,0.00,0.40,0.00,0.10,0.00,0.10,0.00,0.00,46.03,0.80,751.40,786.40,0.00,0.00,0.00,20.80,37.60,0.00,1025.40,0.00,0.00,0.00,0.00,1.00,0.00,1.00,0.00,41.60,10033680,0,5625320,35.92,26300,4325472,1825120,11.66,1432560,3940140,656,1021012,148648,2472,5548,31532,0,0,0.00,0,0.00,3,298,2.21,1.81,0.87,0,1.00,0.00,41.60,41.60,0.00,0.00,0.00,0.00,7.00,10.20,0.80,2.37,0.00,0.00,0.00,0.00
2018-01-05 06:49:49,79.74,0.00,2.72,0.00,0.00,0.00,0.10,0.00,0.00,17.44,10.40,1265.20,1212.00,0.00,0.00,0.00,21.60,6336.60,0.00,15763.00,0.00,0.00,0.00,0.00,0.80,0.00,0.80,0.00,43.20,10053156,0,5605844,35.80,26312,4320388,1826836,11.67,1417864,3935440,656,1006604,148608,2488,5520,31532,0,0,0.00,0,0.00,5,297,2.11,1.79,0.87,0,0.80,0.00,43.20,54.00,0.00,3.00,3.00,0.24,25.20,29.60,4.45,5.50,0.00,0.00,0.00,0.00
2018-01-05 06:49:54,67.54,0.00,1.01,0.00,0.20,0.00,0.20,0.00,0.00,31.06,0.00,1090.60,1055.00,0.00,0.00,0.00,83.20,623.00,0.00,1489.40,0.00,0.00,0.00,0.00,5.00,0.00,5.00,0.00,166.40,10055540,0,5603460,35.78,26324,4315304,1826836,11.67,1420096,3930708,368,1009160,148492,2488,5532,31532,0,0,0.00,0,0.00,2,297,2.02,1.78,0.87,0,5.00,0.00,166.40,33.28,0.00,0.16,0.16,0.08,5.20,8.20,0.59,1.86,0.00,0.00,0.00,0.00
2018-01-05 06:49:59,58.77,0.00,0.81,0.00,0.00,0.00,0.20,0.00,0.00,40.22,0.00,1252.40,1227.80,0.00,0.00,0.00,26.40,24.20,0.00,308.60,0.00,0.00,0.00,0.00,1.40,0.00,1.40,0.00,52.80,10060252,0,5598748,35.75,26332,4310240,1826836,11.67,1419980,3925972,404,1009324,148444,2480,5532,31532,0,0,0.00,0,0.00,1,296,1.94,1.77,0.87,0,1.40,0.00,52.80,37.71,0.01,8.00,8.00,1.12,5.20,8.20,0.58,1.91,0.00,0.00,0.00,0.00
2018-01-05 06:50:04,56.63,0.00,0.60,0.00,0.10,0.00,0.20,0.00,0.00,42.47,0.00,902.00,867.20,0.00,0.00,0.00,12.80,15.40,0.00,307.40,0.00,0.00,0.00,0.00,0.40,0.00,0.40,0.00,25.60,10065648,0,5593352,35.72,26344,4305172,1826836,11.67,1419676,3921236,472,1009352,148380,2472,5532,31532,0,0,0.00,0,0.00,2,295,1.87,1.75,0.87,0,0.40,0.00,25.60,64.00,0.00,2.00,2.00,0.08,11.00,14.40,1.33,2.92,0.00,0.00,0.00,0.00
2018-01-05 06:50:09,67.50,0.00,1.91,0.00,0.10,0.00,0.00,0.00,0.00,30.49,8.60,937.20,982.60,0.00,0.00,0.00,110.40,5661.20,0.00,14953.40,0.00,0.00,0.00,0.00,7.60,0.00,7.60,0.00,220.80,10187792,0,5471208,34.94,26360,4300936,1821948,11.64,1304132,3916376,200,893232,148244,2408,5248,31532,0,0,0.00,0,0.00,3,290,1.80,1.74,0.87,0,7.60,0.00,220.80,29.05,0.02,2.84,2.21,1.68,22.60,26.40,2.91,4.27,0.00,0.00,0.00,0.00
2018-01-05 06:50:14,73.39,0.00,1.71,0.00,0.10,0.00,0.30,0.00,0.00,24.50,2.60,1425.40,1296.40,0.00,0.00,0.00,28.80,684.00,0.00,781.20,0.00,0.00,0.00,0.00,0.80,0.00,0.80,0.00,57.60,10077856,0,5581144,35.64,26372,4295960,1821948,11.64,1417216,3911776,496,1006676,148228,2488,5524,31532,0,0,0.00,0,0.00,2,297,1.89,1.76,0.88,0,0.80,0.00,57.60,72.00,0.00,2.00,1.00,0.08,12.00,15.80,2.65,2.66,0.00,0.00,0.00,0.00
2018-01-05 06:50:19,62.10,0.00,0.50,0.00,0.10,0.00,0.20,0.00,0.00,37.10,0.20,1071.60,1055.80,0.00,0.00,0.00,11.20,45.40,0.00,307.20,0.00,0.00,0.00,0.00,0.40,0.00,0.40,0.00,22.40,10082204,0,5576796,35.61,26380,4290888,1821948,11.64,1417296,3907064,544,1007092,148132,2488,5524,31532,0,0,0.00,0,0.00,2,297,1.82,1.75,0.88,0,0.40,0.00,22.40,56.00,0.00,2.00,2.00,0.08,13.00,15.80,1.40,7.08,0.00,0.00,0.00,0.00
2018-01-05 06:50:24,57.21,0.00,0.61,0.00,0.00,0.00,0.10,0.00,0.00,42.08,0.00,916.40,882.40,0.00,0.00,0.00,8.80,21.80,0.00,300.80,0.00,0.00,0.00,0.00,0.40,0.00,0.40,0.00,17.60,10087412,0,5571588,35.58,26388,4285824,1821948,11.64,1416980,3902276,600,1007080,148056,2480,5524,31532,0,0,0.00,0,0.00,2,296,1.84,1.75,0.89,0,0.40,0.00,17.60,44.00,0.00,0.00,0.00,0.00,6.00,9.00,0.74,1.94,0.00,0.00,0.00,0.00
2018-01-05 06:50:29,50.10,0.00,1.31,0.00,0.10,0.00,0.10,0.00,0.00,48.38,7.20,1044.00,994.60,0.00,0.00,0.00,16.00,2533.60,0.00,13502.80,0.00,0.00,0.00,0.00,0.80,0.00,0.80,0.00,32.00,10308372,0,5350628,34.17,26404,4280540,1770760,11.31,1203820,3897368,408,794368,147676,2272,5032,31532,0,0,0.00,0,0.00,4,285,1.77,1.74,0.89,0,0.80,0.00,32.00,40.00,0.00,2.00,2.00,0.16,19.40,22.80,2.45,4.17,0.00,0.00,0.00,0.00
2018-01-05 06:50:34,83.38,0.00,2.10,0.00,0.10,0.00,0.10,0.00,0.00,14.31,4.00,1152.60,1130.60,0.00,0.00,0.00,27.20,4402.40,0.00,3190.00,0.00,0.00,0.00,0.00,0.60,0.00,0.60,0.00,54.40,10105076,0,5553924,35.47,26416,4275608,1833152,11.71,1409748,3892844,660,1000452,147656,2488,5532,31532,0,0,0.00,0,0.00,1,297,2.03,1.80,0.91,0,0.60,0.00,54.40,90.67,0.01,10.67,10.67,0.64,9.60,13.80,2.36,2.51,0.00,0.00,0.00,0.00
2018-01-05 06:50:39,63.72,0.00,1.01,0.00,0.10,0.00,0.00,0.00,0.00,35.18,0.00,1207.20,1173.60,0.00,0.00,0.00,28.00,57.20,0.00,342.20,0.00,0.00,0.00,0.00,2.00,0.00,2.00,0.00,56.00,10110432,0,5548568,35.43,26424,4270536,1833152,11.71,1409120,3888132,668,1000288,147600,2488,5528,31532,0,0,0.00,0,0.00,2,296,1.95,1.78,0.91,0,2.00,0.00,56.00,28.00,0.00,0.40,0.40,0.08,9.60,12.60,1.30,2.44,0.00,0.00,0.00,0.00
2018-01-05 06:50:44,63.31,0.00,0.71,0.00,0.10,0.00,0.20,0.00,0.00,35.69,0.00,1299.60,1253.60,0.00,0.00,0.00,80.80,23.80,0.00,304.00,0.00,0.00,0.00,0.00,5.20,0.00,5.20,0.00,161.60,10115240,0,5543760,35.40,26432,4265464,1833152,11.71,1408772,3883356,336,1000232,147600,2472,5528,31532,0,0,0.00,0,0.00,2,295,1.87,1.77,0.91,0,5.20,0.00,161.60,31.08,0.00,0.15,0.15,0.08,7.80,10.80,0.93,2.21,0.00,0.00,0.00,0.00
2018-01-05 06:50:49,51.46,0.00,0.40,0.00,0.00,0.00,0.10,0.00,0.00,48.04,0.00,640.80,692.40,0.00,0.00,0.00,14.40,13.80,0.00,306.00,0.00,0.00,0.00,0.00,0.40,0.00,0.40,0.00,28.80,10120188,0,5538812,35.37,26440,4260392,1833152,11.71,1408460,3878636,456,1000260,147420,2464,5528,31532,0,0,0.00,0,0.00,2,294,1.80,1.76,0.91,0,0.40,0.00,28.80,72.00,0.00,2.00,2.00,0.08,8.40,11.60,0.97,2.43,0.00,0.00,0.00,0.00
2018-01-05 06:50:54,69.65,0.00,1.91,0.00,0.10,0.00,0.10,0.00,0.00,28.24,10.00,1085.40,1142.80,0.00,0.00,0.00,18.40,6181.80,0.00,14975.80,0.00,0.00,0.00,0.00,0.80,0.00,0.80,0.00,36.80,10234952,0,5424048,34.64,26460,4255292,1810900,11.56,1300184,3873996,480,892352,147376,2432,5268,31532,0,0,0.00,0,0.00,3,292,1.74,1.74,0.91,0,0.80,0.00,36.80,46.00,0.04,46.00,46.00,3.68,28.80,32.60,3.49,5.58,0.00,0.00,0.00,0.00
2018-01-05 06:50:59,71.90,0.00,1.41,0.00,0.10,0.00,0.20,0.00,0.00,26.38,0.80,1366.60,1231.80,0.00,0.00,0.00,129.60,204.00,0.00,524.80,0.00,0.00,0.00,0.00,10.60,0.00,10.60,0.00,259.20,10130972,0,5528028,35.30,26472,4250200,1810900,11.56,1407440,3869208,80,999972,147380,2480,5504,31532,0,0,0.00,0,0.00,2,296,1.68,1.73,0.91,0,10.60,0.00,259.20,24.45,0.02,2.11,0.75,0.80,11.20,15.00,2.61,2.62,0.00,0.00,0.00,0.00
2018-01-05 06:51:04,62.54,0.00,0.60,0.10,0.10,0.00,0.00,0.00,0.00,36.66,0.00,1005.60,1045.20,0.00,0.00,0.00,20.00,38.00,0.00,293.20,0.00,0.00,0.00,0.00,0.40,0.00,0.40,0.00,40.00,10135916,0,5523084,35.27,26480,4245128,1810900,11.56,1407488,3864440,228,1000316,147284,2480,5508,31532,0,0,0.00,0,0.00,2,296,1.70,1.74,0.92,0,0.40,0.00,40.00,100.00,0.00,12.00,12.00,0.48,4.00,7.00,0.42,1.80,0.00,0.00,0.00,0.00
2018-01-05 06:51:09,57.66,0.00,0.40,0.00,0.00,0.00,0.30,0.00,0.00,41.63,0.00,1135.00,1154.20,0.00,0.00,0.00,8.80,20.60,0.00,306.20,0.00,0.00,0.00,0.00,0.40,0.00,0.40,0.00,17.60,10140412,0,5518588,35.24,26488,4240364,1810900,11.56,1407112,3859804,292,1000280,147248,2472,5508,31532,0,0,0.00,0,0.00,1,295,1.65,1.72,0.92,0,0.40,0.00,17.60,44.00,0.00,2.00,2.00,0.08,7.00,10.20,0.80,2.19,0.00,0.00,0.00,0.00
2018-01-05 06:51:14,59.36,0.00,1.61,0.00,0.10,0.00,0.10,0.00,0.00,38.83,7.20,962.20,987.20,0.00,0.00,0.00,9.60,3662.40,0.00,13645.80,0.00,0.00,0.00,0.00,0.60,0.00,0.60,0.00,19.20,10314500,0,5344500,34.13,26504,4234932,1778860,11.36,1240580,3854880,392,833964,147320,2384,5064,31532,0,0,0.00,0,0.00,4,284,1.59,1.71,0.92,0,0.60,0.00,19.20,32.00,0.00,2.67,2.67,0.16,23.80,27.40,2.96,4.73,0.00,0.00,0.00,0.00
2018-01-05 06:51:19,81.73,0.00,2.11,0.00,0.10,0.00,0.10,0.00,0.00,15.96,4.00,1308.00,1195.20,0.00,0.00,0.00,28.00,3887.20,0.00,2540.80,0.00,0.00,0.00,0.00,0.80,0.00,0.80,0.00,56.00,10138252,0,5520748,35.26,26516,4229960,1809512,11.56,1420224,3850264,604,1013948,146908,2480,5536,31532,0,0,0.00,0,0.00,4,296,1.71,1.73,0.93,0,0.80,0.00,56.00,70.00,0.00,0.00,0.00,0.00,13.20,17.20,2.86,2.77,0.00,0.00,0.00,0.00
2018-01-05 06:51:24,68.28,0.00,0.70,0.00,0.10,0.00,0.10,0.00,0.00,30.82,0.20,1243.00,1179.80,0.00,0.00,0.00,13.60,55.00,0.00,659.80,0.00,0.00,0.00,0.00,0.40,0.00,0.40,0.00,27.20,10144800,0,5514200,35.21,26524,4224892,1809512,11.56,1417624,3845532,656,1011692,146808,2480,5544,31532,0,0,0.00,0,0.00,2,296,1.65,1.72,0.93,0,0.40,0.00,27.20,68.00,0.00,0.00,0.00,0.00,14.00,17.00,1.45,6.96,0.00,0.00,0.00,0.00
2018-01-05 06:51:29,57.50,0.00,0.70,0.00,0.00,0.00,0.20,0.00,0.00,41.59,0.00,1047.40,1054.00,0.00,0.00,0.00,24.80,22.40,0.00,300.00,0.00,0.00,0.00,0.00,1.20,0.00,1.20,0.00,49.60,10149884,0,5509116,35.18,26532,4219820,1809512,11.56,1417332,3840800,656,1011732,146704,2472,5544,31532,0,0,0.00,0,0.00,2,295,1.60,1.71,0.93,0,1.20,0.00,49.60,41.33,0.00,0.00,0.00,0.00,8.20,11.40,0.97,2.39,0.00,0.00,0.00,0.00
2018-01-05 06:51:34,51.10,0.00,0.50,0.00,0.10,0.00,0.00,0.00,0.00,48.29,0.00,587.80,634.00,0.00,0.00,0.00,80.80,14.40,0.00,296.00,0.00,0.00,0.00,0.00,6.00,0.00,6.00,0.00,161.60,10155088,0,5503912,35.15,26544,4214792,1809512,11.56,1416976,3836056,352,1011732,146632,2464,5544,31532,0,0,0.00,0,0.00,2,294,1.55,1.70,0.93,0,6.00,0.00,161.60,26.93,0.00,0.80,0.80,0.48,5.60,8.60,0.61,1.97,0.00,0.00,0.00,0.00
2018-01-05 06:51:39,77.63,0.00,2.63,0.00,0.10,0.00,0.10,0.00,0.00,19.53,11.18,1182.44,1184.03,0.00,0.00,0.00,23.15,6039.92,0.00,15165.07,0.00,0.00,0.00,0.00,0.80,0.00,0.80,0.00,46.31,10171916,0,5487084,35.04,26564,4209608,1810576,11.56,1405852,3831324,444,1000956,146552,2480,5516,31532,0,0,0.00,0,0.00,4,296,1.59,1.70,0.94,0,0.80,0.00,46.31,58.00,0.00,1.00,1.00,0.08,26.95,31.74,4.62,5.11,0.00,0.00,0.00,0.00
2018-01-05 06:51:44,68.92,0.00,0.50,0.00,0.00,0.00,0.00,0.00,0.00,30.58,0.00,1236.40,1189.40,0.00,0.00,0.00,27.20,44.00,0.00,744.80,0.00,0.00,0.00,0.00,0.60,0.00,0.60,0.00,54.40,10176252,0,5482748,35.01,26576,4204520,1810576,11.56,1405376,3826592,548,1000816,146552,2480,5524,31532,0,0,0.00,0,0.00,3,296,1.70,1.72,0.95,0,0.60,0.00,54.40,90.67,0.00,6.67,6.67,0.40,6.60,9.40,0.78,1.98,0.00,0.00,0.00,0.00
2018-01-05 06:51:49,59.23,0.00,0.71,0.00,0.10,0.00,0.10,0.00,0.00,39.86,0.00,1181.80,1166.00,0.00,0.00,0.00,16.80,39.20,0.00,686.40,0.00,0.00,0.00,0.00,1.20,0.00,1.20,0.00,33.60,10188952,0,5470048,34.93,26584,4199456,1810576,11.56,1397588,3821856,564,993360,146464,2472,5516,31532,0,0,0.00,0,0.00,1,295,1.64,1.71,0.95,0,1.20,0.00,33.60,28.00,0.00,0.00,0.00,0.00,7.60,10.80,0.93,2.25,0.00,0.00,0.00,0.00
2018-01-05 06:51:54,57.34,0.00,0.60,0.00,0.10,0.00,0.20,0.00,0.00,41.75,0.00,1116.40,1053.40,0.00,0.00,0.00,13.60,14.60,0.00,316.40,0.00,0.00,0.00,0.00,0.40,0.00,0.40,0.00,27.20,10194076,0,5464924,34.90,26592,4194392,1810576,11.56,1397284,3817136,624,993404,146304,2472,5516,31532,0,0,0.00,0,0.00,2,294,1.59,1.70,0.95,0,0.40,0.00,27.20,68.00,0.00,0.00,0.00,0.00,5.80,9.20,0.65,2.32,0.00,0.00,0.00,0.00
2018-01-05 06:51:59,64.76,0.00,2.21,0.00,0.10,0.00,0.00,0.00,0.00,32.93,8.40,1045.00,967.80,0.00,0.00,0.00,28.80,4719.80,0.00,14338.80,0.00,0.00,0.00,0.00,1.40,0.00,1.40,0.00,57.60,10334168,0,5324832,34.00,26608,4189208,1792960,11.45,1263284,3812252,496,859704,146288,2392,5148,31532,0,0,0.00,0,0.00,3,288,1.54,1.69,0.95,0,1.40,0.00,57.60,41.14,0.00,0.57,0.57,0.08,30.40,34.00,3.78,5.40,0.00,0.00,0.00,0.00
2018-01-05 06:52:04,79.52,0.00,2.11,0.00,0.10,0.00,0.00,0.00,0.00,18.27,2.80,1473.80,1371.80,0.00,0.00,0.00,28.00,2350.00,0.00,2219.60,0.00,0.00,0.00,0.00,0.80,0.00,0.80,0.00,56.00,10205728,0,5453272,34.83,26620,4185208,1792960,11.45,1395120,3807652,676,990964,146296,2480,5496,31532,0,0,0.00,0,0.00,2,296,1.66,1.71,0.96,0,0.80,0.00,56.00,70.00,0.00,0.00,0.00,0.00,12.40,16.20,2.63,3.30,0.00,0.00,0.00,0.00
2018-01-05 06:52:09,62.36,0.00,0.50,0.00,0.00,0.00,0.20,0.00,0.00,36.93,0.00,1054.40,1084.00,0.00,0.00,0.00,85.60,77.80,0.00,299.60,0.00,0.00,0.00,0.00,6.40,0.00,6.40,0.00,171.20,10210232,0,5448768,34.80,26628,4180136,1792960,11.45,1395960,3802928,344,992120,146216,2480,5504,31532,0,0,0.00,0,0.00,2,296,1.69,1.71,0.97,0,6.40,0.00,171.20,26.75,0.02,2.75,1.37,0.88,7.80,10.80,0.94,2.29,0.00,0.00,0.00,0.00
2018-01-05 06:52:14,57.39,0.00,0.90,0.20,0.20,0.00,0.20,0.00,0.00,41.11,0.00,1038.60,1073.60,0.00,0.00,0.00,20.00,21.00,0.00,297.80,0.00,0.00,0.00,0.00,0.60,0.00,0.60,0.00,40.00,10214896,0,5444104,34.77,26636,4175068,1792960,11.45,1395592,3798228,448,992112,146156,2472,5504,31532,0,0,0.00,0,0.00,2,295,1.55,1.69,0.96,0,0.60,0.00,40.00,66.67,0.00,6.67,6.67,0.40,4.00,7.20,0.43,1.91,0.00,0.00,0.00,0.00
2018-01-05 06:52:19,52.07,0.00,0.50,0.00,0.00,0.00,0.00,0.00,0.00,47.43,2.80,884.80,883.00,0.00,0.00,0.00,10.40,252.20,0.00,464.00,0.00,0.00,0.00,0.00,0.60,0.00,0.60,0.00,20.80,10220448,0,5438552,34.73,26644,4169856,1792960,11.45,1395532,3793328,312,992244,146036,2464,5504,31532,0,0,0.00,0,0.00,1,289,1.51,1.68,0.96,0,0.60,0.00,20.80,34.67,0.00,0.00,0.00,0.00,19.00,22.80,2.09,3.95,0.00,0.00,0.00,0.00
2018-01-05 06:52:24,83.18,0.00,2.32,0.00,0.10,0.00,0.00,0.00,0.00,14.40,8.40,1098.60,1102.00,0.00,0.00,0.00,28.00,6081.60,0.00,14651.40,0.00,0.00,0.00,0.00,0.80,0.00,0.80,0.00,56.00,10221728,0,5437272,34.72,26660,4164888,1778492,11.36,1399280,3788708,552,996436,145872,2480,5500,31532,0,0,0.00,0,0.00,3,296,1.63,1.70,0.97,0,0.80,0.00,56.00,70.00,0.00,0.00,0.00,0.00,18.20,22.00,3.67,3.64,0.00,0.00,0.00,0.00
2018-01-05 06:52:29,65.63,0.00,0.60,0.00,0.10,0.00,0.20,0.00,0.00,33.47,0.00,1125.00,1089.80,0.00,0.00,0.00,35.20,45.20,0.00,376.80,0.00,0.00,0.00,0.00,1.20,0.00,1.20,0.00,70.40,10225236,0,5433764,34.70,26672,4159812,1778492,11.36,1399876,3784016,596,997456,145776,2480,5512,31532,0,0,0.00,0,0.00,3,296,1.58,1.69,0.97,0,1.20,0.00,70.40,58.67,0.00,0.00,0.00,0.00,8.00,11.00,0.96,2.28,0.00,0.00,0.00,0.00
2018-01-05 06:52:34,58.59,0.00,0.61,0.00,0.00,0.00,0.20,0.00,0.00,40.61,0.00,1307.40,1271.00,0.00,0.00,0.00,20.00,25.20,0.00,312.00,0.00,0.00,0.00,0.00,1.00,0.00,1.00,0.00,40.00,10230612,0,5428388,34.67,26684,4154740,1778492,11.36,1399548,3779340,620,997460,145648,2472,5512,31532,0,0,0.00,0,0.00,2,295,1.53,1.67,0.97,0,1.00,0.00,40.00,40.00,0.00,0.00,0.00,0.00,5.60,8.60,0.61,1.85,0.00,0.00,0.00,0.00
2018-01-05 06:52:39,55.73,0.00,0.50,0.10,0.10,0.00,0.20,0.00,0.00,43.36,0.00,823.60,849.40,0.00,0.00,0.00,12.80,14.80,0.00,309.80,0.00,0.00,0.00,0.00,0.40,0.00,0.40,0.00,25.60,10235700,0,5423300,34.63,26692,4149672,1778492,11.36,1399312,3774512,684,997476,145452,2464,5512,31532,0,0,0.00,0,0.00,2,294,1.49,1.66,0.97,0,0.40,0.00,25.60,64.00,0.00,0.00,0.00,0.00,9.20,12.60,1.03,2.67,0.00,0.00,0.00,0.00
2018-01-05 06:52:44,70.42,0.00,2.72,0.10,0.10,0.00,0.00,0.00,0.00,26.66,9.00,980.80,971.20,0.00,0.00,0.80,86.40,5389.00,0.00,15034.00,0.00,0.00,0.00,0.00,3.20,0.20,3.00,1.60,172.80,10356312,0,5302688,33.86,26720,4144452,1787812,11.42,1284788,3769696,360,883364,145464,2424,5248,31532,0,0,0.00,0,0.00,2,291,1.61,1.68,0.98,0,3.20,1.60,172.80,54.50,0.01,2.75,1.50,0.48,29.40,32.60,3.53,8.01,0.00,0.00,0.00,0.00
2018-01-05 06:52:49,70.48,0.00,1.51,0.10,0.10,0.00,0.00,0.00,0.00,27.81,2.40,1367.20,1219.80,0.00,0.00,0.00,12.00,677.40,0.00,601.40,0.00,0.00,0.00,0.00,0.40,0.00,0.40,0.00,24.00,10245416,0,5413584,34.57,26728,4139476,1787812,11.42,1399280,3765088,516,998160,145428,2480,5496,31532,0,0,0.00,0,0.00,2,296,1.56,1.67,0.98,0,0.40,0.00,24.00,60.00,0.00,0.00,0.00,0.00,11.80,15.40,2.65,2.56,0.00,0.00,0.00,0.00
2018-01-05 06:52:54,62.90,0.00,0.40,0.00,0.00,0.00,0.10,0.00,0.00,36.59,0.00,1008.80,1061.40,0.00,0.00,0.00,117.60,41.40,0.00,294.80,0.00,0.00,0.00,0.00,9.20,0.00,9.20,0.00,235.20,10250236,0,5408764,34.54,26736,4134404,1787812,11.42,1399320,3760364,168,998540,145352,2480,5500,31532,0,0,0.00,0,0.00,3,296,1.52,1.66,0.98,0,9.20,0.00,235.20,25.57,0.01,0.70,0.61,0.56,5.40,8.60,0.61,2.15,0.00,0.00,0.00,0.00
2018-01-05 06:52:59,57.14,0.00,0.70,0.00,0.10,0.00,0.20,0.00,0.00,41.85,0.00,1003.60,1030.60,0.00,0.00,0.00,9.60,23.20,0.00,298.20,0.00,0.00,0.00,0.00,0.40,0.00,0.40,0.00,19.20,10254544,0,5404456,34.51,26744,4129344,1787812,11.42,1399016,3755596,232,998532,145280,2472,5500,31532,0,0,0.00,0,0.00,2,295,1.64,1.68,0.99,0,0.40,0.00,19.20,48.00,0.00,0.00,0.00,0.00,3.80,6.80,0.41,1.76,0.00,0.00,0.00,0.00
2018-01-05 06:53:04,54.94,0.00,1.21,0.00,0.10,0.00,0.10,0.00,0.00,43.65,7.20,1103.40,962.40,0.00,0.00,0.00,23.20,2868.00,0.00,13968.60,0.00,0.00,0.00,0.00,0.80,0.00,0.80,0.00,46.40,10456144,0,5202856,33.23,26764,4124164,1768236,11.29,1204068,3750752,388,803964,144864,2384,4940,31532,0,0,0.00,0,0.00,3,284,1.58,1.67,0.99,0,0.80,0.00,46.40,58.00,0.00,0.00,0.00,0.00,25.60,28.60,3.18,4.85,0.00,0.00,0.00,0.00
2018-01-05 06:53:09,82.28,0.00,2.42,0.20,0.10,0.00,0.00,0.00,0.00,15.01,4.00,1343.40,1277.80,0.00,0.00,0.00,24.00,4599.00,0.00,3194.20,0.00,0.00,0.00,0.00,0.60,0.00,0.60,0.00,48.00,10263376,0,5395624,34.46,26776,4119200,1799288,11.49,1399168,3746136,576,1001460,144808,2480,5512,31532,0,0,0.00,0,0.00,1,296,1.62,1.68,1.00,0,0.60,0.00,48.00,80.00,0.00,6.67,6.67,0.40,10.40,14.80,2.51,2.64,0.00,0.00,0.00,0.00
2018-01-05 06:53:14,67.44,0.00,0.50,0.00,0.10,0.00,0.10,0.00,0.00,31.86,0.00,1174.20,1151.00,0.00,0.00,0.00,0.00,48.20,0.00,461.00,0.00,0.00,0.00,0.00,0.00,0.00,0.00,0.00,0.00,10270164,0,5388836,34.41,26776,4114120,1799288,11.49,1398132,3741420,616,998728,144708,2480,5516,31532,0,0,0.00,0,0.00,4,296,1.57,1.67,1.00,0,0.00,0.00,0.00,0.00,0.00,0.00,0.00,0.00,7.00,10.00,0.80,2.15,0.00,0.00,0.00,0.00
2018-01-05 06:53:19,61.90,0.00,0.50,0.00,0.00,0.00,0.10,0.00,0.00,37.50,0.60,1085.40,1030.20,0.00,0.00,0.00,8.80,85.60,0.00,433.60,0.00,0.00,0.00,0.00,0.40,0.00,0.40,0.00,17.60,10275540,0,5383460,34.38,26784,4109072,1799288,11.49,1398024,3736616,672,998828,144640,2480,5516,31532,0,0,0.00,0,0.00,2,296,1.52,1.66,1.00,0,0.40,0.00,17.60,44.00,0.00,2.00,2.00,0.08,8.60,11.80,0.97,2.31,0.00,0.00,0.00,0.00
2018-01-05 06:53:24,51.26,0.00,0.30,0.00,0.10,0.00,0.10,0.00,0.00,48.24,0.00,642.40,713.80,0.00,0.00,0.00,25.60,40.20,0.00,302.80,0.00,0.00,0.00,0.00,1.60,0.00,1.60,0.00,51.20,10280740,0,5378260,34.35,26796,4104024,1799288,11.49,1398216,3731884,696,999320,144536,2472,5516,31532,0,0,0.00,0,0.00,2,295,1.48,1.65,1.00,0,1.60,0.00,51.20,32.00,0.00,0.50,0.50,0.08,10.00,13.00,1.17,2.63,0.00,0.00,0.00,0.00
2018-01-05 06:53:29,70.53,0.00,3.13,0.00,0.10,0.00,0.10,0.00,0.00,26.14,10.80,1109.60,1120.20,0.00,0.00,0.00,76.80,5626.80,0.00,15115.40,0.00,0.00,0.00,0.00,4.60,0.00,4.60,0.00,153.60,10297844,0,5361156,34.24,26820,4098852,1793456,11.45,1386252,3727148,328,987656,144404,2440,5476,31532,0,0,0.00,0,0.00,2,297,1.44,1.63,1.00,0,4.60,0.00,153.60,33.39,0.01,2.78,1.57,0.72,28.40,33.00,4.76,5.24,0.00,0.00,0.00,0.00
2018-01-05 06:53:34,70.72,0.00,0.91,0.00,0.10,0.00,0.40,0.00,0.00,27.87,0.00,1252.40,1154.00,0.00,0.00,0.00,33.60,56.00,0.00,599.20,0.00,0.00,0.00,0.00,0.80,0.00,0.80,0.00,67.20,10301608,0,5357392,34.21,26832,4093756,1793456,11.45,1386764,3722388,516,988636,144404,2488,5508,31532,0,0,0.00,0,0.00,3,297,1.49,1.64,1.00,0,0.80,0.00,67.20,84.00,0.00,3.00,1.00,0.08,6.00,8.80,0.73,1.84,0.00,0.00,0.00,0.00
2018-01-05 06:53:39,61.39,0.00,0.50,0.00,0.00,0.00,0.10,0.00,0.00,38.00,0.00,988.20,1040.80,0.00,0.00,0.00,16.80,24.00,0.00,308.00,0.00,0.00,0.00,0.00,1.00,0.00,1.00,0.00,33.60,10306344,0,5352656,34.18,26840,4088684,1793456,11.45,1386348,3717660,524,988560,144320,2488,5508,31532,0,0,0.00,0,0.00,2,296,1.53,1.65,1.01,0,1.00,0.00,33.60,33.60,0.00,0.80,0.80,0.08,4.20,7.60,0.45,2.02,0.00,0.00,0.00,0.00
2018-01-05 06:53:44,56.41,0.00,0.71,0.00,0.20,0.00,0.20,0.00,0.00,42.48,0.00,1180.40,1186.80,0.00,0.00,0.00,12.00,20.60,0.00,410.40,0.00,0.00,0.00,0.00,0.40,0.00,0.40,0.00,24.00,10311456,0,5347544,34.15,26848,4083632,1793456,11.45,1386088,3712944,596,988516,144156,2480,5508,31532,0,0,0.00,0,0.00,2,296,1.49,1.64,1.01,0,0.40,0.00,24.00,60.00,0.00,2.00,2.00,0.08,6.80,9.60,0.78,2.03,0.00,0.00,0.00,0.00
2018-01-05 06:53:49,45.63,0.00,1.21,0.00,0.00,0.00,0.10,0.00,0.00,53.07,7.20,810.80,843.60,0.00,0.00,0.00,16.00,2745.80,0.00,13363.00,0.00,0.00,0.00,0.00,0.80,0.00,0.80,0.00,32.00,10511448,0,5147552,32.87,26860,4078408,1743032,11.13,1192324,3708108,480,795100,143912,2392,4912,31532,0,0,0.00,0,0.00,4,285,1.45,1.62,1.01,0,0.80,0.00,32.00,40.00,0.00,5.00,5.00,0.40,25.20,28.60,3.16,4.89,0.00,0.00,0.00,0.00
2018-01-05 06:53:54,80.87,0.00,2.42,0.00,0.10,0.00,0.10,0.00,0.00,16.52,4.00,1271.80,1321.40,0.00,0.00,0.00,40.80,4526.60,0.00,3914.60,0.00,0.00,0.00,0.00,1.40,0.00,1.40,0.00,81.60,10325484,0,5333516,34.06,26872,4073436,1805112,11.53,1382544,3703460,636,985632,144048,2488,5492,31532,0,0,0.00,0,0.00,1,297,1.57,1.65,1.02,0,1.40,0.00,81.60,58.29,0.00,1.71,0.57,0.08,15.00,19.40,3.08,3.15,0.00,0.00,0.00,0.00
2018-01-05 06:53:59,65.39,0.00,0.80,0.00,0.10,0.00,0.20,0.00,0.00,33.50,0.00,1039.00,976.80,0.00,0.00,0.00,19.20,561.80,0.00,771.60,0.00,0.00,0.00,0.00,1.20,0.00,1.20,0.00,38.40,10328648,0,5330352,34.04,26884,4069344,1805112,11.53,1383344,3698728,676,985840,143984,2488,5496,31532,0,0,0.00,0,0.00,2,297,1.52,1.64,1.02,0,1.20,0.00,38.40,32.00,0.00,1.33,0.67,0.08,6.40,9.20,0.75,1.92,0.00,0.00,0.00,0.00
2018-01-05 06:54:04,61.83,0.00,0.60,0.00,0.00,0.00,0.10,0.00,0.00,37.46,0.00,1132.80,1135.60,0.00,0.00,0.00,141.60,65.80,0.00,349.00,0.00,0.00,0.00,0.00,10.80,0.00,10.80,0.00,283.20,10333812,0,5325188,34.01,26892,4064272,1805112,11.53,1382968,3694020,92,985824,143860,2480,5496,31532,0,0,0.00,0,0.00,2,296,1.48,1.63,1.02,0,10.80,0.00,283.20,26.22,0.03,3.04,0.59,0.64,6.80,9.80,0.68,2.22,0.00,0.00,0.00,0.00
2018-01-05 06:54:09,52.81,0.00,0.40,0.00,0.10,0.00,0.00,0.00,0.00,46.69,0.00,695.40,737.00,0.00,0.00,0.00,19.20,17.40,0.00,353.00,0.00,0.00,0.00,0.00,0.40,0.00,0.40,0.00,38.40,10340164,0,5318836,33.97,26900,4059204,1805112,11.53,1381608,3689304,236,984820,143724,2472,5496,31532,0,0,0.00,0,0.00,2,295,1.44,1.62,1.02,0,0.40,0.00,38.40,96.00,0.00,2.00,2.00,0.08,6.80,9.80,0.79,2.29,0.00,0.00,0.00,0.00
2018-01-05 06:54:14,63.59,0.00,2.61,0.10,0.10,0.00,0.10,0.00,0.00,33.50,8.60,939.80,1027.60,0.00,0.00,0.00,10.40,5499.20,0.00,15072.40,0.00,0.00,0.00,0.00,0.60,0.00,0.60,0.00,20.80,10461880,0,5197120,33.19,26924,4053980,1778416,11.36,1266668,3684420,344,870276,143412,2424,5224,31532,0,0,0.00,0,0.00,2,290,1.33,1.59,1.02,0,0.60,0.00,20.80,34.67,0.00,0.00,0.00,0.00,27.00,29.60,3.37,4.71,0.00,0.00,0.00,0.00
2018-01-05 06:54:19,74.77,0.00,1.42,0.71,0.10,0.00,0.10,0.00,0.00,22.90,2.60,1464.80,1301.00,0.00,0.00,0.00,29.60,1420.40,0.00,1226.40,0.00,0.00,0.00,0.00,0.80,0.00,0.80,0.00,59.20,10348000,0,5311000,33.92,26936,4049000,1778416,11.36,1383656,3679792,556,987532,143440,2480,5520,31532,0,0,0.00,0,0.00,3,296,1.46,1.61,1.03,0,0.80,0.00,59.20,74.00,0.04,56.00,28.00,2.24,6.00,10.00,1.93,2.11,0.00,0.00,0.00,0.00
2018-01-05 06:54:24,62.29,0.00,0.51,0.00,0.00,0.00,0.00,0.00,0.00,37.21,0.00,1074.60,1104.80,0.00,0.00,0.00,8.00,41.40,0.00,482.00,0.00,0.00,0.00,0.00,0.40,0.00,0.40,0.00,16.00,10350116,0,5308884,33.90,26944,4043924,1778416,11.36,1386208,3675084,600,990432,143284,2480,5520,31532,0,0,0.00,0,0.00,2,296,1.43,1.60,1.03,0,0.40,0.00,16.00,40.00,0.00,0.00,0.00,0.00,5.00,8.00,0.56,2.04,0.00,0.00,0.00,0.00
2018-01-05 06:54:29,57.29,0.00,0.40,0.00,0.10,0.00,0.10,0.00,0.00,42.11,0.00,995.60,1002.40,0.00,0.00,0.00,8.80,21.60,0.00,308.00,0.00,0.00,0.00,0.00,0.40,0.00,0.40,0.00,17.60,10355124,0,5303876,33.87,26952,4038896,1778416,11.36,1386032,3670424,656,990416,143260,2472,5520,31532,0,0,0.00,0,0.00,3,295,1.47,1.61,1.03,0,0.40,0.00,17.60,44.00,0.00,2.00,2.00,0.08,12.40,15.20,1.49,2.54,0.00,0.00,0.00,0.00
2018-01-05 06:54:34,51.96,0.00,1.51,0.00,0.10,0.00,0.00,0.00,0.00,46.43,7.20,1095.20,1019.00,0.00,0.00,0.00,30.40,2524.80,0.00,13980.20,0.00,0.00,0.00,0.00,1.60,0.00,1.60,0.00,60.80,10571100,0,5087900,32.49,26960,4033596,1756260,11.22,1175200,3665460,492,782360,143200,2440,4756,31532,0,0,0.00,0,0.00,4,284,1.43,1.60,1.03,0,1.60,0.00,60.80,38.00,0.00,0.00,0.00,0.00,20.80,24.60,2.70,4.37,0.00,0.00,0.00,0.00
2018-01-05 06:54:39,81.25,0.00,2.22,0.00,0.10,0.00,0.10,0.00,0.00,16.33,4.00,1258.80,1257.20,0.00,0.00,0.00,82.40,4874.80,0.00,4081.20,0.00,0.00,0.00,0.00,3.00,0.00,3.00,0.00,164.80,10371696,0,5287304,33.77,26972,4028684,1756260,11.22,1379188,3660876,456,984416,143164,2480,5500,31532,0,0,0.00,0,0.00,1,296,1.56,1.62,1.04,0,3.00,0.00,164.80,54.93,0.00,0.00,0.00,0.00,16.60,21.00,3.08,3.49,0.00,0.00,0.00,0.00
2018-01-05 06:54:44,63.68,0.00,0.91,0.00,0.10,0.00,0.10,0.00,0.00,35.21,0.00,1177.60,1153.80,0.00,0.00,0.00,4.00,375.60,0.00,1173.40,0.00,0.00,0.00,0.00,0.40,0.00,0.40,0.00,8.00,10370720,0,5288280,33.77,26972,4023612,1786968,11.41,1384856,3656164,492,990432,143100,2480,5492,31532,0,0,0.00,0,0.00,2,296,1.51,1.61,1.04,0,0.40,0.00,8.00,20.00,0.00,0.00,0.00,0.00,3.60,6.40,0.40,1.60,0.00,0.00,0.00,0.00
2018-01-05 06:54:49,62.71,0.00,0.60,0.00,0.10,0.00,0.20,0.00,0.00,36.38,0.00,1122.60,1091.40,0.00,0.00,0.00,14.40,22.40,0.00,310.80,0.00,0.00,0.00,0.00,0.60,0.00,0.60,0.00,28.80,10375912,0,5283088,33.74,26980,4018544,1786968,11.41,1384452,3651460,536,990388,142880,2472,5496,31532,0,0,0.00,0,0.00,2,295,1.47,1.60,1.04,0,0.60,0.00,28.80,48.00,0.00,0.00,0.00,0.00,8.20,11.40,0.97,2.34,0.00,0.00,0.00,0.00
2018-01-05 06:54:54,51.41,0.00,0.40,0.00,0.00,0.00,0.10,0.00,0.00,48.09,0.00,653.80,693.80,0.00,0.00,0.00,10.40,20.40,0.00,323.00,0.00,0.00,0.00,0.00,0.40,0.00,0.40,0.00,20.80,10381692,0,5277308,33.70,26988,4013512,1786968,11.41,1383688,3646680,588,989940,142792,2464,5496,31532,0,0,0.00,0,0.00,2,294,1.43,1.59,1.04,0,0.40,0.00,20.80,52.00,0.00,0.00,0.00,0.00,5.60,9.00,0.63,2.30,0.00,0.00,0.00,0.00
2018-01-05 06:54:59,67.64,0.00,2.32,0.00,0.10,0.00,0.10,0.00,0.00,29.84,10.00,986.60,1053.40,0.00,0.00,0.00,16.80,5653.40,0.00,14101.80,0.00,0.00,0.00,0.00,0.80,0.00,0.80,0.00,33.60,10487332,0,5171668,33.03,27000,4008380,1766288,11.28,1284400,3641900,572,890900,142616,2424,5240,31532,0,0,0.00,0,0.00,2,292,1.56,1.62,1.05,0,0.80,0.00,33.60,42.00,0.00,0.00,0.00,0.00,28.60,31.60,3.58,4.92,0.00,0.00,0.00,0.00
2018-01-05 06:55:04,70.85,0.00,1.31,0.00,0.10,0.00,0.20,0.00,0.00,27.54,1.60,1314.40,1171.00,0.00,0.00,0.00,37.60,381.40,0.00,1083.20,0.00,0.00,0.00,0.00,1.40,0.00,1.40,0.00,75.20,10386588,0,5272412,33.67,27012,4003316,1766288,11.28,1388228,3637240,648,995080,142696,2480,5476,31532,0,0,0.00,0,0.00,2,296,1.68,1.64,1.06,0,1.40,0.00,75.20,53.71,0.00,3.43,3.43,0.48,8.20,12.20,2.31,2.45,0.00,0.00,0.00,0.00
2018-01-05 06:55:09,63.91,0.00,0.60,0.00,0.00,0.00,0.10,0.00,0.00,35.38,0.00,994.20,1014.00,0.00,0.00,0.00,25.60,39.00,0.00,353.60,0.00,0.00,0.00,0.00,1.20,0.00,1.20,0.00,51.20,10392548,0,5266452,33.63,27024,3998244,1766288,11.28,1387256,3632496,688,994424,142528,2480,5480,31532,0,0,0.00,0,0.00,2,296,1.78,1.66,1.07,0,1.20,0.00,51.20,42.67,0.00,0.00,0.00,0.00,9.40,12.60,1.14,2.61,0.00,0.00,0.00,0.00
2018-01-05 06:55:14,56.64,0.00,0.60,0.00,0.10,0.00,0.10,0.00,0.00,42.56,0.00,1220.20,1274.80,0.00,0.00,0.00,81.60,47.00,0.00,413.00,0.00,0.00,0.00,0.00,7.20,0.00,7.20,0.00,163.20,10397700,0,5261300,33.60,27032,3993200,1766288,11.28,1387184,3627772,392,994804,142440,2472,5480,31532,0,0,0.00,0,0.00,2,295,1.72,1.65,1.07,0,7.20,0.00,163.20,22.67,0.00,0.00,0.00,0.00,6.60,9.40,0.76,1.89,0.00,0.00,0.00,0.00
2018-01-05 06:55:19,52.91,0.00,1.80,0.00,0.10,0.00,0.00,0.00,0.00,45.19,7.20,844.00,900.20,0.00,0.00,0.00,24.00,4112.80,0.00,14085.80,0.00,0.00,0.00,0.00,1.00,0.00,1.00,0.00,48.00,10567892,0,5091108,32.51,27048,3987972,1767592,11.29,1223192,3622928,296,831028,142244,2384,5040,31532,0,0,0.00,0,0.00,3,284,1.66,1.64,1.07,0,1.00,0.00,48.00,48.00,0.00,0.00,0.00,0.00,24.20,27.60,3.01,4.76,0.00,0.00,0.00,0.00
2018-01-05 06:55:24,80.18,0.00,2.21,0.00,0.10,0.00,0.20,0.00,0.00,17.30,4.00,1455.40,1315.80,0.00,0.00,0.00,31.20,2012.40,0.00,1758.40,0.00,0.00,0.00,0.00,0.80,0.00,0.80,0.00,62.40,10411912,0,5247088,33.51,27060,3982992,1798736,11.49,1382356,3618304,540,990592,142356,2480,5480,31532,0,0,0.00,0,0.00,4,296,1.77,1.66,1.08,0,0.80,0.00,62.40,78.00,0.00,1.00,1.00,0.08,7.60,12.00,2.16,2.33,0.00,0.00,0.00,0.00
2018-01-05 06:55:29,63.44,0.00,0.91,0.10,0.10,0.00,0.10,0.00,0.00,35.35,0.00,1097.20,1174.00,0.00,0.00,0.00,17.60,65.80,0.00,324.20,0.00,0.00,0.00,0.00,0.80,0.00,0.80,0.00,35.20,10417020,0,5241980,33.48,27068,3977928,1798736,11.49,1382392,3613564,576,990944,142184,2480,5484,31532,0,0,0.00,0,0.00,2,296,1.71,1.65,1.08,0,0.80,0.00,35.20,44.00,0.00,5.00,5.00,0.40,7.20,10.00,0.91,2.04,0.00,0.00,0.00,0.00
2018-01-05 06:55:34,57.43,0.00,0.60,0.00,0.10,0.00,0.00,0.00,0.00,41.87,0.00,985.80,984.80,0.00,0.00,0.00,33.60,24.20,0.00,597.40,0.00,0.00,0.00,0.00,1.80,0.00,1.80,0.00,67.20,10423392,0,5235608,33.44,27080,3972812,1798736,11.49,1380508,3608764,600,989384,141860,2472,5484,31532,0,0,0.00,0,0.00,2,295,1.65,1.64,1.08,0,1.80,0.00,67.20,37.33,0.00,0.00,0.00,0.00,6.80,10.20,0.79,2.32,0.00,0.00,0.00,0.00
2018-01-05 06:55:39,50.10,0.00,1.01,0.00,0.10,0.00,0.20,0.00,0.00,48.59,7.20,947.60,924.20,0.00,0.00,0.00,19.20,2042.20,0.00,13163.40,0.00,0.00,0.00,0.00,0.80,0.00,0.80,0.00,38.40,10662064,0,4996936,31.91,27096,3967812,1751228,11.18,1149216,3604108,492,758500,141892,2488,4972,31532,0,0,0.00,0,0.00,2,284,1.60,1.63,1.08,0,0.80,0.00,38.40,48.00,0.00,0.00,0.00,0.00,15.60,19.20,2.15,3.69,0.00,0.00,0.00,0.00
2018-01-05 06:55:44,83.77,0.00,2.22,0.00,0.00,0.00,0.10,0.00,0.00,13.91,4.00,1143.00,1172.60,0.00,0.00,0.00,29.60,4257.00,0.00,2561.40,0.00,0.00,0.00,0.00,0.80,0.00,0.80,0.00,59.20,10434252,0,5224748,33.37,27108,3962676,1781808,11.38,1379692,3599376,696,989224,141848,2480,5464,31532,0,0,0.00,0,0.00,2,296,1.71,1.65,1.09,0,0.80,0.00,59.20,74.00,0.00,1.00,1.00,0.08,17.40,21.40,3.27,3.40,0.00,0.00,0.00,0.00
2018-01-05 06:55:49,64.29,0.00,0.70,0.00,0.10,0.00,0.20,0.00,0.00,34.71,0.00,1265.60,1205.40,0.00,0.00,0.00,75.20,43.40,0.00,380.20,0.00,0.00,0.00,0.00,4.80,0.00,4.80,0.00,150.40,10440804,0,5218196,33.32,27116,3957636,1781808,11.38,1378092,3594644,384,987968,141780,2480,5472,31532,0,0,0.00,0,0.00,2,296,1.65,1.64,1.09,0,4.80,0.00,150.40,31.33,0.01,2.50,1.33,0.64,8.00,11.20,0.95,2.36,0.00,0.00,0.00,0.00
2018-01-05 06:55:54,59.09,0.00,0.71,0.00,0.10,0.00,0.10,0.00,0.00,40.00,0.00,1254.60,1213.80,0.00,0.00,0.00,25.60,23.20,0.00,359.60,0.00,0.00,0.00,0.00,1.60,0.00,1.60,0.00,51.20,10444392,0,5214608,33.30,27128,3953540,1781808,11.38,1378800,3589868,408,988064,141740,2472,5468,31532,0,0,0.00,0,0.00,3,295,1.60,1.63,1.09,0,1.60,0.00,51.20,32.00,0.00,0.50,0.50,0.08,7.40,10.60,0.82,2.22,0.00,0.00,0.00,0.00
2018-01-05 06:55:59,54.73,0.00,0.40,0.00,0.10,0.00,0.10,0.00,0.00,44.67,0.00,709.40,713.80,0.00,0.00,0.00,14.40,39.20,0.00,305.20,0.00,0.00,0.00,0.00,0.40,0.00,0.40,0.00,28.80,10449844,0,5209156,33.27,27136,3948476,1781808,11.38,1378904,3585176,484,988484,141516,2464,5472,31532,0,0,0.00,0,0.00,2,294,1.55,1.62,1.09,0,0.40,0.00,28.80,72.00,0.01,14.00,14.00,0.56,5.00,8.00,0.59,1.99,0.00,0.00,0.00,0.00
2018-01-05 06:56:04,59.78,0.00,1.71,0.00,0.10,0.00,0.00,0.00,0.00,38.42,8.40,917.00,908.20,0.00,0.00,0.00,28.80,4950.80,0.00,14561.60,0.00,0.00,0.00,0.00,1.40,0.00,1.40,0.00,57.60,10588440,0,5070560,32.38,27152,3943220,1757468,11.22,1246940,3580440,356,856956,141244,2392,5132,31532,0,0,0.00,0,0.00,3,288,1.43,1.59,1.08,0,1.40,0.00,57.60,41.14,0.00,1.14,1.14,0.16,27.20,30.80,3.41,5.04,0.00,0.00,0.00,0.00
2018-01-05 06:56:09,79.11,0.00,1.82,0.00,0.00,0.00,0.10,0.00,0.00,18.97,2.80,1453.20,1367.80,0.00,0.00,0.00,30.40,2424.40,0.00,2192.20,0.00,0.00,0.00,0.00,0.80,0.00,0.80,0.00,60.80,10456752,0,5202248,33.22,27164,3938240,1757468,11.22,1381024,3575740,600,991352,141276,2480,5488,31532,0,0,0.00,0,0.00,2,296,1.55,1.62,1.09,0,0.80,0.00,60.80,76.00,0.00,2.00,1.00,0.08,8.00,12.00,2.14,2.31,0.00,0.00,0.00,0.00
2018-01-05 06:56:14,61.23,0.00,0.70,0.00,0.10,0.00,0.00,0.00,0.00,37.97,0.00,980.20,1003.00,0.00,0.00,0.00,21.60,36.60,0.00,299.20,0.00,0.00,0.00,0.00,1.00,0.00,1.00,0.00,43.20,10461580,0,5197420,33.19,27172,3933168,1757468,11.22,1381080,3570968,608,991704,141116,2480,5492,31532,0,0,0.00,0,0.00,2,296,1.59,1.62,1.10,0,1.00,0.00,43.20,43.20,0.00,0.80,0.80,0.08,5.80,8.40,0.71,1.82,0.00,0.00,0.00,0.00
2018-01-05 06:56:19,57.89,0.00,0.30,0.00,0.10,0.00,0.10,0.00,0.00,41.61,0.00,989.00,1044.60,0.00,0.00,0.00,12.00,22.00,0.00,299.00,0.00,0.00,0.00,0.00,0.40,0.00,0.40,0.00,24.00,10466608,0,5192392,33.16,27180,3928096,1757468,11.22,1380724,3566248,656,991696,141064,2472,5492,31532,0,0,0.00,0,0.00,3,295,1.62,1.63,1.10,0,0.40,0.00,24.00,60.00,0.00,0.00,0.00,0.00,4.40,7.80,0.46,2.03,0.00,0.00,0.00,0.00
2018-01-05 06:56:24,53.08,0.00,1.31,0.00,0.10,0.00,0.10,0.00,0.00,45.41,7.20,1028.60,1073.00,0.00,0.00,0.00,72.80,3088.40,0.00,13542.20,0.00,0.00,0.00,0.00,4.80,0.00,4.80,0.00,145.60,10658864,0,5000136,31.93,27196,3922900,1731764,11.06,1196180,3561384,240,807608,141056,2384,5012,31532,0,0,0.00,0,0.00,5,284,1.57,1.62,1.10,0,4.80,0.00,145.60,30.33,0.00,0.33,0.33,0.16,27.60,31.00,3.39,5.16,0.00,0.00,0.00,0.00
2018-01-05 06:56:29,80.58,0.00,2.01,0.10,0.10,0.00,0.00,0.00,0.00,17.20,4.00,1418.20,1359.20,0.00,0.00,0.00,30.40,3497.60,0.00,2885.00,0.00,0.00,0.00,0.00,0.80,0.00,0.80,0.00,60.80,10488076,0,5170924,33.02,27208,3917920,1793656,11.45,1369604,3556756,520,981224,140860,2480,5476,31532,0,0,0.00,0,0.00,2,296,1.61,1.63,1.11,0,0.80,0.00,60.80,76.00,0.01,12.00,6.00,0.48,10.60,14.60,2.51,2.39,0.00,0.00,0.00,0.00
2018-01-05 06:56:34,68.94,0.00,0.80,0.00,0.00,0.00,0.20,0.00,0.00,30.05,0.00,1192.20,1185.80,0.00,0.00,0.00,33.60,102.00,0.00,335.00,0.00,0.00,0.00,0.00,1.60,0.00,1.60,0.00,67.20,10492076,0,5166924,33.00,27216,3912852,1793656,11.45,1369788,3552044,516,981760,140836,2480,5484,31532,0,0,0.00,0,0.00,2,296,1.72,1.65,1.12,0,1.60,0.00,67.20,42.00,0.00,0.00,0.00,0.00,5.40,8.60,0.61,2.06,0.00,0.00,0.00,0.00
2018-01-05 06:56:39,58.75,0.00,0.50,0.00,0.10,0.00,0.20,0.00,0.00,40.44,0.00,1048.40,1026.60,0.00,0.00,0.00,18.40,13.40,0.00,304.20,0.00,0.00,0.00,0.00,0.60,0.00,0.60,0.00,36.80,10497188,0,5161812,32.96,27224,3907780,1793656,11.45,1369480,3547328,572,981804,140708,2472,5484,31532,0,0,0.00,0,0.00,3,295,1.66,1.64,1.12,0,0.60,0.00,36.80,61.33,0.00,1.33,1.33,0.08,6.80,10.20,0.79,2.32,0.00,0.00,0.00,0.00
2018-01-05 06:56:44,52.21,0.00,0.50,0.00,0.10,0.00,0.00,0.00,0.00,47.18,2.80,836.80,767.80,0.00,0.00,0.00,11.20,241.40,0.00,444.60,0.00,0.00,0.00,0.00,0.40,0.00,0.40,0.00,22.40,10502864,0,5156136,32.93,27236,3902524,1793656,11.45,1369384,3542472,440,982032,140616,2472,5484,31532,0,0,0.00,0,0.00,0,292,1.77,1.66,1.13,0,0.40,0.00,22.40,56.00,0.00,0.00,0.00,0.00,10.40,14.00,1.17,2.69,0.00,0.00,0.00,0.00
2018-01-05 06:56:49,83.06,0.00,2.92,0.00,0.00,0.00,0.10,0.00,0.00,13.91,8.40,1195.20,1200.20,0.00,0.00,0.00,36.00,5738.40,0.00,14995.80,0.00,0.00,0.00,0.00,1.20,0.00,1.20,0.00,72.00,10509664,0,5149336,32.88,27256,3897676,1762740,11.26,1365548,3537860,652,980564,140684,2480,5460,31532,0,0,0.00,0,0.00,3,296,1.87,1.68,1.14,0,1.20,0.00,72.00,60.00,0.00,0.00,0.00,0.00,22.20,26.20,4.13,4.31,0.00,0.00,0.00,0.00
2018-01-05 06:56:54,63.98,0.00,0.50,0.00,0.20,0.00,0.20,0.00,0.00,35.11,0.00,1231.00,1181.60,0.00,0.00,0.00,12.80,43.20,0.00,507.80,0.00,0.00,0.00,0.00,0.40,0.00,0.40,0.00,25.60,10517392,0,5141608,32.83,27264,3892624,1762740,11.26,1363660,3533128,700,976948,140524,2480,5476,31532,0,0,0.00,0,0.00,2,296,1.80,1.67,1.14,0,0.40,0.00,25.60,64.00,0.00,2.00,2.00,0.08,8.00,11.20,0.95,2.36,0.00,0.00,0.00,0.00
2018-01-05 06:56:59,62.22,0.00,0.61,0.00,0.00,0.00,0.10,0.00,0.00,37.07,0.00,1274.20,1248.20,0.00,0.00,0.00,78.40,25.00,0.00,408.60,0.00,0.00,0.00,0.00,6.00,0.00,6.00,0.00,156.80,10522544,0,5136456,32.80,27272,3887528,1762740,11.26,1363460,3528396,348,976996,140424,2472,5476,31532,0,0,0.00,0,0.00,2,295,1.73,1.66,1.14,0,6.00,0.00,156.80,26.13,0.00,0.00,0.00,0.00,3.60,6.40,0.39,1.56,0.00,0.00,0.00,0.00
2018-01-05 06:57:04,53.07,0.00,0.40,0.40,0.10,0.00,0.00,0.00,0.00,46.03,0.00,625.20,672.20,0.00,0.00,0.00,26.40,41.20,0.00,500.80,0.00,0.00,0.00,0.00,1.20,0.00,1.20,0.00,52.80,10527708,0,5131292,32.77,27280,3882428,1762740,11.26,1363656,3523664,452,977600,140336,2472,5476,31532,0,0,0.00,0,0.00,3,295,1.67,1.65,1.14,0,1.20,0.00,52.80,44.00,0.01,7.33,7.33,0.88,7.00,10.60,0.81,2.47,0.00,0.00,0.00,0.00
2018-01-05 06:57:09,60.36,0.00,2.11,0.00,0.10,0.00,0.10,0.00,0.00,37.32,8.80,950.00,997.80,0.00,0.00,0.00,43.20,6347.80,0.00,15536.60,0.00,0.00,0.00,0.00,1.40,0.00,1.40,0.00,86.40,10645088,0,5013912,32.02,27300,3877324,1732188,11.06,1252412,3518896,536,866836,140116,2416,5228,31532,0,0,0.00,0,0.00,2,290,1.62,1.64,1.14,0,1.40,0.00,86.40,61.71,0.00,0.57,0.57,0.08,27.40,30.80,3.32,10.62,0.00,0.00,0.00,0.00
2018-01-05 06:57:14,72.49,0.00,1.41,0.00,0.00,0.00,0.10,0.00,0.00,26.00,2.60,1307.60,1150.40,0.00,0.00,0.00,13.60,667.80,0.00,844.00,0.00,0.00,0.00,0.00,0.40,0.00,0.40,0.00,27.20,10532300,0,5126700,32.74,27308,3872216,1763244,11.26,1368016,3514184,576,982688,140160,2480,5476,31532,0,0,0.00,0,0.00,2,296,1.57,1.63,1.14,0,0.40,0.00,27.20,68.00,0.00,0.00,0.00,0.00,8.40,11.80,2.26,2.11,0.00,0.00,0.00,0.00
2018-01-05 06:57:19,62.76,0.00,0.61,0.00,0.10,0.00,0.20,0.00,0.00,36.33,0.00,1119.20,1141.80,0.00,0.00,0.00,20.00,77.40,0.00,564.00,0.00,0.00,0.00,0.00,1.00,0.00,1.00,0.00,40.00,10542008,0,5116992,32.68,27316,3867152,1763244,11.26,1363492,3509468,580,978484,140016,2480,5480,31532,0,0,0.00,0,0.00,2,296,1.68,1.65,1.15,0,1.00,0.00,40.00,40.00,0.00,0.00,0.00,0.00,5.40,8.60,0.62,2.15,0.00,0.00,0.00,0.00
2018-01-05 06:57:24,56.85,0.00,0.71,0.10,0.10,0.00,0.10,0.00,0.00,42.14,0.00,1072.80,1037.00,0.00,0.00,0.00,8.80,19.40,0.00,306.20,0.00,0.00,0.00,0.00,0.40,0.00,0.40,0.00,17.60,10547144,0,5111856,32.64,27324,3862140,1763244,11.26,1363212,3504624,648,978444,139920,2472,5480,31532,0,0,0.00,0,0.00,3,295,1.63,1.64,1.14,0,0.40,0.00,17.60,44.00,0.00,2.00,2.00,0.08,6.60,9.60,0.77,2.10,0.00,0.00,0.00,0.00
2018-01-05 06:57:29,33.37,0.00,0.50,0.00,0.00,0.00,0.10,0.00,0.00,66.03,3.60,763.40,623.00,0.00,0.00,0.00,30.40,345.80,0.00,12952.60,0.00,0.00,0.00,0.00,1.00,0.00,1.00,0.00,60.80,10801736,0,4857264,31.02,27336,3856812,1470812,9.39,1114692,3499820,448,730440,139588,2264,4584,31532,0,0,0.00,0,0.00,0,269,1.58,1.63,1.14,0,1.00,0.00,60.80,60.80,0.00,0.00,0.00,0.00,23.40,27.00,2.52,4.53,0.00,0.00,0.00,0.00
2018-01-05 06:57:34,0.30,0.00,0.10,0.00,0.00,0.00,0.00,0.00,0.00,99.60,0.20,332.60,224.20,0.00,0.00,0.00,75.20,12.80,0.00,282.40,0.00,0.00,0.00,0.00,5.40,0.00,5.40,0.00,150.40,10807056,0,4851944,30.99,27336,3851740,1470812,9.39,1114468,3495148,128,730440,139492,2264,4584,31532,0,0,0.00,0,0.00,1,270,1.45,1.60,1.14,0,5.40,0.00,150.40,27.85,0.03,5.63,2.81,1.52,5.80,8.40,0.54,6.63,0.00,0.00,0.00,0.00
2018-01-05 06:57:39,0.20,0.00,0.10,0.10,0.10,0.00,0.00,0.00,0.00,99.50,0.00,331.40,217.00,0.00,0.00,0.00,12.00,7.60,0.00,283.20,0.00,0.00,0.00,0.00,0.80,0.00,0.80,0.00,24.00,10812168,0,4846832,30.95,27344,3846624,1470812,9.39,1114100,3490368,172,730440,139312,2264,4584,31532,0,0,0.00,0,0.00,0,269,1.34,1.58,1.13,0,0.80,0.00,24.00,30.00,0.00,6.00,6.00,0.48,4.00,6.60,0.42,1.66,0.00,0.00,0.00,0.00
2018-01-05 06:57:44,27.92,0.00,1.51,0.00,0.00,0.00,0.00,0.00,0.00,70.56,4.40,583.80,572.60,0.00,0.00,0.00,12.80,4450.80,0.00,2366.60,0.00,0.00,0.00,0.00,0.60,0.00,0.60,0.00,25.60,10702848,0,4956152,31.65,27352,3841592,1730764,11.05,1228760,3485696,292,845468,139264,2384,5064,31532,0,0,0.00,0,0.00,2,286,1.23,1.55,1.12,0,0.60,0.00,25.60,42.67,0.00,0.00,0.00,0.00,7.00,9.00,1.24,1.71,0.00,0.00,0.00,0.00
2018-01-05 06:57:49,80.98,0.00,1.60,0.00,0.10,0.00,0.40,0.00,0.00,16.92,2.80,724.80,1470.80,0.00,0.00,0.00,32.00,2137.40,0.00,4826.00,0.00,0.00,0.00,0.00,1.20,0.00,1.20,0.00,64.00,10563616,0,5095384,32.54,27368,3837600,1761432,11.25,1369468,3481048,508,985552,139544,2480,5500,31532,0,0,0.00,0,0.00,2,295,1.37,1.57,1.14,0,1.20,0.00,64.00,53.33,0.00,0.00,0.00,0.00,997.60,286.00,8652.12,20.32,0.00,0.00,0.00,0.00
2018-01-05 06:57:54,62.21,0.00,0.40,0.00,0.00,0.00,0.40,0.00,0.00,36.98,0.00,522.20,1245.00,0.00,0.00,0.00,8.80,42.00,0.00,2929.20,0.00,0.00,0.00,0.00,0.40,0.00,0.40,0.00,17.60,10560756,0,5098244,32.56,27376,3832528,1761432,11.25,1377668,3476324,560,994092,139432,2472,5504,31532,0,0,0.00,0,0.00,2,295,1.34,1.56,1.13,0,0.40,0.00,17.60,44.00,0.00,2.00,2.00,0.08,770.40,219.00,6692.98,15.72,0.00,0.00,0.00,0.00
2018-01-05 06:57:59,56.94,0.00,0.60,0.00,0.00,0.00,0.30,0.00,0.00,42.15,0.00,474.20,1202.00,0.00,0.00,0.00,13.60,19.80,0.00,2937.60,0.00,0.00,0.00,0.00,0.60,0.00,0.60,0.00,27.20,10565400,0,5093600,32.53,27384,3827460,1761432,11.25,1377292,3471616,596,994060,139276,2464,5504,31532,0,0,0.00,0,0.00,3,294,1.31,1.55,1.13,0,0.60,0.00,27.20,45.33,0.00,0.00,0.00,0.00,770.00,217.80,6698.85,15.45,0.00,0.00,0.00,0.00
2018-01-05 06:58:04,52.12,0.00,0.40,0.10,0.20,0.00,0.10,0.00,0.00,47.08,0.80,520.40,966.80,0.00,0.00,0.00,24.00,48.40,0.00,2870.40,0.00,0.00,0.00,0.00,1.60,0.00,1.60,0.00,48.00,10571244,0,5087756,32.49,27392,3822400,1761432,11.25,1377484,3466840,632,994572,139176,2464,5504,31532,0,0,0.00,0,0.00,5,297,1.29,1.55,1.13,0,1.60,0.00,48.00,30.00,0.00,0.00,0.00,0.00,548.00,155.40,4758.38,11.77,0.00,0.00,0.00,0.00
2018-01-05 06:58:09,76.53,0.00,3.01,0.00,0.10,0.00,0.10,0.00,0.00,20.26,10.00,1015.40,1281.80,0.00,0.00,0.00,79.20,7024.80,0.00,17388.40,0.00,0.00,0.00,0.00,2.40,0.00,2.40,0.00,158.40,10587572,0,5071428,32.39,27420,3817268,1743932,11.14,1365804,3462116,312,983280,138848,2480,5468,31532,0,0,0.00,0,0.00,5,296,1.43,1.57,1.14,0,2.40,0.00,158.40,66.00,0.00,0.33,0.33,0.08,268.00,101.60,2103.13,9.59,0.00,0.00,0.00,0.00
2018-01-05 06:58:14,63.81,0.00,0.81,0.00,0.20,0.00,0.50,0.00,0.00,34.68,0.00,606.40,1394.40,0.00,0.00,0.00,0.00,149.00,0.00,4724.80,0.00,0.00,0.00,0.00,0.00,0.00,0.00,0.00,0.00,10597344,0,5061656,32.32,27420,3812200,1743932,11.14,1360760,3457396,508,978584,138764,2472,5468,31532,0,0,0.00,0,0.00,2,295,1.39,1.56,1.14,0,0.00,0.00,0.00,0.00,0.00,0.00,0.00,0.00,1034.00,284.80,9035.17,19.54,0.00,0.00,0.00,0.00
2018-01-05 06:58:19,62.17,0.00,0.70,0.10,0.10,0.00,0.30,0.00,0.00,36.62,0.00,479.60,1557.80,0.00,0.00,0.00,11.20,21.80,0.00,4444.60,0.00,0.00,0.00,0.00,0.60,0.00,0.60,0.00,22.40,10602232,0,5056768,32.29,27428,3807128,1743932,11.14,1360032,3452644,536,978120,138684,2464,5468,31532,0,0,0.00,0,0.00,3,294,1.36,1.55,1.14,0,0.60,0.00,22.40,37.33,0.00,8.00,8.00,0.48,1198.20,334.40,10454.12,23.16,0.00,0.00,0.00,0.00
2018-01-05 06:58:24,52.46,0.00,0.50,0.00,0.10,0.00,0.20,0.00,0.00,46.73,0.00,396.60,936.40,0.00,0.00,0.00,13.60,13.00,0.00,2603.00,0.00,0.00,0.00,0.00,0.60,0.00,0.60,0.00,27.20,10609112,0,5049888,32.25,27436,3802064,1743932,11.14,1359764,3447912,580,978188,138596,2464,5468,31532,0,0,0.00,0,0.00,2,294,1.33,1.54,1.14,0,0.60,0.00,27.20,45.33,0.00,0.00,0.00,0.00,595.80,170.80,5160.88,12.83,0.00,0.00,0.00,0.00
2018-01-05 06:58:29,19.03,0.00,0.70,0.00,0.10,0.00,0.00,0.00,0.00,80.16,3.40,685.60,523.80,0.00,0.00,0.00,16.80,899.00,0.00,13196.80,0.00,0.00,0.00,0.00,0.80,0.00,0.80,0.00,33.60,10857140,0,4801860,30.67,27444,3796776,1460528,9.33,1117312,3443024,376,736108,138464,2264,4580,31532,0,0,0.00,0,0.00,1,269,1.23,1.52,1.13,0,0.80,0.00,33.60,42.00,0.00,1.00,1.00,0.08,21.40,24.40,2.28,4.01,0.00,0.00,0.00,0.00
2018-01-05 06:58:34,58.59,0.00,2.41,0.10,0.00,0.00,0.10,0.00,0.00,38.79,6.80,747.60,809.20,0.00,0.00,0.00,31.20,7345.80,0.00,4028.60,0.00,0.00,0.00,0.00,1.60,0.00,1.60,0.00,62.40,10722692,0,4936308,31.52,27456,3791860,1760020,11.24,1256724,3438484,600,875876,138476,2432,5228,31532,0,0,0.00,0,0.00,2,294,1.29,1.52,1.14,0,1.60,0.00,62.40,39.00,0.00,0.00,0.00,0.00,9.00,12.40,2.25,2.34,0.00,0.00,0.00,0.00
2018-01-05 06:58:39,70.15,0.00,1.01,0.00,0.20,0.00,0.10,0.00,0.00,28.54,0.40,548.00,1347.00,0.00,0.00,0.00,144.80,1028.20,0.00,4685.20,0.00,0.00,0.00,0.00,11.00,0.00,11.00,0.00,289.60,10618724,0,5040276,32.19,27468,3786764,1760020,11.24,1363364,3433656,60,982784,138424,2472,5472,31532,0,0,0.00,0,0.00,4,295,1.34,1.53,1.14,0,11.00,0.00,289.60,26.33,0.00,0.36,0.07,0.08,980.00,278.60,8531.81,19.51,0.00,0.00,0.00,0.00
2018-01-05 06:58:44,63.68,0.00,0.60,0.00,0.00,0.00,0.40,0.00,0.00,35.31,0.00,519.20,1179.80,0.00,0.00,0.00,20.00,286.00,0.00,3180.60,0.00,0.00,0.00,0.00,0.40,0.00,0.40,0.00,40.00,10623352,0,5035648,32.16,27476,3781736,1760020,11.24,1363360,3428980,216,983256,138220,2472,5472,31532,0,0,0.00,0,0.00,2,295,1.40,1.54,1.15,0,0.40,0.00,40.00,100.00,0.00,0.00,0.00,0.00,770.00,218.60,6683.80,15.63,0.00,0.00,0.00,0.00
2018-01-05 06:58:49,56.35,0.00,0.91,0.20,0.20,0.00,0.30,0.00,0.00,42.04,0.20,553.20,1387.40,0.00,0.00,0.00,9.60,34.20,0.00,4934.20,0.00,0.00,0.00,0.00,0.40,0.00,0.40,0.00,19.20,10639280,0,5019720,32.06,27488,3776688,1760020,11.24,1352320,3424384,296,972472,138112,2464,5456,31532,0,0,0.00,0,0.00,2,294,1.37,1.53,1.15,0,0.40,0.00,19.20,48.00,0.00,12.00,12.00,0.48,1188.40,331.20,10368.92,27.09,0.00,0.00,0.00,0.00
2018-01-05 06:58:54,41.53,0.00,1.01,0.00,0.10,0.00,0.00,0.00,0.00,57.36,7.00,782.80,875.80,0.00,0.00,0.00,22.40,2492.60,0.00,13526.40,0.00,0.00,0.00,0.00,0.80,0.00,0.80,0.00,44.80,10851004,0,4807996,30.70,27504,3771392,1710768,10.93,1148196,3419388,336,768760,137844,2288,4840,31532,0,0,0.00,0,0.00,3,284,1.34,1.52,1.15,0,0.80,0.00,44.80,56.00,0.00,0.00,0.00,0.00,152.80,60.60,1142.67,6.67,0.00,0.00,0.00,0.00
2018-01-05 06:58:59,82.30,0.00,3.20,0.00,0.10,0.00,0.30,0.00,0.00,14.10,3.59,732.53,1203.39,0.00,0.00,0.00,26.35,5540.32,0.00,5333.53,0.00,0.00,0.00,0.00,0.40,0.00,0.40,0.00,52.69,10634008,0,5024992,32.09,27512,3766484,1741424,11.12,1366956,3414800,576,987832,137928,2480,5472,31532,0,0,0.00,0,0.00,2,296,1.39,1.53,1.15,0,0.40,0.00,52.69,132.00,0.00,0.00,0.00,0.00,484.43,144.51,4148.29,11.02,0.00,0.00,0.00,0.00
2018-01-05 06:59:04,62.98,0.00,0.80,0.00,0.20,0.00,0.60,0.00,0.00,35.41,0.00,584.40,1521.80,0.00,0.00,0.00,8.00,47.60,0.00,4034.20,0.00,0.00,0.00,0.00,0.40,0.00,0.40,0.00,16.00,10640376,0,5018624,32.05,27520,3761408,1741424,11.12,1365520,3410092,620,986624,137856,2472,5476,31532,0,0,0.00,0,0.00,2,295,1.36,1.52,1.15,0,0.40,0.00,16.00,40.00,0.00,2.00,2.00,0.08,1065.00,295.20,9294.30,20.61,0.00,0.00,0.00,0.00
2018-01-05 06:59:09,62.97,0.00,0.61,0.00,0.10,0.00,0.40,0.00,0.00,35.92,0.00,508.40,1357.80,0.00,0.00,0.00,20.80,26.60,0.00,3758.80,0.00,0.00,0.00,0.00,1.20,0.00,1.20,0.00,41.60,10645016,0,5013984,32.02,27528,3756344,1741424,11.12,1365080,3405360,660,986652,137672,2464,5476,31532,0,0,0.00,0,0.00,2,294,1.33,1.51,1.15,0,1.20,0.00,41.60,34.67,0.00,0.00,0.00,0.00,976.60,272.80,8526.11,18.87,0.00,0.00,0.00,0.00
2018-01-05 06:59:14,51.26,0.00,0.30,0.10,0.10,0.00,0.00,0.00,0.00,48.24,0.00,405.60,1030.40,0.00,0.00,0.00,76.00,38.40,0.00,2242.80,0.00,0.00,0.00,0.00,4.60,0.00,4.60,0.00,152.00,10651248,0,5007752,31.98,27536,3751268,1741424,11.12,1365460,3400624,396,987228,137684,2464,5476,31532,0,0,0.00,0,0.00,2,294,1.30,1.50,1.15,0,4.60,0.00,152.00,33.04,0.01,1.22,1.22,0.56,546.00,162.80,4739.73,12.26,0.00,0.00,0.00,0.00
2018-01-05 06:59:19,48.80,0.00,1.80,0.00,0.10,0.00,0.10,0.00,0.00,49.20,8.40,929.80,948.40,0.00,0.00,0.00,36.80,5355.40,0.00,15116.40,0.00,0.00,0.00,0.00,1.20,0.00,1.20,0.00,73.60,10788512,0,4870488,31.10,27568,3746032,1731516,11.06,1230636,3395776,292,856860,137440,2400,5136,31532,0,0,0.00,0,0.00,4,288,1.20,1.48,1.14,0,1.20,0.00,73.60,61.33,0.02,13.33,10.00,1.20,26.80,30.60,3.38,4.95,0.00,0.00,0.00,0.00
2018-01-05 06:59:24,76.23,0.00,1.91,0.00,0.20,0.00,0.40,0.00,0.00,21.25,2.40,718.00,1404.00,0.00,0.00,0.00,0.00,1205.00,0.00,4332.20,0.00,0.00,0.00,0.00,0.00,0.00,0.00,0.00,0.00,10669596,0,4989404,31.86,27568,3741068,1762816,11.26,1354776,3391160,532,977276,137460,2472,5456,31532,0,0,0.00,0,0.00,2,295,1.34,1.50,1.15,0,0.00,0.00,0.00,0.00,0.00,0.00,0.00,0.00,987.20,279.20,8590.48,19.45,0.00,0.00,0.00,0.00
2018-01-05 06:59:29,61.27,0.00,0.80,0.00,0.20,0.00,0.10,0.00,0.00,37.63,0.00,504.40,1209.20,0.00,0.00,0.00,20.80,42.00,0.00,2931.00,0.00,0.00,0.00,0.00,1.00,0.00,1.00,0.00,41.60,10675176,0,4983824,31.83,27576,3735992,1762816,11.26,1354932,3386424,540,977728,137316,2472,5460,31532,0,0,0.00,0,0.00,3,295,1.31,1.50,1.15,0,1.00,0.00,41.60,41.60,0.01,6.40,6.40,0.64,766.60,215.40,6683.25,15.26,0.00,0.00,0.00,0.00
2018-01-05 06:59:34,55.92,0.00,1.00,0.00,0.10,0.00,0.30,0.00,0.00,42.67,0.00,469.60,1263.20,0.00,0.00,0.00,15.20,21.80,0.00,3326.40,0.00,0.00,0.00,0.00,0.60,0.00,0.60,0.00,30.40,10680112,0,4978888,31.80,27588,3730928,1762816,11.26,1354576,3381696,608,977716,137200,2464,5460,31532,0,0,0.00,0,0.00,2,294,1.29,1.49,1.15,0,0.60,0.00,30.40,50.67,0.00,0.00,0.00,0.00,850.80,238.60,7422.52,16.97,0.00,0.00,0.00,0.00
2018-01-05 06:59:39,44.55,0.00,0.81,0.00,0.10,0.00,0.10,0.00,0.00,54.44,7.00,777.40,1090.40,0.00,0.00,0.00,24.80,2305.40,0.00,14940.40,0.00,0.00,0.00,0.00,1.80,0.00,1.80,0.00,49.60,10916588,0,4742412,30.29,27608,3725708,1741632,11.12,1126220,3376852,400,749584,136944,2264,4888,31532,0,0,0.00,0,0.00,3,284,1.27,1.48,1.15,0,1.80,0.00,49.60,27.56,0.00,0.00,0.00,0.00,485.00,152.40,4045.87,12.66,0.00,0.00,0.00,0.00
2018-01-05 06:59:44,83.43,0.00,2.01,0.00,0.10,0.00,0.20,0.00,0.00,14.26,3.60,763.00,1253.20,0.00,0.00,0.00,30.40,5261.40,0.00,4910.00,0.00,0.00,0.00,0.00,0.80,0.00,0.80,0.00,60.80,10690168,0,4968832,31.73,27620,3721724,1741632,11.12,1353984,3372216,688,976876,137012,2480,5452,31532,0,0,0.00,0,0.00,2,296,1.25,1.47,1.15,0,0.80,0.00,60.80,76.00,0.00,2.00,1.00,0.08,446.40,134.40,3811.49,10.37,0.00,0.00,0.00,0.00
2018-01-05 06:59:49,64.76,0.00,0.80,0.00,0.20,0.00,0.30,0.00,0.00,33.94,0.00,622.00,1454.40,0.00,0.00,0.00,90.40,59.20,0.00,4454.60,0.00,0.00,0.00,0.00,6.00,0.00,6.00,0.00,180.80,10707852,0,4951148,31.62,27628,3716648,1741632,11.12,1341424,3367472,332,964624,136916,2472,5444,31532,0,0,0.00,0,0.00,2,295,1.23,1.46,1.15,0,6.00,0.00,180.80,30.13,0.00,0.00,0.00,0.00,1019.40,284.40,8906.73,19.84,0.00,0.00,0.00,0.00
2018-01-05 06:59:54,63.35,0.00,0.80,0.20,0.20,0.00,0.40,0.00,0.00,35.04,0.00,496.40,1398.00,0.00,0.00,0.00,18.40,23.80,0.00,3936.40,0.00,0.00,0.00,0.00,0.60,0.00,0.60,0.00,36.80,10713132,0,4945868,31.58,27636,3711580,1741632,11.12,1341068,3362780,436,964632,136832,2464,5432,31532,0,0,0.00,0,0.00,2,294,1.29,1.47,1.15,0,0.60,0.00,36.80,61.33,0.00,6.67,6.67,0.40,1059.40,296.20,9246.18,20.45,0.00,0.00,0.00,0.00
2018-01-05 06:59:59,51.86,0.00,0.40,0.00,0.10,0.00,0.20,0.00,0.00,47.43,0.00,462.20,832.00,0.00,0.00,0.00,12.00,15.20,0.00,1889.00,0.00,0.00,0.00,0.00,0.60,0.00,0.60,0.00,24.00,10718968,0,4940032,31.55,27644,3706548,1741632,11.12,1340768,3358172,476,964716,136744,2464,5432,31532,0,0,0.00,0,0.00,2,294,1.50,1.51,1.17,0,0.60,0.00,24.00,40.00,0.00,2.67,2.67,0.16,451.00,137.60,3816.86,14.02,0.00,0.00,0.00,0.00
2018-01-05 07:00:04,74.90,0.00,2.51,0.00,0.10,0.00,0.10,0.00,0.00,22.39,11.80,1583.60,1450.20,0.00,0.00,8.00,36.80,5828.00,0.00,14404.20,0.00,0.00,0.00,0.00,1.60,0.20,1.40,16.00,73.60,10825276,0,4833724,30.87,27664,3701540,1732404,11.06,1240512,3353384,660,864840,136756,2520,5248,31532,0,0,0.00,0,0.00,0,301,1.46,1.51,1.16,0,1.60,16.00,73.60,56.00,0.00,1.00,1.00,0.16,123.60,129.20,38.92,23.27,0.00,0.00,0.00,0.00
2018-01-05 07:00:09,0.91,0.00,0.00,0.00,0.00,0.00,0.10,0.00,0.00,98.99,0.00,503.40,408.60,0.00,0.00,0.00,21.60,13.40,0.00,547.60,0.00,0.00,0.00,0.00,1.20,0.00,1.20,0.00,43.20,10834568,0,4824432,30.81,27672,3696612,1732404,11.06,1235848,3348680,840,860240,136680,2520,5244,31532,0,0,0.00,0,0.00,1,301,1.35,1.48,1.16,0,1.20,0.00,43.20,36.00,0.00,0.00,0.00,0.00,29.20,32.00,3.37,12.71,0.00,0.00,0.00,0.00
2018-01-05 07:00:14,1.51,0.00,0.30,0.00,0.00,0.00,0.00,0.00,0.00,98.19,0.00,482.60,374.20,0.00,0.00,0.00,16.00,16.00,0.00,414.00,0.00,0.00,0.00,0.00,1.00,0.00,1.00,0.00,32.00,10841016,0,4817984,30.77,27680,3691516,1732404,11.06,1233364,3343960,844,858124,136596,2520,5244,31532,0,0,0.00,0,0.00,1,301,1.24,1.46,1.15,0,1.00,0.00,32.00,32.00,0.00,4.00,4.00,0.40,21.40,25.40,2.30,6.51,0.00,0.00,0.00,0.00
2018-01-05 07:00:19,1.21,0.00,0.20,0.10,0.10,0.00,0.00,0.00,0.00,98.39,0.00,476.20,373.20,0.00,0.00,0.00,7.20,18.60,0.00,292.40,0.00,0.00,0.00,0.00,0.40,0.00,0.40,0.00,14.40,10846372,0,4812628,30.73,27688,3686420,1732404,11.06,1233176,3339236,868,858168,136516,2520,5244,31532,0,0,0.00,0,0.00,1,301,1.14,1.43,1.15,0,0.40,0.00,14.40,36.00,0.00,0.00,0.00,0.00,16.00,20.00,1.90,5.80,0.00,0.00,0.00,0.00
2018-01-05 07:00:24,39.10,0.00,2.01,0.00,0.10,0.00,0.00,0.00,0.00,58.79,11.60,1635.80,868.20,0.00,0.00,0.00,94.40,6262.20,0.00,18799.80,0.00,0.00,0.00,0.00,5.20,0.00,5.20,0.00,188.80,11080608,0,4578392,29.24,27712,3681044,1421816,9.08,1005612,3334216,576,631004,136308,2352,4200,31532,0,0,0.00,0,0.00,4,254,1.05,1.41,1.14,0,5.20,0.00,188.80,36.31,0.00,0.62,0.31,0.16,41.60,47.80,5.59,13.95,0.00,0.00,0.00,0.00
2018-01-05 07:00:29,96.80,0.00,3.20,0.00,0.00,0.00,0.00,0.00,0.00,0.00,8.00,1326.00,862.80,0.00,0.00,0.80,41.60,8220.00,0.00,3665.60,0.00,0.00,0.00,0.00,1.20,0.20,1.00,1.60,83.20,10872744,0,4786256,30.57,27740,3676156,1729372,11.04,1217988,3329728,900,843832,136272,2344,5184,31532,0,0,0.00,0,0.00,5,282,1.37,1.47,1.16,0,1.20,1.60,83.20,70.67,0.01,8.67,4.67,0.56,46.40,47.40,4.64,17.09,0.00,0.00,0.00,0.00
2018-01-05 07:00:34,68.47,0.00,3.41,0.00,0.00,0.00,0.80,0.00,0.00,27.31,12.80,2913.00,1869.40,0.00,0.00,1.60,45.60,3526.40,0.00,17704.60,0.00,0.00,0.00,0.00,2.40,0.40,2.00,3.20,91.20,11152876,0,4506124,28.78,27756,3671392,1166372,7.45,943608,3324964,1188,569420,135704,2016,3872,31532,0,0,0.00,0,0.00,1,238,1.66,1.53,1.18,0,2.40,3.20,91.20,39.33,0.01,2.33,2.33,0.56,399.60,410.40,99.45,91.51,0.00,0.00,0.00,0.00
2018-01-05 07:00:39,0.50,0.00,0.10,0.00,0.00,0.00,0.00,0.00,0.00,99.40,0.00,329.40,263.60,0.00,0.00,0.00,82.40,9.20,0.00,297.00,0.00,0.00,0.00,0.00,1.60,0.00,1.60,0.00,164.80,11157908,0,4501092,28.74,27768,3666340,1166372,7.45,943068,3320388,928,569432,135608,2016,3872,31532,0,0,0.00,0,0.00,1,238,1.52,1.50,1.17,0,1.60,0.00,164.80,103.00,0.00,0.00,0.00,0.00,17.80,18.40,1.83,8.37,0.00,0.00,0.00,0.00
2018-01-05 10:15:35,65.21,0.00,1.44,1.47,0.05,0.00,0.22,0.00,0.00,31.61,3.88,1373.96,1067.72,0.00,0.00,119.69,4053.74,1971.09,0.00,5224.00,0.00,0.00,0.00,0.00,34.32,1.01,33.31,239.38,8107.49,5777732,0,9881268,63.10,48932,8803696,1282544,8.19,1446772,8056660,128,650848,274804,1912,4156,31532,0,0,0.00,0,0.00,1,227,1.65,1.97,1.84,0,34.32,239.38,8107.49,243.22,9.54,278.06,2.22,7.62,176.88,110.29,1056.77,895.96,0.00,0.00,0.00,0.00
2018-01-05 10:15:40,0.50,0.00,0.10,0.00,0.10,0.00,0.00,0.00,0.00,99.30,0.20,255.40,146.00,0.00,0.00,0.00,10.40,564.80,0.00,1275.40,0.00,0.00,0.00,0.00,0.40,0.00,0.40,0.00,20.80,5802100,0,9856900,62.95,48940,8803320,1248904,7.98,1423068,8056400,192,627268,274748,1904,3456,31532,0,0,0.00,0,0.00,0,224,1.52,1.94,1.83,0,0.40,0.00,20.80,52.00,0.00,2.00,2.00,0.08,3.00,4.20,0.26,0.58,0.00,0.00,0.00,0.00
2018-01-05 10:15:45,2.01,0.00,1.01,0.00,0.00,0.00,0.00,0.00,0.00,96.98,14.60,425.40,339.20,0.00,0.00,0.00,22.40,7738.40,0.00,2867.00,0.00,0.00,0.00,0.00,0.60,0.00,0.60,0.00,44.80,5793468,0,9865532,63.00,48952,8803056,1248700,7.97,1431840,8056128,280,635968,274792,1928,3956,31532,0,0,0.00,0,0.00,0,227,1.39,1.91,1.82,0,0.60,0.00,44.80,74.67,0.00,0.00,0.00,0.00,7.40,8.80,1.52,1.64,0.00,0.00,0.00,0.00
2018-01-05 10:15:50,34.68,0.00,2.02,0.61,0.00,0.00,0.00,0.00,0.00,62.69,15.00,821.20,860.40,0.00,0.00,28.00,0.00,5849.00,0.00,2018.00,0.00,0.00,0.00,0.00,7.00,7.00,0.00,56.00,0.00,5664340,0,9994660,63.83,49124,8804056,1575756,10.06,1559384,8057144,1332,763344,275028,2104,4548,31532,0,0,0.00,0,0.00,4,250,1.28,1.88,1.81,0,7.00,56.00,0.00,8.00,0.32,45.03,1.83,1.28,38.60,32.40,164.34,80.49,0.00,0.00,0.00,0.00
2018-01-05 10:15:55,82.24,0.00,2.62,0.00,0.10,0.00,0.10,0.00,0.00,14.93,13.80,1220.00,1344.80,0.00,0.00,2.40,98.40,4306.80,0.00,3604.20,0.00,0.00,0.00,0.00,10.00,0.20,9.80,4.80,196.80,5511860,0,10147140,64.80,49136,8804852,1859652,11.88,1709880,8057276,1956,913364,275472,2600,5000,31532,0,0,0.00,0,0.00,0,314,1.18,1.85,1.80,0,10.00,4.80,196.80,20.16,0.00,0.08,0.08,0.08,18.80,23.60,7.37,3.08,0.00,0.00,0.00,0.00
2018-01-05 10:16:00,55.04,0.00,1.81,0.00,0.10,0.00,0.00,0.00,0.00,43.04,16.40,1082.20,978.80,0.00,0.00,0.00,27.20,5650.80,0.00,2519.60,0.00,0.00,0.00,0.00,1.00,0.00,1.00,0.00,54.40,5374616,0,10284384,65.68,49160,8805028,2198376,14.04,1844524,8057528,2204,1047876,276292,3040,5744,31532,0,0,0.00,0,0.00,4,366,1.09,1.81,1.79,0,1.00,0.00,54.40,54.40,0.00,0.00,0.00,0.00,42.20,58.40,5.61,17.60,0.00,0.00,0.00,0.00
2018-01-05 10:16:05,72.91,0.00,1.51,0.10,0.10,0.00,0.30,0.00,0.00,25.08,2.80,1514.20,1396.60,0.00,0.00,0.80,453.60,2172.40,0.00,2175.60,0.00,0.00,0.00,0.00,15.00,0.20,14.80,1.60,907.20,5258404,0,10400596,66.42,49168,8805184,2229080,14.24,1959744,8057668,252,1163056,276368,3112,5992,31532,0,0,0.00,0,0.00,2,375,1.24,1.83,1.80,0,15.00,1.60,907.20,60.59,1.35,89.71,2.99,4.48,50.00,38.20,7.36,6.61,0.00,0.00,0.00,0.00
2018-01-05 10:16:10,65.16,0.00,0.70,0.00,0.10,0.00,0.10,0.00,0.00,33.94,0.00,1180.60,1115.80,0.00,0.00,0.00,73.60,238.20,0.00,227.80,0.00,0.00,0.00,0.00,4.40,0.00,4.40,0.00,147.20,5257560,0,10401440,66.42,49176,8805236,2229080,14.24,1960312,8057692,244,1163604,276360,3104,5996,31532,0,0,0.00,0,0.00,2,374,1.22,1.82,1.80,0,4.40,0.00,147.20,33.45,0.50,113.82,6.18,2.72,24.40,16.80,4.88,2.60,0.00,0.00,0.00,0.00
2018-01-05 10:16:15,57.96,0.00,0.91,0.00,0.10,0.00,0.10,0.00,0.00,40.93,0.00,1329.60,1195.00,0.00,0.00,0.00,12.80,41.20,0.00,372.80,0.00,0.00,0.00,0.00,0.40,0.00,0.40,0.00,25.60,5256912,0,10402088,66.43,49184,8805308,2229080,14.24,1960420,8057708,340,1163652,276360,3096,5996,31532,0,0,0.00,0,0.00,3,373,1.20,1.81,1.79,0,0.40,0.00,25.60,64.00,0.00,2.00,2.00,0.08,19.20,14.60,4.70,2.43,0.00,0.00,0.00,0.00
2018-01-05 10:16:20,49.60,0.00,1.61,0.00,0.10,0.00,0.10,0.00,0.00,48.59,8.00,918.40,860.20,0.00,0.00,0.00,10.40,3263.00,0.00,13475.80,0.00,0.00,0.00,0.00,0.40,0.00,0.40,0.00,20.80,5443780,0,10215220,65.24,49212,8801128,2187764,13.97,1780724,8052904,452,983316,276220,3032,5536,31532,0,0,0.00,0,0.00,3,365,1.19,1.79,1.79,0,0.40,0.00,20.80,52.00,0.00,0.00,0.00,0.00,28.20,20.60,7.63,3.13,0.00,0.00,0.00,0.00
2018-01-05 10:16:25,81.24,0.00,1.93,0.00,0.00,0.00,0.30,0.00,0.00,16.53,4.00,1423.60,1367.80,0.00,0.00,1624.80,27.20,4299.20,0.00,4106.80,0.00,0.00,0.00,0.00,13.60,13.00,0.60,3249.60,54.40,5250608,0,10408392,66.47,49224,8804356,2218364,14.17,1968484,8056480,676,1171384,276364,3120,6000,31532,0,0,0.00,0,0.00,4,376,1.33,1.81,1.79,0,13.60,3249.60,54.40,242.94,0.05,3.76,0.47,0.64,25.60,19.80,7.87,2.97,0.00,0.00,0.00,0.00
2018-01-05 10:16:30,68.79,0.00,0.61,0.00,0.20,0.00,0.20,0.00,0.00,30.20,0.00,1352.80,1303.80,0.00,0.00,0.00,12.00,47.20,0.00,317.80,0.00,0.00,0.00,0.00,0.40,0.00,0.40,0.00,24.00,5254644,0,10404356,66.44,49232,8799288,2218364,14.17,1968548,8051792,728,1171836,276400,3120,6004,31532,0,0,0.00,0,0.00,3,376,1.31,1.80,1.79,0,0.40,0.00,24.00,60.00,0.00,2.00,2.00,0.08,27.60,18.60,7.95,2.87,0.00,0.00,0.00,0.00
2018-01-05 10:16:35,71.77,0.00,1.11,0.00,0.00,0.00,0.50,0.00,0.00,26.61,7.00,1839.80,1524.20,0.00,0.00,0.00,13.60,806.80,0.00,880.60,0.00,0.00,0.00,0.00,0.60,0.00,0.60,0.00,27.20,5253812,0,10405188,66.45,49236,8794432,2218364,14.17,1974588,8047020,992,1177936,276316,3104,6012,31532,0,0,0.00,0,0.00,2,374,1.28,1.79,1.78,0,0.60,0.00,27.20,45.33,0.00,0.00,0.00,0.00,97.00,98.80,16.45,19.89,0.00,0.00,0.00,0.00
2018-01-05 10:16:40,55.60,0.00,0.30,0.00,0.10,0.00,0.10,0.00,0.00,43.90,2.00,899.40,894.40,0.00,0.00,0.00,117.60,62.40,0.00,383.80,0.00,0.00,0.00,0.00,7.00,0.00,7.00,0.00,235.20,5258436,0,10400564,66.42,49244,8789408,2218364,14.17,1974436,8042264,532,1178060,276288,3104,6016,31532,0,0,0.00,0,0.00,2,374,1.26,1.77,1.78,0,7.00,0.00,235.20,33.60,0.00,0.00,0.00,0.00,54.00,46.40,6.94,10.63,0.00,0.00,0.00,0.00
2018-01-05 10:16:45,74.47,0.00,2.40,0.00,0.10,0.00,0.20,0.00,0.00,22.82,11.60,1230.40,1125.00,0.00,0.00,0.00,40.80,6701.40,0.00,15620.60,0.00,0.00,0.00,0.00,1.40,0.00,1.40,0.00,81.60,5269512,0,10389488,66.35,49268,8784316,2221124,14.18,1969932,8037544,692,1173896,276100,3112,6016,31532,0,0,0.00,0,0.00,3,374,1.40,1.79,1.79,0,1.40,0.00,81.60,58.29,0.00,0.57,0.57,0.08,29.40,24.40,6.03,3.79,0.00,0.00,0.00,0.00
2018-01-05 10:16:50,72.22,0.00,0.91,0.10,0.00,0.00,0.20,0.00,0.00,26.57,0.00,1371.20,1197.60,0.00,0.00,0.00,51.20,49.20,0.00,527.60,0.00,0.00,0.00,0.00,1.80,0.00,1.80,0.00,102.40,5270600,0,10388400,66.34,49280,8779236,2221124,14.18,1972196,8032848,544,1176540,276012,3096,6024,31532,0,0,0.00,0,0.00,2,373,1.37,1.78,1.78,0,1.80,0.00,102.40,56.89,0.00,0.00,0.00,0.00,20.80,15.00,5.24,2.50,0.00,0.00,0.00,0.00
2018-01-05 10:16:55,59.90,0.00,0.81,0.00,0.20,0.00,0.20,0.00,0.00,38.89,0.20,1373.60,1332.20,0.00,0.00,0.00,16.00,42.00,0.00,325.60,0.00,0.00,0.00,0.00,0.60,0.00,0.60,0.00,32.00,5275824,0,10383176,66.31,49288,8774184,2221124,14.18,1972096,8028152,596,1176772,275980,3096,6028,31532,0,0,0.00,0,0.00,2,373,1.34,1.77,1.78,0,0.60,0.00,32.00,53.33,0.00,0.00,0.00,0.00,24.80,18.00,6.48,2.73,0.00,0.00,0.00,0.00
2018-01-05 10:17:00,58.61,0.00,0.60,0.00,0.00,0.00,0.10,0.00,0.00,40.68,0.20,1117.20,1041.80,0.00,0.00,0.00,9.60,23.80,0.00,383.60,0.00,0.00,0.00,0.00,0.40,0.00,0.40,0.00,19.20,5281452,0,10377548,66.27,49296,8769116,2221124,14.18,1971164,8023356,648,1176124,275912,3040,6028,31532,0,0,0.00,0,0.00,3,366,1.31,1.76,1.77,0,0.40,0.00,19.20,48.00,0.00,0.00,0.00,0.00,23.60,16.40,6.48,2.65,0.00,0.00,0.00,0.00
2018-01-05 10:17:05,69.76,0.00,1.81,0.00,0.10,0.00,0.10,0.00,0.00,28.23,9.80,1066.00,1065.20,0.00,0.00,0.00,33.60,5649.20,0.00,15335.20,0.00,0.00,0.00,0.00,1.00,0.00,1.00,0.00,67.20,5413320,0,10245680,65.43,49308,8763952,2197148,14.03,1845244,8018556,620,1050536,275888,2992,5756,31532,0,0,0.00,0,0.00,5,360,1.29,1.74,1.77,0,1.00,0.00,67.20,67.20,0.00,0.80,0.80,0.08,32.20,24.00,8.52,3.55,0.00,0.00,0.00,0.00
2018-01-05 10:17:10,74.37,0.00,1.72,0.00,0.10,0.00,0.20,0.00,0.00,23.61,8.60,1820.00,1487.00,0.00,0.00,0.00,32.80,806.40,0.00,671.40,0.00,0.00,0.00,0.00,1.00,0.00,1.00,0.00,65.60,5293628,0,10365372,66.19,49320,8759156,2228428,14.23,1969060,8013896,952,1174496,275804,3040,6016,31532,0,0,0.00,0,0.00,2,366,1.42,1.76,1.78,0,1.00,0.00,65.60,65.60,0.00,1.60,0.80,0.08,88.00,87.40,16.11,18.58,0.00,0.00,0.00,0.00
2018-01-05 10:17:15,64.69,0.00,0.91,0.00,0.10,0.00,0.20,0.00,0.00,34.10,2.00,1263.60,1220.60,0.00,0.00,0.00,118.40,96.00,0.00,394.40,0.00,0.00,0.00,0.00,7.20,0.00,7.20,0.00,236.80,5289372,0,10369628,66.22,49328,8754144,2228428,14.23,1977564,8009152,472,1183240,275748,3040,6036,31532,0,0,0.00,0,0.00,2,366,1.39,1.75,1.77,0,7.20,0.00,236.80,32.89,0.00,0.11,0.11,0.08,56.40,49.00,7.91,25.14,0.00,0.00,0.00,0.00
2018-01-05 10:17:20,60.02,0.00,0.81,0.00,0.10,0.00,0.20,0.00,0.00,38.87,1.00,1455.40,1371.00,0.00,0.00,0.00,16.80,91.00,0.00,976.60,0.00,0.00,0.00,0.00,0.60,0.00,0.60,0.00,33.60,5299776,0,10359224,66.16,49336,8749152,2228428,14.23,1971852,8004484,644,1177956,275660,3056,6028,31532,0,0,0.00,0,0.00,3,368,1.36,1.74,1.77,0,0.60,0.00,33.60,56.00,0.00,1.33,1.33,0.08,33.40,26.20,5.46,5.01,0.00,0.00,0.00,0.00
2018-01-05 10:17:25,60.24,0.00,1.72,0.00,0.10,0.00,0.00,0.00,0.00,37.94,9.20,981.80,951.00,0.00,0.00,0.00,18.40,4858.60,0.00,14421.40,0.00,0.00,0.00,0.00,0.80,0.00,0.80,0.00,36.80,5442812,0,10216188,65.24,49348,8743872,2184976,13.95,1836124,7999592,560,1042572,275276,3000,5640,31532,0,0,0.00,0,0.00,2,362,1.33,1.73,1.76,0,0.80,0.00,36.80,46.00,0.00,0.00,0.00,0.00,30.80,26.00,5.86,4.86,0.00,0.00,0.00,0.00
2018-01-05 10:17:30,82.41,0.00,1.11,0.00,0.10,0.00,0.20,0.00,0.00,16.18,3.20,1663.40,1471.60,0.00,0.00,0.00,27.20,1202.40,0.00,1006.20,0.00,0.00,0.00,0.00,0.60,0.00,0.60,0.00,54.40,5305332,0,10353668,66.12,49360,8738908,2215708,14.15,1976932,7994992,788,1183668,275228,3080,6024,31532,0,0,0.00,0,0.00,2,371,1.46,1.75,1.77,0,0.60,0.00,54.40,90.67,0.00,0.00,0.00,0.00,28.80,20.80,8.91,3.27,0.00,0.00,0.00,0.00
2018-01-05 10:17:35,63.34,0.00,0.50,0.10,0.00,0.00,0.20,0.00,0.00,35.85,0.00,1101.60,1046.20,0.00,0.00,0.00,50.40,44.80,0.00,333.00,0.00,0.00,0.00,0.00,2.00,0.00,2.00,0.00,100.80,5310192,0,10348808,66.09,49364,8733844,2215708,14.15,1977004,7990216,656,1184020,275128,3064,6028,31532,0,0,0.00,0,0.00,2,369,1.43,1.73,1.77,0,2.00,0.00,100.80,50.40,0.00,0.00,0.00,0.00,28.40,19.20,7.60,3.01,0.00,0.00,0.00,0.00
2018-01-05 10:17:40,58.99,0.00,0.40,0.00,0.20,0.00,0.30,0.00,0.00,40.10,2.00,1217.40,1099.40,0.00,0.00,0.00,26.40,63.40,0.00,423.00,0.00,0.00,0.00,0.00,1.00,0.00,1.00,0.00,52.80,5307520,0,10351480,66.11,49368,8728844,2215708,14.15,1984468,7985492,752,1191788,274988,3040,6044,31532,0,0,0.00,0,0.00,2,366,1.39,1.72,1.76,0,1.00,0.00,52.80,52.80,0.00,0.00,0.00,0.00,46.40,40.00,10.07,7.93,0.00,0.00,0.00,0.00
2018-01-05 10:17:45,58.03,0.00,1.31,0.00,0.00,0.00,0.10,0.00,0.00,40.56,11.60,1373.80,1206.80,0.00,0.00,0.00,19.20,2658.20,0.00,13382.60,0.00,0.00,0.00,0.00,0.60,0.00,0.60,0.00,38.40,5499636,0,10159364,64.88,49372,8723796,2182780,13.94,1796020,7980660,800,1005568,275104,2960,5516,31532,0,0,0.00,0,0.00,2,356,1.36,1.71,1.76,0,0.60,0.00,38.40,64.00,0.00,0.00,0.00,0.00,75.40,69.40,12.86,14.08,0.00,0.00,0.00,0.00
2018-01-05 10:17:50,84.91,0.00,2.21,0.00,0.10,0.00,0.20,0.00,0.00,12.58,5.80,1370.60,1343.00,0.00,0.00,0.00,136.00,4215.60,0.00,2855.00,0.00,0.00,0.00,0.00,7.40,0.00,7.40,0.00,272.00,5293276,0,10365724,66.20,49388,8718892,2213536,14.14,2007880,7975996,500,1215592,274904,3048,6100,31532,0,0,0.00,0,0.00,1,367,1.33,1.70,1.75,0,7.40,0.00,272.00,36.76,0.04,5.19,2.59,1.92,53.80,47.60,9.62,9.54,0.00,0.00,0.00,0.00
2018-01-05 10:17:55,64.04,0.00,0.91,0.00,0.10,0.00,0.20,0.00,0.00,34.75,0.20,1306.20,1243.20,0.00,0.00,0.00,16.80,54.00,0.00,400.60,0.00,0.00,0.00,0.00,0.80,0.00,0.80,0.00,33.60,5295272,0,10363728,66.18,49396,8713872,2213536,14.14,2010536,7971348,600,1218688,274888,3056,6112,31532,0,0,0.00,0,0.00,2,368,1.30,1.69,1.75,0,0.80,0.00,33.60,42.00,0.00,0.00,0.00,0.00,29.20,20.60,6.15,3.31,0.00,0.00,0.00,0.00
2018-01-05 10:18:00,64.08,0.00,0.70,0.00,0.10,0.00,0.20,0.00,0.00,34.91,0.80,1288.42,1170.46,0.00,0.00,0.00,15.97,40.32,0.00,448.90,0.00,0.00,0.00,0.00,0.60,0.00,0.60,0.00,31.94,5293604,0,10365396,66.19,49404,8708788,2213536,14.14,2016512,7966564,672,1224884,274852,3048,6124,31532,0,0,0.00,0,0.00,2,367,1.28,1.68,1.75,0,0.60,0.00,31.94,53.33,0.00,1.33,1.33,0.08,32.53,26.15,7.17,5.03,0.00,0.00,0.00,0.00
2018-01-05 10:18:05,52.57,0.00,0.50,0.00,0.10,0.00,0.10,0.00,0.00,46.73,0.60,839.60,859.40,0.00,0.00,0.80,16.00,54.60,0.00,341.80,0.00,0.00,0.00,0.00,0.80,0.20,0.60,1.60,32.00,5292152,0,10366848,66.20,49412,8703740,2213536,14.14,2022884,7961840,752,1231576,274812,3040,6136,31532,0,0,0.00,0,0.00,3,366,1.26,1.66,1.74,0,0.80,1.60,32.00,42.00,0.00,0.00,0.00,0.00,36.20,27.60,7.72,6.21,0.00,0.00,0.00,0.00
2018-01-05 10:18:10,66.70,0.00,2.32,0.00,0.10,0.00,0.20,0.00,0.00,30.68,10.60,1077.20,1114.80,0.00,0.00,0.00,79.20,6839.60,0.00,15528.40,0.00,0.00,0.00,0.00,2.60,0.00,2.60,0.00,158.40,5398412,0,10260588,65.53,49424,8699648,2220412,14.18,1922876,7957116,668,1130932,274724,3000,5920,31532,0,0,0.00,0,0.00,3,364,1.16,1.64,1.73,0,2.60,0.00,158.40,60.92,0.00,0.31,0.31,0.08,37.00,27.20,9.87,4.09,0.00,0.00,0.00,0.00
2018-01-05 10:18:15,71.41,0.00,1.01,0.00,0.10,0.00,0.10,0.00,0.00,27.37,3.20,1541.00,1407.20,0.00,0.00,0.00,14.40,229.00,0.00,825.00,0.00,0.00,0.00,0.00,0.40,0.00,0.40,0.00,28.80,5291968,0,10367032,66.20,49432,8694632,2220412,14.18,2032368,7952388,796,1240688,274720,3040,6160,31532,0,0,0.00,0,0.00,2,366,1.30,1.66,1.74,0,0.40,0.00,28.80,72.00,0.00,2.00,2.00,0.08,53.60,46.00,12.45,8.94,0.00,0.00,0.00,0.00
2018-01-05 10:18:20,65.25,0.00,0.91,0.10,0.00,0.00,0.30,0.00,0.00,33.43,4.60,1393.00,1318.60,0.00,0.00,0.00,22.40,127.00,0.00,462.40,0.00,0.00,0.00,0.00,1.20,0.00,1.20,0.00,44.80,5277852,0,10381148,66.30,49440,8689704,2220412,14.18,2051172,7947648,948,1259688,274756,3040,6200,31532,0,0,0.00,0,0.00,2,366,1.28,1.65,1.74,0,1.20,0.00,44.80,37.33,0.00,0.00,0.00,0.00,78.20,73.20,12.78,16.43,0.00,0.00,0.00,0.00
2018-01-05 10:18:25,58.85,0.00,0.51,0.00,0.20,0.00,0.20,0.00,0.00,40.24,0.80,1403.00,1366.20,0.00,0.00,0.00,111.20,84.40,0.00,506.60,0.00,0.00,0.00,0.00,5.80,0.00,5.80,0.00,222.40,5268996,0,10390004,66.35,49448,8684664,2299904,14.69,2065336,7942880,548,1274112,274644,3040,6228,31532,0,0,0.00,0,0.00,2,366,1.34,1.65,1.74,0,5.80,0.00,222.40,38.34,0.00,0.00,0.00,0.00,42.40,32.00,6.81,5.79,0.00,0.00,0.00,0.00
2018-01-05 10:18:30,52.57,0.00,1.82,0.00,0.00,0.00,0.00,0.00,0.00,45.61,8.60,934.20,847.80,0.00,0.00,0.00,24.80,4022.40,0.00,14079.60,0.00,0.00,0.00,0.00,1.00,0.00,1.00,0.00,49.60,5445400,0,10213600,65.23,49460,8679480,2257360,14.42,1895160,7938044,516,1104300,274468,2968,5800,31532,0,0,0.00,0,0.00,4,357,1.31,1.64,1.73,0,1.00,0.00,49.60,49.60,0.00,0.80,0.80,0.08,37.80,30.80,7.63,5.70,0.00,0.00,0.00,0.00
2018-01-05 10:18:35,80.68,0.00,1.91,0.00,0.20,0.00,0.20,0.00,0.00,17.00,4.00,1497.00,1417.40,0.00,0.00,819.20,28.00,3168.60,0.00,2568.00,0.00,0.00,0.00,0.00,7.20,6.40,0.80,1638.40,56.00,5275176,0,10383824,66.31,49472,8678612,2257360,14.42,2064504,7937388,720,1273780,274632,3048,6236,31532,0,0,0.00,0,0.00,3,367,1.45,1.67,1.74,0,7.20,1638.40,56.00,235.33,0.04,5.11,0.33,0.24,31.20,23.60,8.44,3.74,0.00,0.00,0.00,0.00
2018-01-05 10:18:40,67.00,0.00,0.40,0.00,0.00,0.00,0.20,0.00,0.00,32.39,0.40,1250.80,1253.20,0.00,0.00,0.00,30.40,59.60,0.00,329.60,0.00,0.00,0.00,0.00,1.40,0.00,1.40,0.00,60.80,5279508,0,10379492,66.28,49480,8673560,2257360,14.42,2064828,7932576,744,1274368,274632,3056,6236,31532,0,0,0.00,0,0.00,3,367,1.41,1.65,1.74,0,1.40,0.00,60.80,43.43,0.00,0.00,0.00,0.00,31.60,22.80,7.77,3.98,0.00,0.00,0.00,0.00
2018-01-05 10:18:45,58.27,0.00,0.60,0.00,0.10,0.00,0.10,0.00,0.00,40.93,0.40,1096.00,1068.20,0.00,0.00,0.00,44.00,24.80,0.00,340.20,0.00,0.00,0.00,0.00,1.20,0.00,1.20,0.00,88.00,5284268,0,10374732,66.25,49488,8668512,2257360,14.42,2064576,7927756,688,1274352,274632,3040,6236,31532,0,0,0.00,0,0.00,3,366,1.38,1.64,1.73,0,1.20,0.00,88.00,73.33,0.00,0.00,0.00,0.00,35.60,25.60,9.09,4.50,0.00,0.00,0.00,0.00
2018-01-05 10:18:50,53.48,0.00,1.01,0.10,0.10,0.00,0.20,0.00,0.00,45.11,6.80,1261.20,1101.00,0.00,0.00,0.00,10.40,318.80,0.00,597.40,0.00,0.00,0.00,0.00,0.40,0.00,0.40,0.00,20.80,5289716,0,10369284,66.22,49496,8663316,2257360,14.42,2064456,7922820,616,1274460,274624,3072,6244,31532,0,0,0.00,0,0.00,0,361,1.43,1.65,1.73,0,0.40,0.00,20.80,52.00,0.00,0.00,0.00,0.00,68.80,62.60,13.56,12.98,0.00,0.00,0.00,0.00
2018-01-05 10:18:55,71.84,0.00,2.81,0.00,0.10,0.00,0.00,0.00,0.00,25.25,11.60,1168.00,1220.20,0.00,0.00,409.60,33.60,8041.80,0.00,17256.80,0.00,0.00,0.00,0.00,4.20,3.20,1.00,819.20,67.20,5294008,0,10364992,66.19,49516,8660592,2259832,14.43,2063448,7920192,984,1273600,274636,3056,6224,31532,0,0,0.00,0,0.00,3,368,1.55,1.67,1.74,0,4.20,819.20,67.20,211.05,0.02,4.57,0.38,0.16,72.00,64.80,12.66,13.11,0.00,0.00,0.00,0.00
2018-01-05 10:19:00,70.69,0.00,0.70,0.00,0.10,0.00,0.20,0.00,0.00,28.30,0.40,1361.40,1308.80,0.00,0.00,0.00,123.20,124.40,0.00,804.40,0.00,0.00,0.00,0.00,7.00,0.00,7.00,0.00,246.40,5297652,0,10361348,66.17,49520,8655524,2259832,14.43,2064236,7915428,520,1274620,274708,3056,6236,31532,0,0,0.00,0,0.00,2,368,1.51,1.66,1.74,0,7.00,0.00,246.40,35.20,0.00,0.00,0.00,0.00,41.20,30.80,7.36,7.96,0.00,0.00,0.00,0.00
2018-01-05 10:19:05,61.09,0.00,1.11,0.00,0.10,0.00,0.10,0.00,0.00,37.60,0.80,1473.20,1462.60,0.00,0.00,0.00,19.20,56.20,0.00,367.40,0.00,0.00,0.00,0.00,0.80,0.00,0.80,0.00,38.40,5301920,0,10357080,66.14,49528,8650496,2259832,14.43,2064024,7910552,600,1274584,274696,3040,6236,31532,0,0,0.00,0,0.00,2,366,1.63,1.68,1.74,0,0.80,0.00,38.40,48.00,0.00,1.00,1.00,0.08,36.40,28.40,7.76,5.56,0.00,0.00,0.00,0.00
2018-01-05 10:19:10,58.27,0.00,0.81,0.00,0.10,0.00,0.10,0.00,0.00,40.73,0.60,1270.60,1196.00,0.00,0.00,0.00,20.00,31.60,0.00,350.60,0.00,0.00,0.00,0.00,0.80,0.00,0.80,0.00,40.00,5307020,0,10351980,66.11,49536,8645452,2259832,14.43,2063972,7905728,676,1274724,274624,3040,6236,31532,0,0,0.00,0,0.00,2,366,1.66,1.69,1.75,0,0.80,0.00,40.00,50.00,0.00,1.00,1.00,0.08,36.80,26.20,8.22,4.75,0.00,0.00,0.00,0.00
2018-01-05 10:19:15,58.25,0.00,1.91,0.00,0.10,0.00,0.30,0.00,0.00,39.44,9.20,1106.20,993.20,0.00,0.00,0.00,36.00,5019.60,0.00,14868.80,0.00,0.00,0.00,0.00,1.20,0.00,1.20,0.00,72.00,5453024,0,10205976,65.18,49552,8640268,2247036,14.35,1925664,7900820,692,1136660,274356,2976,5880,31532,0,0,0.00,0,0.00,3,360,1.61,1.68,1.74,0,1.20,0.00,72.00,60.00,0.00,0.00,0.00,0.00,41.20,31.20,9.37,5.44,0.00,0.00,0.00,0.00
2018-01-05 10:19:20,80.97,0.00,2.42,0.00,0.10,0.00,0.40,0.00,0.00,16.11,3.20,1575.20,1467.20,0.00,0.00,0.00,47.20,3671.80,0.00,3559.20,0.00,0.00,0.00,0.00,1.00,0.00,1.00,0.00,94.40,5322740,0,10336260,66.01,49560,8635356,2308372,14.74,2058492,7896180,708,1269704,274400,3048,6208,31532,0,0,0.00,0,0.00,2,367,1.64,1.68,1.74,0,1.00,0.00,94.40,94.40,0.00,0.80,0.80,0.08,36.40,27.40,10.31,4.67,0.00,0.00,0.00,0.00
2018-01-05 10:19:25,63.22,0.00,0.71,0.00,0.00,0.00,0.30,0.00,0.00,35.76,3.60,1336.60,1296.80,0.00,0.00,0.00,21.60,188.60,0.00,505.00,0.00,0.00,0.00,0.00,1.00,0.00,1.00,0.00,43.20,5326636,0,10332364,65.98,49568,8630344,2308372,14.74,2058952,7891284,820,1270328,274424,3056,6212,31532,0,0,0.00,0,0.00,2,369,1.59,1.67,1.74,0,1.00,0.00,43.20,43.20,0.00,0.00,0.00,0.00,70.80,62.40,13.56,12.99,0.00,0.00,0.00,0.00
2018-01-05 10:19:30,58.77,0.00,0.50,0.00,0.10,0.00,0.30,0.00,0.00,40.32,2.60,1292.40,1267.20,0.00,0.00,0.00,197.60,78.20,0.00,424.80,0.00,0.00,0.00,0.00,11.80,0.00,11.80,0.00,395.20,5331612,0,10327388,65.95,49576,8625376,2308372,14.74,2058824,7886480,192,1270356,274476,3040,6212,31532,0,0,0.00,0,0.00,2,366,1.54,1.66,1.74,0,11.80,0.00,395.20,33.49,0.01,1.15,0.07,0.08,65.80,56.20,10.92,12.04,0.00,0.00,0.00,0.00
2018-01-05 10:19:35,57.34,0.00,1.41,0.10,0.10,0.00,0.10,0.00,0.00,40.95,8.00,1161.40,1097.80,0.00,0.00,0.00,30.40,2930.40,0.00,13526.80,0.00,0.00,0.00,0.00,1.00,0.00,1.00,0.00,60.80,5524316,0,10134684,64.72,49592,8620272,2271428,14.51,1865856,7881628,456,1083856,274696,2952,5744,31532,0,0,0.00,0,0.00,5,355,1.50,1.65,1.73,0,1.00,0.00,60.80,60.80,0.00,0.80,0.80,0.08,38.60,30.00,7.78,4.94,0.00,0.00,0.00,0.00
2018-01-05 10:19:40,48.49,0.00,1.71,0.00,0.10,0.00,0.10,0.00,0.00,49.60,5.40,930.00,970.60,0.00,0.00,0.00,14.40,4533.20,0.00,3021.00,0.00,0.00,0.00,0.00,0.40,0.00,0.40,0.00,28.80,5444188,0,10214812,65.23,49600,8615388,2271428,14.51,1956360,7876880,744,1168256,274816,3088,6020,31532,0,0,0.00,0,0.00,0,372,1.62,1.67,1.74,0,0.40,0.00,28.80,72.00,0.00,0.00,0.00,0.00,80.00,71.40,20.22,10.21,0.00,0.00,0.00,0.00
2018-01-05 10:19:45,1.42,0.00,0.20,0.00,0.10,0.00,0.10,0.00,0.00,98.18,0.60,587.20,493.60,0.00,0.00,0.00,172.00,27.20,0.00,329.00,0.00,0.00,0.00,0.00,13.00,0.00,13.00,0.00,344.00,5448832,0,10210168,65.20,49608,8610372,2271428,14.51,1956220,7872156,152,1168348,274816,3088,6020,31532,0,0,0.00,0,0.00,1,372,1.49,1.64,1.73,0,13.00,0.00,344.00,26.46,0.04,3.26,2.52,3.28,40.60,29.80,9.28,5.74,0.00,0.00,0.00,0.00
2018-01-05 10:19:50,1.81,0.00,0.30,0.00,0.00,0.00,0.00,0.00,0.00,97.88,0.00,518.40,400.40,0.00,0.00,0.00,15.20,9.80,0.00,308.80,0.00,0.00,0.00,0.00,0.60,0.00,0.60,0.00,30.40,5454020,0,10204980,65.17,49620,8605244,2271428,14.51,1955980,7867232,240,1168360,274656,3088,6020,31532,0,0,0.00,0,0.00,0,372,1.37,1.62,1.72,0,0.60,0.00,30.40,50.67,0.00,1.33,1.33,0.08,27.20,18.20,6.88,3.15,0.00,0.00,0.00,0.00
2018-01-05 10:19:55,2.63,0.00,0.10,0.00,0.10,0.00,0.00,0.00,0.00,97.16,1.80,664.00,567.00,0.00,0.00,0.00,6.40,46.20,0.00,368.80,0.00,0.00,0.00,0.00,0.40,0.00,0.40,0.00,12.80,5458940,0,10200060,65.14,49628,8600216,2271428,14.51,1955936,7862444,348,1168540,274688,3096,6020,31532,0,0,0.00,0,0.00,0,373,1.26,1.59,1.71,0,0.40,0.00,12.80,32.00,0.00,2.00,2.00,0.08,57.20,46.40,12.45,8.18,0.00,0.00,0.00,0.00
2018-01-05 10:20:00,3.12,0.00,0.50,0.20,0.10,0.00,0.10,0.00,0.00,95.97,3.20,899.60,847.60,0.00,0.00,0.00,101.60,87.80,0.00,857.00,0.00,0.00,0.00,0.00,6.40,0.00,6.40,0.00,203.20,5467988,0,10191012,65.08,49636,8595248,2271428,14.51,1951332,7857648,152,1164100,274696,3096,6012,31532,0,0,0.00,0,0.00,0,373,1.16,1.56,1.70,0,6.40,0.00,203.20,31.75,0.04,6.00,0.25,0.16,77.20,69.00,13.66,13.91,0.00,0.00,0.00,0.00
2018-01-05 10:20:05,2.02,0.00,0.30,0.00,0.10,0.00,0.10,0.00,0.00,97.47,2.00,721.40,635.20,0.00,0.00,0.00,7.20,49.80,0.00,335.40,0.00,0.00,0.00,0.00,0.40,0.00,0.40,0.00,14.40,5471808,0,10187192,65.06,49644,8591244,2271428,14.51,1952192,7852816,264,1164140,274692,3088,6012,31532,0,0,0.00,0,0.00,1,372,1.07,1.54,1.69,0,0.40,0.00,14.40,36.00,0.00,0.00,0.00,0.00,62.60,53.80,10.09,11.09,0.00,0.00,0.00,0.00
2018-01-05 10:20:10,0.91,0.00,0.20,0.00,0.10,0.00,0.00,0.00,0.00,98.79,0.00,492.00,361.00,0.00,0.00,0.00,4.00,8.20,0.00,300.60,0.00,0.00,0.00,0.00,0.40,0.00,0.40,0.00,8.00,5477048,0,10181952,65.02,49648,8586160,2271428,14.51,1951936,7848016,300,1164148,274692,3088,6012,31532,0,0,0.00,0,0.00,1,372,0.98,1.51,1.68,0,0.40,0.00,8.00,20.00,0.00,2.00,2.00,0.08,27.00,17.80,6.07,3.04,0.00,0.00,0.00,0.00
2018-01-05 10:20:15,2.02,0.00,0.20,0.00,0.00,0.00,0.00,0.00,0.00,97.78,0.20,548.20,429.20,0.00,0.00,0.00,6.40,13.80,0.00,316.00,0.00,0.00,0.00,0.00,0.40,0.00,0.40,0.00,12.80,5482132,0,10176868,64.99,49656,8581092,2271428,14.51,1951708,7843196,360,1164172,274692,3088,6012,31532,0,0,0.00,0,0.00,1,372,0.90,1.49,1.67,0,0.40,0.00,12.80,32.00,0.00,0.00,0.00,0.00,34.60,24.00,8.77,3.87,0.00,0.00,0.00,0.00
2018-01-05 10:20:20,1.82,0.00,0.20,0.00,0.10,0.00,0.20,0.00,0.00,97.68,1.60,671.40,569.60,0.00,0.00,0.00,5.60,40.20,0.00,356.40,0.00,0.00,0.00,0.00,0.40,0.00,0.40,0.00,11.20,5486804,0,10172196,64.96,49664,8576056,2271428,14.51,1951680,7838352,444,1164328,274692,3096,6012,31532,0,0,0.00,0,0.00,0,373,0.83,1.46,1.66,0,0.40,0.00,11.20,28.00,0.00,0.00,0.00,0.00,50.60,41.20,10.32,8.16,0.00,0.00,0.00,0.00
2018-01-05 10:20:25,1.11,0.00,0.20,0.00,0.10,0.00,0.00,0.00,0.00,98.59,0.60,545.60,429.80,0.00,0.00,0.00,0.00,19.40,0.00,320.00,0.00,0.00,0.00,0.00,0.00,0.00,0.00,0.00,0.00,5491880,0,10167120,64.93,49664,8570984,2271428,14.51,1951516,7833556,492,1164424,274692,3104,6012,31532,0,0,0.00,0,0.00,1,374,0.76,1.44,1.66,0,0.00,0.00,0.00,0.00,0.00,0.00,0.00,0.00,37.00,27.00,8.65,4.70,0.00,0.00,0.00,0.00
2018-01-05 10:20:30,2.32,0.00,0.20,0.00,0.00,0.00,0.20,0.00,0.00,97.28,2.00,721.80,630.80,0.00,0.00,0.00,58.40,52.20,0.00,379.20,0.00,0.00,0.00,0.00,1.80,0.00,1.80,0.00,116.80,5496964,0,10162036,64.90,49672,8565964,2271428,14.51,1951364,7828764,400,1164492,274696,3104,6012,31532,0,0,0.00,0,0.00,0,374,0.70,1.41,1.65,0,1.80,0.00,116.80,64.89,0.00,0.00,0.00,0.00,59.80,50.60,11.76,9.32,0.00,0.00,0.00,0.00
2018-01-05 10:20:35,3.22,0.00,0.40,0.00,0.20,0.00,0.10,0.00,0.00,96.08,2.80,838.80,748.00,0.00,0.00,0.00,80.00,74.60,0.00,1009.20,0.00,0.00,0.00,0.00,2.80,0.00,2.80,0.00,160.00,5501380,0,10157620,64.87,49676,8560976,2271428,14.51,1951716,7823976,180,1165052,274676,3088,6016,31532,0,0,0.00,0,0.00,0,372,0.65,1.39,1.64,0,2.80,0.00,160.00,57.14,0.00,0.00,0.00,0.00,73.40,64.40,13.33,12.75,0.00,0.00,0.00,0.00
2018-01-05 10:20:40,1.52,0.00,0.30,0.00,0.00,0.00,0.00,0.00,0.00,98.18,1.60,672.20,578.80,0.00,0.00,0.00,10.40,49.20,0.00,377.00,0.00,0.00,0.00,0.00,0.40,0.00,0.40,0.00,20.80,5506160,0,10152840,64.84,49684,8555952,2271428,14.51,1951568,7819276,324,1165208,274616,3080,6016,31532,0,0,0.00,0,0.00,0,371,0.59,1.37,1.63,0,0.40,0.00,20.80,52.00,0.00,2.00,2.00,0.08,59.60,49.40,9.93,13.55,0.00,0.00,0.00,0.00
2018-01-05 10:20:45,1.71,0.00,0.10,0.00,0.10,0.00,0.10,0.00,0.00,97.99,0.20,613.20,494.20,0.00,0.00,0.00,5.60,22.40,0.00,323.80,0.00,0.00,0.00,0.00,0.40,0.00,0.40,0.00,11.20,5511244,0,10147756,64.80,49692,8550880,2271428,14.51,1951280,7814528,372,1165244,274480,3080,6016,31532,0,0,0.00,0,0.00,0,371,0.55,1.35,1.62,0,0.40,0.00,11.20,28.00,0.00,0.00,0.00,0.00,36.20,25.20,7.68,4.27,0.00,0.00,0.00,0.00
2018-01-05 10:20:50,1.41,0.00,0.20,0.10,0.10,0.00,0.10,0.00,0.00,98.08,0.40,545.60,424.60,0.00,0.00,0.00,5.60,15.00,0.00,322.40,0.00,0.00,0.00,0.00,0.40,0.00,0.40,0.00,11.20,5516204,0,10142796,64.77,49700,8545804,2271428,14.51,1950972,7809792,416,1165260,274480,3080,6016,31532,0,0,0.00,0,0.00,0,371,0.50,1.32,1.61,0,0.40,0.00,11.20,28.00,0.00,0.00,0.00,0.00,37.60,26.20,9.18,20.85,0.00,0.00,0.00,0.00
2018-01-05 10:20:55,1.72,0.00,0.10,0.00,0.00,0.00,0.10,0.00,0.00,98.08,1.40,632.40,535.20,0.00,0.00,0.00,4.00,35.60,0.00,662.00,0.00,0.00,0.00,0.00,0.40,0.00,0.40,0.00,8.00,5521460,0,10137540,64.74,49708,8540760,2271428,14.51,1950800,7805060,496,1165396,274396,3088,6016,31532,0,0,0.00,0,0.00,0,372,0.46,1.30,1.60,0,0.40,0.00,8.00,20.00,0.00,0.00,0.00,0.00,49.00,39.20,10.27,7.48,0.00,0.00,0.00,0.00
2018-01-05 10:21:00,1.51,0.00,0.20,0.00,0.10,0.00,0.20,0.00,0.00,97.98,1.20,638.60,541.40,0.00,0.00,0.00,61.60,35.80,0.00,357.20,0.00,0.00,0.00,0.00,1.80,0.00,1.80,0.00,123.20,5526544,0,10132456,64.71,49716,8535720,2271428,14.51,1950588,7800304,356,1165460,274304,3088,6016,31532,0,0,0.00,0,0.00,0,372,0.43,1.28,1.59,0,1.80,0.00,123.20,68.44,0.00,0.44,0.44,0.08,50.20,39.60,11.03,7.47,0.00,0.00,0.00,0.00
2018-01-05 10:21:05,1.81,0.00,0.40,0.00,0.10,0.00,0.10,0.00,0.00,97.58,1.60,703.40,610.60,0.00,0.00,0.00,17.60,40.80,0.00,840.20,0.00,0.00,0.00,0.00,0.60,0.00,0.60,0.00,35.20,5530820,0,10128180,64.68,49720,8530692,2271428,14.51,1951304,7795568,428,1166464,274220,3080,6016,31532,0,0,0.00,0,0.00,0,371,0.39,1.26,1.59,0,0.60,0.00,35.20,58.67,0.00,1.33,1.33,0.08,59.20,48.60,11.30,9.29,0.00,0.00,0.00,0.00
2018-01-05 10:21:10,2.43,0.00,0.20,0.00,0.10,0.00,0.10,0.00,0.00,97.17,2.40,758.80,677.00,0.00,0.00,0.00,74.40,57.20,0.00,406.80,0.00,0.00,0.00,0.00,2.40,0.00,2.40,0.00,148.80,5535904,0,10123096,64.65,49728,8525688,2271428,14.51,1951140,7790856,196,1166580,274088,3080,6016,31532,0,0,0.00,0,0.00,0,371,0.36,1.24,1.58,0,2.40,0.00,148.80,62.00,0.00,0.00,0.00,0.00,71.60,61.00,12.91,11.41,0.00,0.00,0.00,0.00
2018-01-05 10:21:15,1.52,0.00,0.20,0.00,0.10,0.00,0.00,0.00,0.00,98.18,1.20,643.60,540.20,0.00,0.00,0.00,9.60,33.20,0.00,353.40,0.00,0.00,0.00,0.00,0.40,0.00,0.40,0.00,19.20,5540864,0,10118136,64.62,49736,8520648,2271428,14.51,1950864,7786144,324,1166632,274076,3080,6016,31532,0,0,0.00,0,0.00,0,371,0.33,1.22,1.57,0,0.40,0.00,19.20,48.00,0.00,0.00,0.00,0.00,51.20,40.40,9.62,8.51,0.00,0.00,0.00,0.00
2018-01-05 10:21:20,1.51,0.00,0.20,0.00,0.00,0.00,0.10,0.00,0.00,98.19,0.40,542.80,420.80,0.00,0.00,0.00,5.60,15.80,0.00,319.60,0.00,0.00,0.00,0.00,0.40,0.00,0.40,0.00,11.20,5545948,0,10113052,64.58,49744,8515576,2271428,14.51,1950564,7781424,372,1166672,274044,3080,6016,31532,0,0,0.00,0,0.00,0,371,0.30,1.20,1.56,0,0.40,0.00,11.20,28.00,0.00,2.00,2.00,0.08,35.00,24.80,7.99,4.59,0.00,0.00,0.00,0.00
2018-01-05 10:21:25,1.20,0.00,0.30,0.10,0.10,0.00,0.10,0.00,0.00,98.19,0.60,561.00,447.60,0.00,0.00,0.00,5.60,19.00,0.00,326.80,0.00,0.00,0.00,0.00,0.40,0.00,0.40,0.00,11.20,5550900,0,10108100,64.55,49752,8510516,2271428,14.51,1950364,7776652,432,1166760,274012,3088,6016,31532,0,0,0.00,0,0.00,0,372,0.28,1.18,1.55,0,0.40,0.00,11.20,28.00,0.00,0.00,0.00,0.00,40.60,29.20,9.45,5.15,0.00,0.00,0.00,0.00
2018-01-05 10:21:30,1.82,0.00,0.40,0.00,0.10,0.00,0.00,0.00,0.00,97.68,0.80,667.80,568.20,0.00,0.00,0.00,57.60,36.20,0.00,337.20,0.00,0.00,0.00,0.00,1.80,0.00,1.80,0.00,115.20,5555828,0,10103172,64.52,49760,8505456,2271428,14.51,1950092,7771944,288,1166824,273968,3088,6020,31532,0,0,0.00,0,0.00,0,372,0.26,1.16,1.54,0,1.80,0.00,115.20,64.00,0.00,0.00,0.00,0.00,42.40,32.20,9.78,5.99,0.00,0.00,0.00,0.00
2018-01-05 10:21:35,1.42,0.00,0.30,0.00,0.00,0.00,0.20,0.00,0.00,98.07,2.20,701.00,596.40,0.00,0.00,0.00,16.00,104.40,0.00,969.20,0.00,0.00,0.00,0.00,0.80,0.00,0.80,0.00,32.00,5565584,0,10093416,64.46,49768,8500424,2271428,14.51,1944636,7767228,380,1161672,273928,3088,6008,31532,0,0,0.00,0,0.00,0,372,0.24,1.14,1.54,0,0.80,0.00,32.00,40.00,0.00,0.00,0.00,0.00,57.40,47.00,11.21,9.12,0.00,0.00,0.00,0.00
2018-01-05 10:21:40,2.02,0.00,0.20,0.00,0.10,0.00,0.00,0.00,0.00,97.68,1.40,681.40,595.60,0.00,0.00,0.00,12.80,38.20,0.00,369.00,0.00,0.00,0.00,0.00,0.40,0.00,0.40,0.00,25.60,5570636,0,10088364,64.43,49776,8495404,2271428,14.51,1944408,7762512,500,1161748,273924,3088,6008,31532,0,0,0.00,0,0.00,0,372,0.22,1.12,1.53,0,0.40,0.00,25.60,64.00,0.00,2.00,2.00,0.08,60.60,49.00,11.91,13.02,0.00,0.00,0.00,0.00
2018-01-05 10:21:45,2.41,0.00,0.70,0.00,0.10,0.00,0.10,0.00,0.00,96.69,2.40,781.40,707.00,0.00,0.00,0.00,76.00,57.60,0.00,924.60,0.00,0.00,0.00,0.00,3.40,0.00,3.40,0.00,152.00,5569388,0,10089612,64.43,49784,8490396,2271428,14.51,1950268,7757748,232,1167832,273892,3088,6008,31532,0,0,0.00,0,0.00,1,372,0.20,1.10,1.52,0,3.40,0.00,152.00,44.71,0.09,26.82,13.41,4.56,73.80,62.80,13.19,12.22,0.00,0.00,0.00,0.00
2018-01-05 10:21:50,1.42,0.00,0.20,0.00,0.10,0.00,0.20,0.00,0.00,98.07,1.40,652.80,555.20,0.00,0.00,0.00,11.20,36.80,0.00,364.00,0.00,0.00,0.00,0.00,0.40,0.00,0.40,0.00,22.40,5574440,0,10084560,64.40,49792,8485360,2271428,14.51,1950032,7753028,372,1167904,273816,3088,6008,31532,0,0,0.00,0,0.00,0,372,0.18,1.08,1.51,0,0.40,0.00,22.40,56.00,0.00,0.00,0.00,0.00,53.40,42.20,10.44,8.84,0.00,0.00,0.00,0.00
2018-01-05 10:21:55,2.02,0.00,0.30,0.10,0.10,0.00,0.00,0.00,0.00,97.48,1.00,620.60,510.60,0.00,0.00,0.00,15.20,28.20,0.00,959.00,0.00,0.00,0.00,0.00,0.60,0.00,0.60,0.00,30.40,5575564,0,10083436,64.39,49804,8480316,2271428,14.51,1953884,7748320,488,1172080,273740,3096,6008,31532,0,0,0.00,0,0.00,0,373,0.17,1.06,1.50,0,0.60,0.00,30.40,50.67,0.00,0.00,0.00,0.00,47.00,35.80,9.49,6.69,0.00,0.00,0.00,0.00
2018-01-05 10:22:00,0.81,0.00,0.20,0.00,0.00,0.00,0.00,0.00,0.00,98.99,0.00,520.20,409.80,0.00,0.00,0.00,60.80,10.80,0.00,266.20,0.00,0.00,0.00,0.00,1.80,0.00,1.80,0.00,121.60,5579624,0,10079376,64.37,49812,8476256,2271428,14.51,1954612,7743540,304,1172088,273652,3096,6008,31532,0,0,0.00,0,0.00,0,373,0.16,1.05,1.49,0,1.80,0.00,121.60,67.56,0.00,0.00,0.00,0.00,36.00,23.00,9.18,3.95,0.00,0.00,0.00,0.00
2018-01-05 10:22:05,1.51,0.00,0.30,0.00,0.10,0.00,0.00,0.00,0.00,98.09,0.80,597.20,501.60,0.00,0.00,0.00,8.80,24.60,0.00,447.00,0.00,0.00,0.00,0.00,0.40,0.00,0.40,0.00,17.60,5584684,0,10074316,64.34,49820,8471200,2271428,14.51,1954244,7738824,396,1172048,273568,3088,6008,31532,0,0,0.00,0,0.00,1,372,0.14,1.03,1.49,0,0.40,0.00,17.60,44.00,0.00,0.00,0.00,0.00,44.40,33.40,9.98,6.33,0.00,0.00,0.00,0.00
2018-01-05 10:22:10,2.02,0.00,0.30,0.00,0.10,0.00,0.10,0.00,0.00,97.48,1.20,644.40,544.40,0.00,0.00,0.00,14.40,32.40,0.00,368.00,0.00,0.00,0.00,0.00,0.60,0.00,0.60,0.00,28.80,5590060,0,10068940,64.30,49828,8466160,2271428,14.51,1954000,7734104,444,1172120,273312,3088,6008,31532,0,0,0.00,0,0.00,0,372,0.13,1.01,1.48,0,0.60,0.00,28.80,48.00,0.00,1.33,1.33,0.08,52.60,40.00,11.81,7.73,0.00,0.00,0.00,0.00
2018-01-05 10:22:15,3.02,0.00,0.50,0.00,0.10,0.00,0.20,0.00,0.00,96.17,2.60,821.80,768.00,0.00,0.00,0.00,7.20,68.40,0.00,1341.00,0.00,0.00,0.00,0.00,0.40,0.00,0.40,0.00,14.40,5580860,0,10078140,64.36,49836,8461172,2271428,14.51,1967996,7729380,580,1186372,273232,3088,6036,31532,0,0,0.00,0,0.00,0,372,0.12,1.00,1.47,0,0.40,0.00,14.40,36.00,0.00,0.00,0.00,0.00,74.60,63.80,13.72,12.48,0.00,0.00,0.00,0.00
2018-01-05 10:22:20,1.51,0.00,0.40,0.00,0.10,0.00,0.10,0.00,0.00,97.88,1.80,709.20,620.40,0.00,0.00,0.00,81.60,42.00,0.00,386.60,0.00,0.00,0.00,0.00,4.80,0.00,4.80,0.00,163.20,5585944,0,10073056,64.33,49840,8456136,2271428,14.51,1967756,7724604,268,1186380,273144,3088,6036,31532,0,0,0.00,0,0.00,0,372,0.11,0.98,1.46,0,4.80,0.00,163.20,34.00,0.00,0.17,0.17,0.08,65.20,53.00,11.77,10.28,0.00,0.00,0.00,0.00
2018-01-05 10:22:25,1.01,0.00,0.20,0.00,0.10,0.00,0.10,0.00,0.00,98.58,1.00,587.60,485.00,0.00,0.00,0.00,8.80,25.60,0.00,1055.40,0.00,0.00,0.00,0.00,0.40,0.00,0.40,0.00,17.60,5590540,0,10068460,64.30,49844,8451096,2271428,14.51,1967676,7719888,388,1186624,273032,3096,6036,31532,0,0,0.00,0,0.00,1,373,0.10,0.96,1.45,0,0.40,0.00,17.60,44.00,0.00,0.00,0.00,0.00,47.60,36.40,9.46,7.27,0.00,0.00,0.00,0.00
2018-01-05 10:22:30,1.21,0.00,0.40,0.10,0.00,0.00,0.10,0.00,0.00,98.19,0.00,557.20,449.20,0.00,0.00,0.00,60.00,12.20,0.00,323.20,0.00,0.00,0.00,0.00,2.00,0.00,2.00,0.00,120.00,5595684,0,10063316,64.27,49852,8446016,2271428,14.51,1967328,7715172,212,1186632,272948,3096,6036,31532,0,0,0.00,0,0.00,0,373,0.09,0.95,1.45,0,2.00,0.00,120.00,60.00,0.00,0.40,0.40,0.08,42.20,29.20,9.67,9.41,0.00,0.00,0.00,0.00
2018-01-05 10:22:35,1.22,0.00,0.10,0.00,0.10,0.00,0.00,0.00,0.00,98.58,1.20,641.20,545.20,0.00,0.00,0.00,9.60,31.40,0.00,363.80,0.00,0.00,0.00,0.00,0.40,0.00,0.40,0.00,19.20,5600940,0,10058060,64.23,49860,8440976,2271428,14.51,1966876,7710452,324,1186504,272948,3080,6036,31532,0,0,0.00,0,0.00,0,371,0.09,0.93,1.44,0,0.40,0.00,19.20,48.00,0.00,0.00,0.00,0.00,54.00,42.20,11.11,8.22,0.00,0.00,0.00,0.00
2018-01-05 10:22:40,2.31,0.00,0.30,0.00,0.10,0.00,0.20,0.00,0.00,97.09,0.80,584.40,493.00,0.00,0.00,0.00,7.20,22.80,0.00,346.20,0.00,0.00,0.00,0.00,0.40,0.00,0.40,0.00,14.40,5606148,0,10052852,64.20,49868,8435920,2271428,14.51,1966644,7705680,388,1186540,272852,3080,6036,31532,0,0,0.00,0,0.00,0,371,0.08,0.92,1.43,0,0.40,0.00,14.40,36.00,0.00,0.00,0.00,0.00,47.40,34.20,11.28,6.41,0.00,0.00,0.00,0.00
2018-01-05 10:22:45,2.02,0.00,0.00,0.00,0.10,0.00,0.00,0.00,0.00,97.88,2.00,714.40,647.40,0.00,0.00,0.00,12.80,44.40,0.00,383.80,0.00,0.00,0.00,0.00,0.60,0.00,0.60,0.00,25.60,5611028,0,10047972,64.17,49876,8430904,2271428,14.51,1966432,7700952,460,1186612,272800,3088,6036,31532,0,0,0.00,0,0.00,0,372,0.07,0.90,1.42,0,0.60,0.00,25.60,42.67,0.00,1.33,1.33,0.08,66.60,54.20,13.31,21.49,0.00,0.00,0.00,0.00
2018-01-05 10:22:50,1.22,0.00,0.20,0.00,0.10,0.00,0.10,0.00,0.00,98.38,1.80,694.60,614.20,0.00,0.00,0.00,7.20,40.60,0.00,395.20,0.00,0.00,0.00,0.00,0.40,0.00,0.40,0.00,14.40,5616240,0,10042760,64.13,49880,8425884,2271428,14.51,1965988,7696244,560,1186476,272712,3072,6036,31532,0,0,0.00,0,0.00,1,370,0.07,0.89,1.42,0,0.40,0.00,14.40,36.00,0.00,0.00,0.00,0.00,64.60,51.80,12.27,10.62,0.00,0.00,0.00,0.00
2018-01-05 10:22:55,1.71,0.00,0.30,0.00,0.10,0.00,0.10,0.00,0.00,97.79,1.40,659.20,563.00,0.00,0.00,0.00,72.80,33.40,0.00,364.20,0.00,0.00,0.00,0.00,2.60,0.00,2.60,0.00,145.60,5621192,0,10037808,64.10,49888,8420848,2271428,14.51,1965744,7691536,280,1186540,272640,3080,6036,31532,0,0,0.00,0,0.00,1,371,0.06,0.87,1.41,0,2.60,0.00,145.60,56.00,0.00,0.31,0.31,0.08,57.60,44.80,11.60,8.64,0.00,0.00,0.00,0.00
2018-01-05 10:23:00,1.32,0.00,0.20,0.00,0.00,0.00,0.00,0.00,0.00,98.48,0.80,635.80,535.00,0.00,0.00,0.00,67.20,34.00,0.00,443.60,0.00,0.00,0.00,0.00,1.80,0.00,1.80,0.00,134.40,5624196,0,10034804,64.08,49892,8415796,2271428,14.51,1967536,7686752,172,1188596,272640,3080,6040,31532,0,0,0.00,0,0.00,0,371,0.06,0.86,1.40,0,1.80,0.00,134.40,74.67,0.00,0.44,0.44,0.08,46.60,34.60,9.86,6.59,0.00,0.00,0.00,0.00
2018-01-05 10:23:05,1.31,0.00,0.20,0.10,0.20,0.00,0.10,0.00,0.00,98.08,1.20,654.20,562.80,0.00,0.00,0.00,10.40,30.80,0.00,722.80,0.00,0.00,0.00,0.00,0.40,0.00,0.40,0.00,20.80,5636688,0,10022312,64.00,49900,8410756,2271428,14.51,1959980,7682032,272,1181352,272616,3072,6028,31532,0,0,0.00,0,0.00,0,370,0.05,0.84,1.39,0,0.40,0.00,20.80,52.00,0.00,2.00,2.00,0.08,54.60,42.80,11.05,8.25,0.00,0.00,0.00,0.00
2018-01-05 10:23:10,1.32,0.00,0.00,0.00,0.00,0.00,0.00,0.00,0.00,98.68,0.80,589.00,504.20,0.00,0.00,0.00,7.20,24.00,0.00,342.60,0.00,0.00,0.00,0.00,0.40,0.00,0.40,0.00,14.40,5641772,0,10017228,63.97,49908,8405696,2271428,14.51,1959652,7677312,340,1181360,272616,3072,6028,31532,0,0,0.00,0,0.00,1,370,0.05,0.83,1.39,0,0.40,0.00,14.40,36.00,0.00,2.00,2.00,0.08,48.40,35.20,11.21,6.39,0.00,0.00,0.00,0.00
2018-01-05 10:23:15,1.51,0.00,0.30,0.00,0.10,0.00,0.00,0.00,0.00,98.09,0.80,594.60,494.80,0.00,0.00,0.00,12.80,22.00,0.00,340.20,0.00,0.00,0.00,0.00,0.80,0.00,0.80,0.00,25.60,5646856,0,10012144,63.94,49916,8400648,2271428,14.51,1959324,7672600,384,1181360,272612,3072,6028,31532,0,0,0.00,0,0.00,0,370,0.04,0.81,1.38,0,0.80,0.00,25.60,32.00,0.00,0.00,0.00,0.00,47.80,35.00,10.73,6.83,0.00,0.00,0.00,0.00
2018-01-05 10:23:20,1.01,0.00,0.40,0.00,0.10,0.00,0.10,0.00,0.00,98.38,1.60,644.40,548.80,0.00,0.00,0.00,7.20,36.20,0.00,361.60,0.00,0.00,0.00,0.00,0.40,0.00,0.40,0.00,14.40,5651720,0,10007280,63.91,49924,8395612,2271428,14.51,1959204,7667824,472,1181492,272628,3088,6028,31532,0,0,0.00,0,0.00,1,372,0.04,0.80,1.37,0,0.40,0.00,14.40,36.00,0.00,0.00,0.00,0.00,58.20,45.40,12.06,20.93,0.00,0.00,0.00,0.00
2018-01-05 10:23:25,2.22,0.00,0.40,0.10,0.10,0.00,0.10,0.00,0.00,97.07,3.00,777.20,707.00,0.00,0.00,0.00,5.60,62.20,0.00,423.80,0.00,0.00,0.00,0.00,0.40,0.00,0.40,0.00,11.20,5656604,0,10002396,63.88,49932,8390628,2271428,14.51,1959000,7663104,608,1181540,272576,3088,6028,31532,0,0,0.00,0,0.00,2,372,0.04,0.79,1.36,0,0.40,0.00,11.20,28.00,0.00,0.00,0.00,0.00,78.60,67.00,14.60,13.58,0.00,0.00,0.00,0.00
2018-01-05 10:23:30,1.62,0.00,0.10,0.00,0.00,0.00,0.00,0.00,0.00,98.28,0.80,626.40,555.80,0.00,0.00,0.00,127.20,27.20,0.00,355.40,0.00,0.00,0.00,0.00,4.40,0.00,4.40,0.00,254.40,5661632,0,9997368,63.84,49940,8385576,2271428,14.51,1958668,7658384,104,1181540,272496,3088,6028,31532,0,0,0.00,0,0.00,0,372,0.04,0.77,1.36,0,4.40,0.00,254.40,57.82,0.00,0.00,0.00,0.00,57.00,42.40,11.31,13.28,0.00,0.00,0.00,0.00
2018-01-05 10:23:35,1.31,0.00,0.30,0.00,0.10,0.00,0.10,0.00,0.00,98.19,0.80,595.60,503.80,0.00,0.00,0.00,12.00,21.60,0.00,353.20,0.00,0.00,0.00,0.00,0.40,0.00,0.40,0.00,24.00,5666840,0,9992160,63.81,49948,8380528,2271428,14.51,1958264,7653676,236,1181476,272408,3080,6028,31532,0,0,0.00,0,0.00,1,371,0.03,0.76,1.35,0,0.40,0.00,24.00,60.00,0.00,0.00,0.00,0.00,50.80,37.40,10.57,7.26,0.00,0.00,0.00,0.00
2018-01-05 10:23:40,0.91,0.00,0.20,0.00,0.10,0.00,0.10,0.00,0.00,98.69,0.20,582.20,502.60,0.00,0.00,0.00,5.60,20.40,0.00,375.80,0.00,0.00,0.00,0.00,0.40,0.00,0.40,0.00,11.20,5672908,0,9986092,63.77,49956,8375456,2271428,14.51,1957040,7648904,292,1180528,272332,3088,6028,31532,0,0,0.00,0,0.00,1,372,0.03,0.75,1.34,0,0.40,0.00,11.20,28.00,0.00,0.00,0.00,0.00,42.20,27.80,10.21,17.00,0.00,0.00,0.00,0.00
2018-01-05 10:23:45,1.41,0.00,0.30,0.00,0.10,0.00,0.10,0.00,0.00,98.09,0.80,610.60,505.20,0.00,0.00,0.00,5.60,21.80,0.00,354.40,0.00,0.00,0.00,0.00,0.40,0.00,0.40,0.00,11.20,5678248,0,9980752,63.74,49964,8370400,2271428,14.51,1956644,7644180,360,1180460,272244,3080,6028,31532,0,0,0.00,0,0.00,0,371,0.03,0.74,1.33,0,0.40,0.00,11.20,28.00,0.00,2.00,2.00,0.08,50.40,36.00,11.73,6.89,0.00,0.00,0.00,0.00
2018-01-05 10:23:50,1.71,0.00,0.50,0.00,0.00,0.00,0.10,0.00,0.00,97.68,1.60,671.80,592.40,0.00,0.00,0.00,12.00,37.80,0.00,377.00,0.00,0.00,0.00,0.00,0.60,0.00,0.60,0.00,24.00,5683440,0,9975560,63.70,49972,8365380,2271428,14.51,1956340,7639476,432,1180464,272176,3080,6028,31532,0,0,0.00,0,0.00,1,371,0.03,0.72,1.33,0,0.60,0.00,24.00,40.00,0.00,0.00,0.00,0.00,61.40,49.00,12.45,9.78,0.00,0.00,0.00,0.00
2018-01-05 10:23:55,1.52,0.00,0.10,0.00,0.10,0.00,0.00,0.00,0.00,98.28,1.40,633.40,532.60,0.00,0.00,0.00,16.80,32.60,0.00,313.40,0.00,0.00,0.00,0.00,0.60,0.00,0.60,0.00,33.60,5687680,0,9971320,63.68,49984,8361360,2271428,14.51,1957160,7634708,548,1180528,272088,3088,6028,31532,0,0,0.00,0,0.00,0,372,0.02,0.71,1.32,0,0.60,0.00,33.60,56.00,0.00,1.33,1.33,0.08,58.20,43.60,12.66,7.92,0.00,0.00,0.00,0.00
2018-01-05 10:24:00,1.71,0.00,0.40,0.00,0.10,0.00,0.10,0.00,0.00,97.68,1.60,658.60,584.60,0.00,0.00,0.00,59.20,40.60,0.00,381.80,0.00,0.00,0.00,0.00,2.20,0.00,2.20,0.00,118.40,5692824,0,9966176,63.65,49992,8356344,2271428,14.51,1956872,7630000,444,1180532,272036,3088,6028,31532,0,0,0.00,0,0.00,1,372,0.02,0.70,1.31,0,2.20,0.00,118.40,53.82,0.00,0.36,0.36,0.08,64.80,51.60,12.35,10.79,0.00,0.00,0.00,0.00
2018-01-05 10:24:05,1.51,0.00,0.20,0.10,0.10,0.00,0.00,0.00,0.00,98.09,0.20,544.00,439.20,0.00,0.00,0.00,80.80,11.60,0.00,332.00,0.00,0.00,0.00,0.00,5.00,0.00,5.00,0.00,161.60,5697856,0,9961144,63.61,50000,8351272,2271428,14.51,1956460,7625276,120,1180468,271916,3080,6028,31532,0,0,0.00,0,0.00,2,371,0.02,0.69,1.31,0,5.00,0.00,161.60,32.32,0.00,0.00,0.00,0.00,41.40,27.40,9.84,4.71,0.00,0.00,0.00,0.00
2018-01-05 10:24:10,1.62,0.00,0.30,0.00,0.10,0.10,0.00,0.00,0.00,97.88,1.80,700.80,627.80,0.00,0.00,0.00,11.20,41.80,0.00,386.20,0.00,0.00,0.00,0.00,0.40,0.00,0.40,0.00,22.40,5702692,0,9956308,63.58,50004,8346252,2271428,14.51,1956172,7620552,280,1180468,271828,3080,6028,31532,0,0,0.00,0,0.00,1,371,0.02,0.68,1.30,0,0.40,0.00,22.40,56.00,0.00,2.00,2.00,0.08,66.80,52.80,13.38,10.81,0.00,0.00,0.00,0.00
2018-01-05 10:24:15,1.31,0.00,0.20,0.00,0.00,0.00,0.10,0.00,0.00,98.38,0.60,587.00,488.20,0.00,0.00,0.00,6.40,19.60,0.00,344.60,0.00,0.00,0.00,0.00,0.40,0.00,0.40,0.00,12.80,5707900,0,9951100,63.55,50012,8341196,2271428,14.51,1955864,7615808,352,1180480,271664,3080,6028,31532,0,0,0.00,0,0.00,1,371,0.02,0.67,1.29,0,0.40,0.00,12.80,32.00,0.00,0.00,0.00,0.00,46.40,32.40,10.60,5.99,0.00,0.00,0.00,0.00
2018-01-05 10:24:20,1.20,0.00,0.30,0.00,0.10,0.00,0.20,0.00,0.00,98.19,0.60,562.80,453.80,0.00,0.00,0.00,12.00,18.20,0.00,339.20,0.00,0.00,0.00,0.00,0.60,0.00,0.60,0.00,24.00,5713108,0,9945892,63.52,50020,8336136,2271428,14.51,1955572,7611068,392,1180480,271576,3080,6028,31532,0,0,0.00,0,0.00,0,371,0.02,0.65,1.29,0,0.60,0.00,24.00,40.00,0.00,0.00,0.00,0.00,45.80,33.00,10.13,6.57,0.00,0.00,0.00,0.00
2018-01-05 10:24:25,1.11,0.00,0.30,0.00,0.10,0.00,0.00,0.00,0.00,98.48,0.60,614.97,509.38,0.00,0.00,0.00,7.19,26.35,0.00,338.32,0.00,0.00,0.00,0.00,0.40,0.00,0.40,0.00,14.37,5718184,0,9940816,63.48,50028,8331068,2271428,14.51,1955300,7606336,448,1180544,271488,3088,6028,31532,0,0,0.00,0,0.00,1,372,0.01,0.64,1.28,0,0.40,0.00,14.37,36.00,0.00,0.00,0.00,0.00,48.50,32.73,12.13,5.80,0.00,0.00,0.00,0.00
2018-01-05 10:24:30,2.31,0.00,0.40,0.00,0.10,0.00,0.20,0.00,0.00,96.98,2.80,797.40,728.20,0.00,0.00,0.00,58.40,62.60,0.00,418.60,0.00,0.00,0.00,0.00,1.80,0.00,1.80,0.00,116.80,5723112,0,9935888,63.45,50036,8326088,2271428,14.51,1955044,7601620,392,1180548,271480,3088,6028,31532,0,0,0.00,0,0.00,0,372,0.01,0.63,1.27,0,1.80,0.00,116.80,64.89,0.00,0.44,0.44,0.08,79.80,67.00,14.97,13.24,0.00,0.00,0.00,0.00
2018-01-05 10:24:35,1.61,0.00,0.20,0.00,0.10,0.00,0.10,0.00,0.00,97.98,1.20,666.20,592.00,0.00,0.00,0.00,10.40,30.80,0.00,706.40,0.00,0.00,0.00,0.00,0.40,0.00,0.40,0.00,20.80,5734808,0,9924192,63.38,50044,8321052,2271428,14.51,1948184,7596848,484,1173932,271500,3080,6028,31532,0,0,0.00,0,0.00,0,371,0.09,0.64,1.27,0,0.40,0.00,20.80,52.00,0.00,2.00,2.00,0.08,64.80,51.00,12.10,15.75,0.00,0.00,0.00,0.00
2018-01-05 10:24:40,0.91,0.00,0.20,0.00,0.00,0.00,0.00,0.00,0.00,98.89,0.40,546.60,452.80,0.00,0.00,0.00,75.20,14.80,0.00,335.60,0.00,0.00,0.00,0.00,3.00,0.00,3.00,0.00,150.40,5739872,0,9919128,63.34,50052,8315988,2271428,14.51,1947728,7592136,164,1173820,271488,3080,6020,31532,0,0,0.00,0,0.00,1,371,0.08,0.63,1.26,0,3.00,0.00,150.40,50.13,0.00,0.27,0.27,0.08,48.60,32.20,11.19,5.94,0.00,0.00,0.00,0.00
2018-01-05 10:24:45,1.41,0.00,0.40,0.00,0.10,0.00,0.20,0.00,0.00,97.89,0.80,588.20,487.40,0.00,0.00,0.00,9.60,22.20,0.00,346.00,0.00,0.00,0.00,0.00,0.40,0.00,0.40,0.00,19.20,5744988,0,9914012,63.31,50060,8310940,2271428,14.51,1947416,7587408,296,1173836,271456,3080,6020,31532,0,0,0.00,0,0.00,1,371,0.08,0.62,1.26,0,0.40,0.00,19.20,48.00,0.00,0.00,0.00,0.00,50.20,36.20,11.38,7.07,0.00,0.00,0.00,0.00
2018-01-05 10:24:50,1.21,0.00,0.40,0.00,0.10,0.00,0.10,0.00,0.00,98.18,1.40,662.40,589.20,0.00,0.00,0.00,5.60,33.80,0.00,373.40,0.00,0.00,0.00,0.00,0.40,0.00,0.40,0.00,11.20,5749988,0,9909012,63.28,50068,8305908,2271428,14.51,1947068,7582676,384,1173772,271456,3072,6020,31532,0,0,0.00,0,0.00,1,370,0.07,0.61,1.25,0,0.40,0.00,11.20,28.00,0.00,2.00,2.00,0.08,60.80,46.20,12.91,9.13,0.00,0.00,0.00,0.00
2018-01-05 10:24:55,1.52,0.00,0.30,0.10,0.10,0.00,0.00,0.00,0.00,97.98,1.20,625.80,543.20,0.00,0.00,0.00,12.00,28.80,0.00,358.40,0.00,0.00,0.00,0.00,0.80,0.00,0.80,0.00,24.00,5755156,0,9903844,63.25,50076,8300864,2271428,14.51,1946860,7577924,428,1173840,271436,3080,6020,31532,0,0,0.00,0,0.00,1,371,0.07,0.60,1.24,0,0.80,0.00,24.00,30.00,0.00,0.00,0.00,0.00,58.20,43.00,12.70,8.45,0.00,0.00,0.00,0.00
2018-01-05 10:25:00,1.01,0.00,0.30,0.00,0.10,0.00,0.10,0.00,0.00,98.48,1.00,611.80,532.60,0.00,0.00,0.00,63.20,27.80,0.00,352.80,0.00,0.00,0.00,0.00,1.80,0.00,1.80,0.00,126.40,5760108,0,9898892,63.22,50084,8295820,2271428,14.51,1946604,7573212,276,1173908,271352,3088,6020,31532,0,0,0.00,0,0.00,0,372,0.06,0.59,1.24,0,1.80,0.00,126.40,70.22,0.00,0.44,0.44,0.08,54.80,39.80,11.60,15.62,0.00,0.00,0.00,0.00
2018-01-05 10:25:05,1.61,0.00,0.20,0.00,0.10,0.00,0.10,0.00,0.00,97.98,1.60,706.00,630.40,0.00,0.00,0.00,16.80,202.80,0.00,480.00,0.00,0.00,0.00,0.00,0.40,0.00,0.40,0.00,33.60,5766324,0,9892676,63.18,50092,8290780,2271428,14.51,1945128,7568496,436,1172748,271272,3072,6020,31532,0,0,0.00,0,0.00,0,370,0.06,0.58,1.23,0,0.40,0.00,33.60,84.00,0.00,2.00,2.00,0.08,58.00,43.40,12.88,8.50,0.00,0.00,0.00,0.00
2018-01-05 10:25:10,1.42,0.00,0.10,0.00,0.10,0.00,0.00,0.00,0.00,98.38,1.20,628.00,544.00,0.00,0.00,0.00,7.20,30.60,0.00,365.80,0.00,0.00,0.00,0.00,0.40,0.00,0.40,0.00,14.40,5771532,0,9887468,63.14,50100,8285740,2271428,14.51,1944812,7563772,516,1172752,271252,3072,6020,31532,0,0,0.00,0,0.00,0,370,0.05,0.57,1.22,0,0.40,0.00,14.40,36.00,0.00,0.00,0.00,0.00,61.20,45.80,12.63,9.02,0.00,0.00,0.00,0.00
2018-01-05 10:25:15,2.32,0.00,0.30,0.00,0.00,0.00,0.00,0.00,0.00,97.38,1.00,622.40,550.80,0.00,0.00,0.00,72.00,29.00,0.00,356.00,0.00,0.00,0.00,0.00,3.60,0.00,3.60,0.00,144.00,5776452,0,9882548,63.11,50108,8280692,2271428,14.51,1944596,7558996,212,1172804,271168,3072,6020,31532,0,0,0.00,0,0.00,1,370,0.05,0.56,1.22,0,3.60,0.00,144.00,40.00,0.04,11.56,6.00,2.16,53.80,39.60,11.81,7.48,0.00,0.00,0.00,0.00
2018-01-05 10:25:20,1.61,0.00,0.40,0.10,0.10,0.00,0.20,0.00,0.00,97.59,1.60,698.60,646.20,0.00,0.00,0.00,9.60,38.60,0.00,382.80,0.00,0.00,0.00,0.00,0.40,0.00,0.40,0.00,19.20,5781616,0,9877384,63.08,50116,8275676,2271428,14.51,1944312,7554284,368,1172808,271072,3072,6020,31532,0,0,0.00,0,0.00,0,370,0.04,0.55,1.21,0,0.40,0.00,19.20,48.00,0.00,0.00,0.00,0.00,66.40,51.80,13.16,10.41,0.00,0.00,0.00,0.00
2018-01-05 10:25:25,1.51,0.00,0.30,0.00,0.10,0.00,0.00,0.00,0.00,98.08,0.60,561.80,474.80,0.00,0.00,0.00,5.60,20.40,0.00,338.00,0.00,0.00,0.00,0.00,0.40,0.00,0.40,0.00,11.20,5786692,0,9872308,63.05,50124,8270620,2271428,14.51,1944080,7549572,436,1172912,270988,3080,6020,31532,0,0,0.00,0,0.00,1,371,0.04,0.54,1.20,0,0.40,0.00,11.20,28.00,0.00,2.00,2.00,0.08,47.80,32.40,11.40,5.97,0.00,0.00,0.00,0.00
2018-01-05 10:25:30,1.41,0.00,0.30,0.00,0.10,0.00,0.20,0.00,0.00,97.99,1.20,640.00,549.40,0.00,0.00,0.00,69.60,31.40,0.00,370.60,0.00,0.00,0.00,0.00,2.00,0.00,2.00,0.00,139.20,5791992,0,9867008,63.01,50132,8265568,2271428,14.51,1943764,7544852,236,1172912,270900,3080,6020,31532,0,0,0.00,0,0.00,1,371,0.12,0.55,1.20,0,2.00,0.00,139.20,69.60,0.00,0.00,0.00,0.00,61.60,46.80,12.24,23.41,0.00,0.00,0.00,0.00
2018-01-05 10:25:35,1.41,0.00,0.00,0.00,0.00,0.00,0.10,0.00,0.00,98.48,0.60,580.80,498.20,0.00,0.00,0.00,11.20,19.20,0.00,457.80,0.00,0.00,0.00,0.00,0.80,0.00,0.80,0.00,22.40,5797020,0,9861980,62.98,50140,8260508,2271428,14.51,1943432,7540076,316,1172860,270724,3072,6020,31532,0,0,0.00,0,0.00,1,370,0.11,0.54,1.20,0,0.80,0.00,22.40,28.00,0.00,0.00,0.00,0.00,52.80,36.00,12.63,6.53,0.00,0.00,0.00,0.00
2018-01-05 10:25:40,1.32,0.00,0.30,0.00,0.10,0.00,0.10,0.00,0.00,98.18,2.00,696.40,632.00,0.00,0.00,0.00,6.40,44.60,0.00,395.00,0.00,0.00,0.00,0.00,0.40,0.00,0.40,0.00,12.80,5802228,0,9856772,62.95,50148,8255504,2271428,14.51,1943156,7535360,444,1172864,270636,3072,6020,31532,0,0,0.00,0,0.00,1,370,0.10,0.53,1.19,0,0.40,0.00,12.80,32.00,0.00,0.00,0.00,0.00,69.40,55.40,14.22,11.47,0.00,0.00,0.00,0.00
2018-01-05 10:25:45,1.31,0.00,0.20,0.00,0.10,0.00,0.00,0.00,0.00,98.39,0.60,664.20,567.60,0.00,0.00,0.00,7.20,28.60,0.00,426.60,0.00,0.00,0.00,0.00,0.40,0.00,0.40,0.00,14.40,5808784,0,9850216,62.90,50156,8250456,2271428,14.51,1941292,7530652,516,1171328,270568,3072,6020,31532,0,0,0.00,0,0.00,1,370,0.09,0.52,1.18,0,0.40,0.00,14.40,36.00,0.00,2.00,2.00,0.08,54.80,38.20,11.80,7.58,0.00,0.00,0.00,0.00
2018-01-05 10:25:50,1.21,0.00,0.30,0.10,0.10,0.00,0.10,0.00,0.00,98.19,0.80,583.60,506.60,0.00,0.00,0.00,68.80,23.60,0.00,303.20,0.00,0.00,0.00,0.00,2.60,0.00,2.60,0.00,137.60,5812844,0,9846156,62.88,50164,8246424,2271428,14.51,1942036,7525904,228,1171360,270480,3072,6020,31532,0,0,0.00,0,0.00,1,370,0.08,0.51,1.18,0,2.60,0.00,137.60,52.92,0.00,0.00,0.00,0.00,54.40,38.40,12.59,7.40,0.00,0.00,0.00,0.00
2018-01-05 10:25:55,1.01,0.00,0.51,0.00,0.00,0.00,0.10,0.00,0.00,98.38,1.40,636.60,542.40,0.00,0.00,0.00,18.40,35.00,0.00,368.40,0.00,0.00,0.00,0.00,0.60,0.00,0.60,0.00,36.80,5817920,0,9841080,62.85,50176,8241388,2271428,14.51,1941856,7521180,412,1171480,270396,3080,6020,31532,0,0,0.00,0,0.00,1,371,0.08,0.50,1.17,0,0.60,0.00,36.80,61.33,0.00,2.67,1.33,0.08,60.00,45.80,12.54,8.93,0.00,0.00,0.00,0.00
2018-01-05 10:26:00,1.31,0.00,0.30,0.00,0.20,0.00,0.00,0.00,0.00,98.19,1.00,608.00,526.80,0.00,0.00,0.00,64.00,31.20,0.00,356.80,0.00,0.00,0.00,0.00,1.80,0.00,1.80,0.00,128.00,5822912,0,9836088,62.81,50184,8236340,2271428,14.51,1941632,7516424,252,1171528,270308,3080,6020,31532,0,0,0.00,0,0.00,1,371,0.07,0.50,1.16,0,1.80,0.00,128.00,71.11,0.00,0.00,0.00,0.00,55.00,39.80,12.33,7.76,0.00,0.00,0.00,0.00
2018-01-05 10:26:05,1.21,0.00,0.20,0.00,0.00,0.00,0.20,0.00,0.00,98.39,0.60,589.60,503.40,0.00,0.00,0.00,16.00,21.20,0.00,686.40,0.00,0.00,0.00,0.00,0.60,0.00,0.60,0.00,32.00,5834704,0,9824296,62.74,50192,8231296,2271428,14.51,1934564,7511748,320,1164824,270224,3072,6012,31532,0,0,0.00,0,0.00,0,370,0.06,0.49,1.16,0,0.60,0.00,32.00,53.33,0.00,1.33,1.33,0.08,53.80,37.40,12.30,7.27,0.00,0.00,0.00,0.00
2018-01-05 10:26:10,1.11,0.00,0.30,0.00,0.10,0.00,0.00,0.00,0.00,98.48,0.80,606.80,518.60,0.00,0.00,0.00,8.00,23.80,0.00,352.80,0.00,0.00,0.00,0.00,0.40,0.00,0.40,0.00,16.00,5839864,0,9819136,62.71,50200,8226252,2271428,14.51,1934304,7506996,404,1164856,270164,3072,6012,31532,0,0,0.00,0,0.00,0,370,0.06,0.48,1.15,0,0.40,0.00,16.00,40.00,0.00,2.00,2.00,0.08,53.80,37.80,12.24,7.38,0.00,0.00,0.00,0.00
2018-01-05 10:26:15,1.61,0.00,0.30,0.00,0.10,0.00,0.10,0.00,0.00,97.89,1.20,637.20,545.20,0.00,0.00,0.00,5.60,31.60,0.00,365.20,0.00,0.00,0.00,0.00,0.40,0.00,0.40,0.00,11.20,5843056,0,9815944,62.69,50208,8221208,2271428,14.51,1936096,7502264,480,1166952,270076,3072,6016,31532,0,0,0.00,0,0.00,1,370,0.05,0.47,1.15,0,0.40,0.00,11.20,28.00,0.00,2.00,2.00,0.08,59.40,44.20,12.71,8.88,0.00,0.00,0.00,0.00
2018-01-05 10:26:20,1.01,0.00,0.10,0.00,0.00,0.00,0.10,0.00,0.00,98.79,0.40,564.60,464.00,0.00,0.00,0.00,5.60,16.00,0.00,342.20,0.00,0.00,0.00,0.00,0.40,0.00,0.40,0.00,11.20,5848048,0,9810952,62.65,50216,8216148,2271428,14.51,1935792,7497532,540,1166968,269960,3072,6016,31532,0,0,0.00,0,0.00,1,370,0.05,0.46,1.14,0,0.40,0.00,11.20,28.00,0.00,0.00,0.00,0.00,49.80,33.00,11.85,6.30,0.00,0.00,0.00,0.00
2018-01-05 10:26:25,1.41,0.00,0.20,0.10,0.20,0.00,0.20,0.00,0.00,97.88,1.60,716.80,649.40,0.00,0.00,0.00,75.20,49.40,0.00,406.60,0.00,0.00,0.00,0.00,4.20,0.00,4.20,0.00,150.40,5853620,0,9805380,62.62,50224,8211116,2271428,14.51,1935112,7492804,252,1166584,269868,3080,6016,31532,0,0,0.00,0,0.00,0,372,0.05,0.46,1.13,0,4.20,0.00,150.40,35.81,0.00,0.19,0.19,0.08,66.80,51.40,13.99,9.67,0.00,0.00,0.00,0.00
2018-01-05 10:26:30,1.41,0.00,0.30,0.00,0.00,0.00,0.00,0.00,0.00,98.28,1.60,662.60,582.40,0.00,0.00,0.00,64.00,42.80,0.00,381.20,0.00,0.00,0.00,0.00,2.20,0.00,2.20,0.00,128.00,5858828,0,9800172,62.58,50228,8206096,2271428,14.51,1934900,7488068,172,1166652,269780,3080,6016,31532,0,0,0.00,0,0.00,0,371,0.04,0.45,1.13,0,2.20,0.00,128.00,58.18,0.00,0.36,0.36,0.08,64.20,49.00,12.67,17.44,0.00,0.00,0.00,0.00
2018-01-05 10:26:35,1.21,0.00,0.20,0.00,0.10,0.00,0.00,0.00,0.00,98.49,0.80,592.60,512.60,0.00,0.00,0.00,10.40,46.20,0.00,356.00,0.00,0.00,0.00,0.00,0.40,0.00,0.40,0.00,20.80,5861716,0,9797284,62.57,50236,8201040,2271428,14.51,1934980,7483324,264,1169080,269696,3072,6020,31532,0,0,0.00,0,0.00,1,370,0.04,0.44,1.12,0,0.40,0.00,20.80,52.00,0.00,0.00,0.00,0.00,53.80,38.20,12.10,7.50,0.00,0.00,0.00,0.00
2018-01-05 10:26:40,1.11,0.00,0.20,0.00,0.10,0.00,0.10,0.00,0.00,98.49,0.20,532.20,438.80,0.00,0.00,0.00,11.20,27.60,0.00,327.20,0.00,0.00,0.00,0.00,0.80,0.00,0.80,0.00,22.40,5863876,0,9795124,62.55,50244,8195964,2271428,14.51,1939132,7478592,300,1171516,269608,3080,6024,31532,0,0,0.00,0,0.00,0,371,0.04,0.43,1.12,0,0.80,0.00,22.40,28.00,0.00,1.00,1.00,0.08,44.20,27.60,11.07,12.69,0.00,0.00,0.00,0.00
2018-01-05 10:26:45,1.22,0.00,0.20,0.00,0.00,0.00,0.10,0.00,0.00,98.48,1.20,647.60,559.80,0.00,0.00,0.00,8.00,32.60,0.00,376.20,0.00,0.00,0.00,0.00,0.40,0.00,0.40,0.00,16.00,5863024,0,9795976,62.56,50252,8190924,2271428,14.51,1944916,7473892,384,1177632,269464,3072,6032,31532,0,0,0.00,0,0.00,1,370,0.03,0.43,1.11,0,0.40,0.00,16.00,40.00,0.00,2.00,2.00,0.08,58.20,42.40,13.14,8.08,0.00,0.00,0.00,0.00
2018-01-05 10:26:50,1.91,0.00,0.20,0.10,0.20,0.00,0.20,0.00,0.00,97.38,2.00,726.20,654.80,0.00,0.00,0.00,6.40,57.00,0.00,400.40,0.00,0.00,0.00,0.00,0.40,0.00,0.40,0.00,12.80,5859576,0,9799424,62.58,50256,8185924,2271428,14.51,1953116,7469108,512,1186080,269448,3072,6052,31532,0,0,0.00,0,0.00,0,370,0.03,0.42,1.10,0,0.40,0.00,12.80,32.00,0.00,0.00,0.00,0.00,79.20,63.20,15.96,19.91,0.00,0.00,0.00,0.00
2018-01-05 10:26:55,1.72,0.00,0.20,0.00,0.00,0.00,0.00,0.00,0.00,98.07,0.60,578.00,490.40,0.00,0.00,0.00,5.60,24.00,0.00,420.60,0.00,0.00,0.00,0.00,0.40,0.00,0.40,0.00,11.20,5860088,0,9798912,62.58,50264,8180860,2271428,14.51,1957724,7464388,568,1190984,269276,3080,6060,31532,0,0,0.00,0,0.00,0,371,0.03,0.41,1.10,0,0.40,0.00,11.20,28.00,0.00,0.00,0.00,0.00,54.20,36.40,12.12,6.83,0.00,0.00,0.00,0.00
2018-01-05 10:27:00,1.41,0.00,0.20,0.00,0.10,0.00,0.20,0.00,0.00,98.08,1.20,632.60,533.60,0.00,0.00,0.00,123.20,40.00,0.00,389.00,0.00,0.00,0.00,0.00,4.00,0.00,4.00,0.00,246.40,5858944,0,9800056,62.58,50272,8175940,2271428,14.51,1963172,7459724,100,1196788,269276,3088,6072,31532,0,0,0.00,0,0.00,3,371,0.03,0.41,1.09,0,4.00,0.00,246.40,61.60,0.02,4.80,4.80,1.92,56.80,41.60,12.37,8.43,0.00,0.00,0.00,0.00
2018-01-05 10:27:05,0.91,0.00,0.50,0.00,0.10,0.00,0.10,0.00,0.00,98.39,0.40,609.80,483.00,0.00,0.00,0.00,14.40,19.00,0.00,343.40,0.00,0.00,0.00,0.00,0.40,0.00,0.40,0.00,28.80,5862228,0,9796772,62.56,50276,8170764,2271428,14.51,1964736,7454960,236,1198664,269188,3072,6072,31532,0,0,0.00,0,0.00,0,370,0.02,0.40,1.09,0,0.40,0.00,28.80,72.00,0.00,2.00,2.00,0.08,54.00,36.40,12.73,6.75,0.00,0.00,0.00,0.00
2018-01-05 10:27:10,1.71,0.00,0.30,0.00,0.00,0.00,0.10,0.00,0.00,97.88,0.40,569.00,481.40,0.00,0.00,0.00,60.00,20.20,0.00,348.40,0.00,0.00,0.00,0.00,5.00,0.00,5.00,0.00,120.00,5865380,0,9793620,62.54,50280,8165704,2271428,14.51,1966580,7450176,40,1200768,269024,3072,6076,31532,0,0,0.00,0,0.00,1,370,0.02,0.39,1.08,0,5.00,0.00,120.00,24.00,0.00,0.00,0.00,0.00,51.60,34.00,12.13,6.49,0.00,0.00,0.00,0.00
2018-01-05 10:27:15,1.21,0.00,0.40,0.00,0.10,0.00,0.10,0.00,0.00,98.19,1.20,641.60,555.00,0.00,0.00,0.00,50.40,34.60,0.00,369.40,0.00,0.00,0.00,0.00,4.60,0.00,4.60,0.00,100.80,5866336,0,9792664,62.54,50288,8160672,2271428,14.51,1970416,7445460,40,1204912,268936,3072,6088,31532,0,0,0.00,0,0.00,1,370,0.02,0.39,1.07,0,4.60,0.00,100.80,21.91,0.00,0.00,0.00,0.00,61.40,45.40,13.30,9.13,0.00,0.00,0.00,0.00
2018-01-05 10:27:20,1.21,0.00,0.20,0.10,0.10,0.00,0.10,0.00,0.00,98.28,1.20,643.20,553.20,0.00,0.00,0.00,10.40,33.60,0.00,370.20,0.00,0.00,0.00,0.00,0.40,0.00,0.40,0.00,20.80,5867324,0,9791676,62.53,50292,8155632,2271428,14.51,1974244,7440732,212,1209048,268852,3072,6096,31532,0,0,0.00,0,0.00,0,370,0.02,0.38,1.07,0,0.40,0.00,20.80,52.00,0.00,2.00,2.00,0.08,62.40,45.80,13.96,9.14,0.00,0.00,0.00,0.00
2018-01-05 10:27:25,1.41,0.00,0.61,0.00,0.10,0.00,0.00,0.00,0.00,97.88,0.60,584.00,518.00,0.00,0.00,0.00,7.20,22.00,0.00,1457.20,0.00,0.00,0.00,0.00,0.40,0.00,0.40,0.00,14.40,5872048,0,9786952,62.50,50300,8150576,2271428,14.51,1974240,7436012,280,1209372,268768,3080,6100,31532,0,0,0.00,0,0.00,1,371,0.02,0.37,1.06,0,0.40,0.00,14.40,36.00,0.00,0.00,0.00,0.00,50.00,33.80,11.47,6.40,0.00,0.00,0.00,0.00
2018-01-05 10:27:30,1.11,0.00,0.20,0.00,0.10,0.00,0.00,0.00,0.00,98.59,0.00,520.00,421.40,0.00,0.00,0.00,68.00,9.80,0.00,325.60,0.00,0.00,0.00,0.00,4.20,0.00,4.20,0.00,136.00,5877288,0,9781712,62.47,50308,8145504,2271428,14.51,1973948,7431240,44,1209372,268680,3080,6100,31532,0,0,0.00,0,0.00,1,371,0.02,0.37,1.06,0,4.20,0.00,136.00,32.38,0.00,0.00,0.00,0.00,44.40,27.00,11.33,4.88,0.00,0.00,0.00,0.00
2018-01-05 10:27:35,1.62,0.00,0.20,0.00,0.10,0.00,0.10,0.00,0.00,97.97,2.80,789.80,731.20,0.00,0.00,0.00,12.00,60.20,0.00,618.00,0.00,0.00,0.00,0.00,0.40,0.00,0.40,0.00,24.00,5882092,0,9776908,62.44,50316,8140516,2271428,14.51,1974024,7426520,272,1209708,268544,3072,6100,31532,0,0,0.00,0,0.00,0,370,0.09,0.38,1.06,0,0.40,0.00,24.00,60.00,0.00,0.00,0.00,0.00,85.00,69.60,17.24,14.63,0.00,0.00,0.00,0.00
2018-01-05 10:27:40,1.31,0.00,0.20,0.00,0.00,0.00,0.10,0.00,0.00,98.39,0.40,628.20,518.00,0.00,0.00,0.00,6.40,24.80,0.00,417.40,0.00,0.00,0.00,0.00,0.40,0.00,0.40,0.00,12.80,5888608,0,9770392,62.39,50324,8135468,2271428,14.51,1972196,7421928,332,1208168,268456,3072,6100,31532,0,0,0.00,0,0.00,1,370,0.09,0.37,1.05,0,0.40,0.00,12.80,32.00,0.00,0.00,0.00,0.00,50.00,33.40,10.79,6.55,0.00,0.00,0.00,0.00
2018-01-05 10:27:45,0.60,0.00,0.20,0.10,0.10,0.00,0.10,0.00,0.00,98.89,0.00,511.40,407.40,0.00,0.00,0.00,5.60,7.60,0.00,274.40,0.00,0.00,0.00,0.00,0.40,0.00,0.40,0.00,11.20,5892880,0,9766120,62.37,50332,8131404,2271428,14.51,1972804,7417092,376,1208168,268368,3072,6100,31532,0,0,0.00,0,0.00,1,370,0.08,0.36,1.04,0,0.40,0.00,11.20,28.00,0.00,0.00,0.00,0.00,43.80,26.40,10.85,4.80,0.00,0.00,0.00,0.00
2018-01-05 10:27:50,0.61,0.00,0.30,0.00,0.00,0.00,0.10,0.00,0.00,98.99,0.20,544.40,448.40,0.00,0.00,0.00,5.60,11.00,0.00,335.20,0.00,0.00,0.00,0.00,0.60,0.00,0.60,0.00,11.20,5898088,0,9760912,62.33,50340,8126336,2271428,14.51,1972516,7412328,420,1208168,268284,3072,6100,31532,0,0,0.00,0,0.00,0,370,0.07,0.36,1.04,0,0.60,0.00,11.20,18.67,0.00,1.33,1.33,0.08,49.00,30.40,12.98,5.23,0.00,0.00,0.00,0.00
2018-01-05 10:27:55,1.82,0.00,0.40,0.00,0.10,0.00,0.10,0.00,0.00,97.58,2.60,727.40,654.00,0.00,0.00,0.00,17.60,55.60,0.00,412.20,0.00,0.00,0.00,0.00,0.60,0.00,0.60,0.00,35.20,5899152,0,9759848,62.33,50352,8121340,2271428,14.51,1976364,7407628,596,1212304,268192,3088,6100,31532,0,0,0.00,0,0.00,1,372,0.07,0.35,1.03,0,0.60,0.00,35.20,58.67,0.00,1.33,1.33,0.08,75.00,60.80,15.16,12.85,0.00,0.00,0.00,0.00
2018-01-05 10:28:00,1.11,0.00,0.40,0.00,0.10,0.00,0.10,0.00,0.00,98.29,0.80,593.20,512.00,0.00,0.00,0.00,63.20,23.80,0.00,357.80,0.00,0.00,0.00,0.00,1.80,0.00,1.80,0.00,126.40,5904072,0,9754928,62.30,50360,8116284,2271428,14.51,1976064,7402892,416,1212308,268116,3088,6100,31532,0,0,0.00,0,0.00,1,372,0.06,0.35,1.03,0,1.80,0.00,126.40,70.22,0.00,0.00,0.00,0.00,60.00,42.20,12.55,8.37,0.00,0.00,0.00,0.00
2018-01-05 10:28:05,0.60,0.00,0.50,0.00,0.10,0.00,0.10,0.00,0.00,98.69,0.00,517.80,425.00,0.00,0.00,0.00,81.60,7.60,0.00,880.00,0.00,0.00,0.00,0.00,4.60,0.00,4.60,0.00,163.20,5905904,0,9753096,62.28,50368,8111208,2271428,14.51,1979032,7398160,80,1215612,268020,3080,6100,31532,0,0,0.00,0,0.00,1,371,0.06,0.34,1.02,0,4.60,0.00,163.20,35.48,0.00,0.17,0.17,0.08,44.60,27.20,11.49,4.82,0.00,0.00,0.00,0.00
2018-01-05 10:28:10,1.31,0.00,0.30,0.10,0.10,0.00,0.00,0.00,0.00,98.18,1.60,677.40,602.00,0.00,0.00,0.00,8.80,37.00,0.00,379.00,0.00,0.00,0.00,0.00,0.40,0.00,0.40,0.00,17.60,5910864,0,9748136,62.25,50376,8106188,2271428,14.51,1978736,7393428,236,1215616,267980,3080,6100,31532,0,0,0.00,0,0.00,0,371,0.05,0.34,1.02,0,0.40,0.00,17.60,44.00,0.00,0.00,0.00,0.00,65.60,49.80,14.32,10.10,0.00,0.00,0.00,0.00
2018-01-05 10:28:15,1.72,0.00,0.30,0.00,0.00,0.00,0.00,0.00,0.00,97.98,0.80,617.40,539.20,0.00,0.00,0.00,6.40,22.80,0.00,875.60,0.00,0.00,0.00,0.00,0.40,0.00,0.40,0.00,12.80,5912120,0,9746880,62.24,50384,8101152,2271428,14.51,1982392,7388708,328,1219568,267964,3080,6100,31532,0,0,0.00,0,0.00,0,371,0.05,0.33,1.01,0,0.40,0.00,12.80,32.00,0.00,2.00,2.00,0.08,58.60,41.00,13.02,8.16,0.00,0.00,0.00,0.00
2018-01-05 10:28:20,1.01,0.00,0.20,0.00,0.10,0.00,0.10,0.00,0.00,98.59,0.80,676.40,591.80,0.00,0.00,0.00,5.60,33.20,0.00,426.40,0.00,0.00,0.00,0.00,0.40,0.00,0.40,0.00,11.20,5918816,0,9740184,62.20,50392,8096096,2271428,14.51,1980556,7383964,392,1218032,267956,3080,6100,31532,0,0,0.00,0,0.00,0,371,0.04,0.32,1.01,0,0.40,0.00,11.20,28.00,0.00,2.00,2.00,0.08,55.00,38.80,12.11,7.71,0.00,0.00,0.00,0.00
2018-01-05 10:28:25,1.21,0.00,0.20,0.00,0.10,0.00,0.10,0.00,0.00,98.39,0.40,562.20,476.60,0.00,0.00,0.00,88.80,16.80,0.00,1146.40,0.00,0.00,0.00,0.00,3.60,0.00,3.60,0.00,177.60,5923628,0,9735372,62.17,50400,8091036,2271428,14.51,1980416,7379236,52,1218220,267952,3088,6100,31532,0,0,0.00,0,0.00,0,372,0.04,0.32,1.00,0,3.60,0.00,177.60,49.33,0.00,0.00,0.00,0.00,50.60,33.00,12.34,5.68,0.00,0.00,0.00,0.00
2018-01-05 10:28:30,1.60,0.00,0.40,0.00,0.10,0.00,0.10,0.00,0.00,97.79,1.20,642.20,574.60,0.00,0.00,0.00,12.00,29.80,0.00,365.00,0.00,0.00,0.00,0.00,0.40,0.00,0.40,0.00,24.00,5928712,0,9730288,62.14,50408,8085996,2271428,14.51,1980128,7374488,220,1218220,267952,3088,6100,31532,0,0,0.00,0,0.00,0,372,0.04,0.31,1.00,0,0.40,0.00,24.00,60.00,0.00,0.00,0.00,0.00,62.00,45.60,13.57,9.16,0.00,0.00,0.00,0.00
2018-01-05 10:28:35,1.01,0.00,0.20,0.00,0.10,0.00,0.20,0.00,0.00,98.49,1.00,614.20,530.60,0.00,0.00,0.00,6.40,25.60,0.00,566.20,0.00,0.00,0.00,0.00,0.40,0.00,0.40,0.00,12.80,5933800,0,9725200,62.11,50416,8080956,2271428,14.51,1979760,7369772,304,1218156,267944,3080,6100,31532,0,0,0.00,0,0.00,2,371,0.04,0.31,0.99,0,0.40,0.00,12.80,32.00,0.00,2.00,2.00,0.08,57.40,41.60,12.73,8.46,0.00,0.00,0.00,0.00
2018-01-05 10:28:40,1.31,0.00,0.30,0.00,0.00,0.00,0.10,0.00,0.00,98.28,0.20,572.20,468.40,0.00,0.00,0.00,5.60,15.20,0.00,332.60,0.00,0.00,0.00,0.00,0.40,0.00,0.40,0.00,11.20,5938868,0,9720132,62.07,50424,8075892,2271428,14.51,1979444,7365052,360,1218208,267952,3080,6100,31532,0,0,0.00,0,0.00,1,371,0.03,0.30,0.99,0,0.40,0.00,11.20,28.00,0.00,0.00,0.00,0.00,50.00,31.60,12.34,5.60,0.00,0.00,0.00,0.00
2018-01-05 10:28:45,1.41,0.00,0.30,0.10,0.20,0.00,0.10,0.00,0.00,97.88,2.00,732.60,661.40,0.00,0.00,0.00,5.60,44.60,0.00,1041.40,0.00,0.00,0.00,0.00,0.40,0.00,0.40,0.00,11.20,5950476,0,9708524,62.00,50432,8070880,2271428,14.51,1972448,7360280,472,1211416,267932,3080,6092,31532,0,0,0.00,0,0.00,0,371,0.03,0.30,0.98,0,0.40,0.00,11.20,28.00,0.00,2.00,2.00,0.08,72.00,56.60,14.71,11.87,0.00,0.00,0.00,0.00
2018-01-05 10:28:50,0.41,0.00,0.20,0.00,0.00,0.00,0.00,0.00,0.00,99.39,0.20,545.00,444.80,0.00,0.00,0.00,6.40,12.40,0.00,330.20,0.00,0.00,0.00,0.00,0.40,0.00,0.40,0.00,12.80,5955560,0,9703440,61.97,50440,8065808,2271428,14.51,1972108,7355560,528,1211416,267916,3080,6092,31532,0,0,0.00,0,0.00,0,371,0.03,0.29,0.97,0,0.40,0.00,12.80,32.00,0.00,0.00,0.00,0.00,47.40,30.20,11.20,5.95,0.00,0.00,0.00,0.00
2018-01-05 10:28:55,8.08,0.00,0.40,0.00,0.10,0.00,0.10,0.00,0.00,91.31,0.80,579.20,511.60,0.00,0.00,0.00,64.80,266.20,0.00,347.80,0.00,0.00,0.00,0.00,2.40,0.00,2.40,0.00,129.60,5955840,0,9703160,61.97,50448,8060760,2271428,14.51,1976496,7350848,344,1216168,267912,3080,6100,31532,0,0,0.00,0,0.00,0,371,0.03,0.29,0.97,0,2.40,0.00,129.60,54.00,0.00,0.33,0.33,0.08,52.20,36.20,12.20,6.62,0.00,0.00,0.00,0.00
2018-01-05 10:29:00,1.51,0.00,0.30,0.00,0.10,0.00,0.00,0.00,0.00,98.09,1.20,704.60,627.20,0.00,0.00,0.00,69.60,40.60,0.00,715.80,0.00,0.00,0.00,0.00,2.20,0.00,2.20,0.00,139.20,5967836,0,9691164,61.89,50456,8055720,2271428,14.51,1969324,7346128,128,1209280,267912,3080,6088,31532,0,0,0.00,0,0.00,0,371,0.02,0.28,0.96,0,2.20,0.00,139.20,63.27,0.00,0.00,0.00,0.00,60.80,44.00,13.85,8.94,0.00,0.00,0.00,0.00
2018-01-05 10:29:05,1.11,0.00,0.30,0.00,0.10,0.00,0.10,0.00,0.00,98.38,1.20,665.00,605.40,0.00,0.00,0.00,9.60,30.00,0.00,378.00,0.00,0.00,0.00,0.00,0.40,0.00,0.40,0.00,19.20,5972960,0,9686040,61.86,50464,8050688,2271428,14.51,1969024,7341348,268,1209216,267832,3072,6088,31532,0,0,0.00,0,0.00,1,370,0.02,0.28,0.96,0,0.40,0.00,19.20,48.00,0.00,0.00,0.00,0.00,67.00,49.60,14.18,9.75,0.00,0.00,0.00,0.00
2018-01-05 10:29:10,0.91,0.00,0.10,0.00,0.00,0.00,0.00,0.00,0.00,98.99,0.20,531.80,434.40,0.00,0.00,0.00,5.60,11.20,0.00,336.20,0.00,0.00,0.00,0.00,0.40,0.00,0.40,0.00,11.20,5978184,0,9680816,61.82,50472,8045616,2271428,14.51,1968664,7336632,316,1209216,267640,3072,6088,31532,0,0,0.00,0,0.00,0,370,0.02,0.27,0.95,0,0.40,0.00,11.20,28.00,0.00,0.00,0.00,0.00,44.60,28.40,10.53,5.65,0.00,0.00,0.00,0.00
2018-01-05 10:29:15,1.11,0.00,0.40,0.10,0.10,0.00,0.00,0.00,0.00,98.29,0.80,609.80,522.40,0.00,0.00,0.00,4.00,22.00,0.00,352.60,0.00,0.00,0.00,0.00,0.40,0.00,0.40,0.00,8.00,5983136,0,9675864,61.79,50480,8040576,2271428,14.51,1968340,7331924,396,1209216,267632,3080,6088,31532,0,0,0.00,0,0.00,0,370,0.02,0.27,0.95,0,0.40,0.00,8.00,20.00,0.00,0.00,0.00,0.00,57.20,39.80,13.61,7.17,0.00,0.00,0.00,0.00
2018-01-05 10:29:20,1.52,0.00,0.10,0.00,0.10,0.00,0.10,0.00,0.00,98.18,1.60,681.00,603.00,0.00,0.00,0.00,5.60,36.40,0.00,379.60,0.00,0.00,0.00,0.00,0.40,0.00,0.40,0.00,11.20,5988228,0,9670772,61.76,50488,8035556,2271428,14.51,1968048,7327212,496,1209216,267616,3072,6088,31532,0,0,0.00,0,0.00,1,370,0.02,0.27,0.94,0,0.40,0.00,11.20,28.00,0.00,0.00,0.00,0.00,66.40,51.00,13.78,10.96,0.00,0.00,0.00,0.00
2018-01-05 10:29:25,1.11,0.00,0.20,0.00,0.00,0.00,0.10,0.00,0.00,98.59,0.60,578.00,490.20,0.00,0.00,0.00,66.40,20.20,0.00,339.40,0.00,0.00,0.00,0.00,2.00,0.00,2.00,0.00,132.80,5993180,0,9665820,61.73,50492,8030492,2271428,14.51,1967844,7322424,292,1209280,267616,3080,6088,31532,0,0,0.00,0,0.00,1,371,0.02,0.26,0.94,0,2.00,0.00,132.80,66.40,0.00,0.40,0.40,0.08,53.00,35.60,12.25,6.56,0.00,0.00,0.00,0.00
2018-01-05 10:29:30,0.81,0.00,0.10,0.00,0.10,0.00,0.00,0.00,0.00,98.99,0.40,552.60,454.80,0.00,0.00,0.00,10.40,15.40,0.00,336.40,0.00,0.00,0.00,0.00,0.40,0.00,0.40,0.00,20.80,5998248,0,9660752,61.69,50496,8025424,2271428,14.51,1967504,7317700,380,1209280,267624,3080,6088,31532,0,0,0.00,0,0.00,0,371,0.01,0.26,0.93,0,0.40,0.00,20.80,52.00,0.00,2.00,2.00,0.08,49.00,32.20,11.94,6.22,0.00,0.00,0.00,0.00
2018-01-05 10:29:35,1.41,0.00,0.30,0.00,0.10,0.00,0.00,0.00,0.00,98.18,1.40,722.60,633.40,0.00,0.00,0.00,64.00,42.80,0.00,452.80,0.00,0.00,0.00,0.00,2.20,0.00,2.20,0.00,128.00,6005076,0,9653924,61.65,50504,8020388,2240372,14.31,1965600,7312980,148,1207684,267624,3072,6088,31532,0,0,0.00,0,0.00,1,370,0.01,0.25,0.93,0,2.20,0.00,128.00,58.18,0.00,0.36,0.36,0.08,64.60,48.00,14.46,9.40,0.00,0.00,0.00,0.00
2018-01-05 10:29:40,1.61,0.00,0.30,0.00,0.10,0.00,0.10,0.00,0.00,97.88,1.00,617.80,542.80,0.00,0.00,0.00,9.60,143.00,0.00,448.00,0.00,0.00,0.00,0.00,0.40,0.00,0.40,0.00,19.20,6009416,0,9649584,61.62,50512,8016388,2240372,14.31,1965880,7308260,300,1207240,267624,3072,6088,31532,0,0,0.00,0,0.00,0,370,0.01,0.25,0.92,0,0.40,0.00,19.20,48.00,0.00,2.00,2.00,0.08,59.60,43.20,12.38,8.97,0.00,0.00,0.00,0.00
2018-01-05 10:29:45,0.80,0.00,0.40,0.10,0.00,0.00,0.20,0.00,0.00,98.49,0.00,515.40,421.20,0.00,0.00,0.00,4.80,7.60,0.00,322.60,0.00,0.00,0.00,0.00,0.40,0.00,0.40,0.00,9.60,6014468,0,9644532,61.59,50516,8011308,2240372,14.31,1965544,7303500,340,1207240,267624,3072,6088,31532,0,0,0.00,0,0.00,1,370,0.01,0.24,0.92,0,0.40,0.00,9.60,24.00,0.00,2.00,2.00,0.08,45.60,27.60,11.59,4.96,0.00,0.00,0.00,0.00
2018-01-05 10:29:50,0.81,0.00,0.51,0.00,0.10,0.00,0.10,0.00,0.00,98.48,1.40,656.00,583.20,0.00,0.00,0.00,4.80,33.00,0.00,372.40,0.00,0.00,0.00,0.00,0.40,0.00,0.40,0.00,9.60,6019684,0,9639316,61.56,50524,8006280,2240372,14.31,1965292,7298756,432,1207240,267616,3064,6088,31532,0,0,0.00,0,0.00,1,370,0.01,0.24,0.91,0,0.40,0.00,9.60,24.00,0.00,0.00,0.00,0.00,63.00,46.80,14.07,9.33,0.00,0.00,0.00,0.00
2018-01-05 10:29:55,1.01,0.00,0.20,0.00,0.10,0.00,0.00,0.00,0.00,98.68,1.60,657.60,581.40,0.00,0.00,0.00,75.20,38.80,0.00,369.60,0.00,0.00,0.00,0.00,2.20,0.00,2.20,0.00,150.40,6024496,0,9634504,61.53,50536,8001252,2240372,14.31,1964908,7294244,316,1207376,267616,3088,6088,31532,0,0,0.00,0,0.00,0,372,0.01,0.24,0.91,0,2.20,0.00,150.40,68.36,0.00,0.00,0.00,0.00,66.00,49.80,13.73,14.95,0.00,0.00,0.00,0.00
2018-01-05 10:30:00,1.31,0.00,0.30,0.00,0.10,0.00,0.10,0.00,0.00,98.19,0.60,597.60,508.20,0.00,0.00,0.00,10.40,20.40,0.00,689.20,0.00,0.00,0.00,0.00,0.40,0.00,0.40,0.00,20.80,6036036,0,9622964,61.45,50540,7996196,2240372,14.31,1958188,7289312,400,1200768,267612,3080,6088,31532,0,0,0.00,0,0.00,0,371,0.01,0.23,0.90,0,0.40,0.00,20.80,52.00,0.00,0.00,0.00,0.00,57.20,39.40,12.60,7.77,0.00,0.00,0.00,0.00
2018-01-05 10:30:05,0.71,0.00,0.30,0.00,0.10,0.00,0.10,0.00,0.00,98.79,0.00,521.60,417.80,0.00,0.00,0.00,5.60,7.60,0.00,323.80,0.00,0.00,0.00,0.00,0.40,0.00,0.40,0.00,11.20,6041352,0,9617648,61.42,50544,7991120,2240372,14.31,1957648,7284564,460,1200572,267604,3072,6076,31532,0,0,0.00,0,0.00,1,370,0.01,0.23,0.90,0,0.40,0.00,11.20,28.00,0.00,2.00,2.00,0.08,43.00,26.20,11.12,4.73,0.00,0.00,0.00,0.00
2018-01-05 10:30:10,1.51,0.00,0.40,0.00,0.00,0.00,0.00,0.00,0.00,98.08,1.40,678.60,604.20,0.00,0.00,0.00,109.60,36.20,0.00,377.60,0.00,0.00,0.00,0.00,6.00,0.00,6.00,0.00,219.20,6046676,0,9612324,61.39,50548,7986092,2240372,14.31,1957388,7279832,48,1200576,267540,3072,6076,31532,0,0,0.00,0,0.00,0,370,0.01,0.22,0.89,0,6.00,0.00,219.20,36.53,0.00,0.00,0.00,0.00,66.00,49.40,14.34,9.61,0.00,0.00,0.00,0.00
2018-01-05 10:30:15,1.51,0.00,0.40,0.00,0.20,0.00,0.00,0.00,0.00,97.89,1.20,706.00,637.60,0.00,0.00,0.00,14.40,38.20,0.00,446.00,0.00,0.00,0.00,0.00,0.40,0.00,0.40,0.00,28.80,6052984,0,9606016,61.35,50552,7981060,2240372,14.31,1955548,7275092,228,1199036,267472,3072,6076,31532,0,0,0.00,0,0.00,1,370,0.01,0.22,0.89,0,0.40,0.00,28.80,72.00,0.00,0.00,0.00,0.00,62.00,45.20,13.68,9.21,0.00,0.00,0.00,0.00
2018-01-05 10:30:20,1.01,0.00,0.20,0.10,0.00,0.00,0.10,0.00,0.00,98.59,0.80,600.00,514.00,0.00,0.00,0.00,7.20,22.20,0.00,356.20,0.00,0.00,0.00,0.00,0.40,0.00,0.40,0.00,14.40,6058176,0,9600824,61.31,50560,7976008,2240372,14.31,1955272,7270332,300,1199036,267368,3072,6076,31532,0,0,0.00,0,0.00,1,370,0.01,0.22,0.88,0,0.40,0.00,14.40,36.00,0.00,0.00,0.00,0.00,55.80,38.60,12.38,7.78,0.00,0.00,0.00,0.00
2018-01-05 10:30:25,1.21,0.00,0.20,0.00,0.10,0.00,0.10,0.00,0.00,98.39,0.80,588.60,488.00,0.00,0.00,0.00,6.40,21.60,0.00,347.00,0.00,0.00,0.00,0.00,0.40,0.00,0.40,0.00,12.80,6063384,0,9595616,61.28,50568,7970960,2240372,14.31,1954996,7265628,384,1199104,267304,3080,6076,31532,0,0,0.00,0,0.00,1,371,0.01,0.21,0.88,0,0.40,0.00,12.80,32.00,0.00,2.00,2.00,0.08,52.60,36.40,12.22,7.20,0.00,0.00,0.00,0.00
2018-01-05 10:30:30,1.11,0.00,0.20,0.00,0.10,0.00,0.20,0.00,0.00,98.39,0.80,580.20,491.40,0.00,0.00,0.00,4.80,22.40,0.00,351.60,0.00,0.00,0.00,0.00,0.40,0.00,0.40,0.00,9.60,6068244,0,9590756,61.25,50572,7965904,2240372,14.31,1954696,7260884,448,1199104,267228,3080,6076,31532,0,0,0.00,0,0.00,1,371,0.01,0.21,0.87,0,0.40,0.00,9.60,24.00,0.00,0.00,0.00,0.00,53.80,37.40,12.66,7.44,0.00,0.00,0.00,0.00
2018-01-05 10:30:35,1.31,0.00,0.20,0.00,0.00,0.00,0.00,0.00,0.00,98.49,0.60,601.80,515.00,0.00,0.00,0.00,5.60,19.00,0.00,358.40,0.00,0.00,0.00,0.00,0.40,0.00,0.40,0.00,11.20,6073848,0,9585152,61.21,50580,7960852,2240372,14.31,1954328,7256148,516,1199040,267124,3072,6076,31532,0,0,0.00,0,0.00,1,370,0.00,0.21,0.87,0,0.40,0.00,11.20,28.00,0.00,2.00,2.00,0.08,57.60,39.60,13.31,7.20,0.00,0.00,0.00,0.00
2018-01-05 10:30:40,1.41,0.00,0.20,0.00,0.10,0.00,0.20,0.00,0.00,98.09,1.20,646.00,566.60,0.00,0.00,0.00,66.40,31.40,0.00,372.00,0.00,0.00,0.00,0.00,2.00,0.00,2.00,0.00,132.80,6078916,0,9580084,61.18,50588,7955824,2240372,14.31,1954008,7251448,352,1199040,267052,3072,6076,31532,0,0,0.00,0,0.00,1,370,0.00,0.20,0.87,0,2.00,0.00,132.80,66.40,0.00,0.00,0.00,0.00,63.60,46.60,13.53,9.33,0.00,0.00,0.00,0.00
2018-01-05 10:30:45,1.02,0.00,0.00,0.00,0.10,0.00,0.00,0.00,0.00,98.88,1.40,640.60,557.60,0.00,0.00,0.00,74.40,33.20,0.00,680.40,0.00,0.00,0.00,0.00,3.00,0.00,3.00,0.00,148.80,6083940,0,9575060,61.15,50596,7950792,2240372,14.31,1953764,7246672,108,1199044,266956,3072,6076,31532,0,0,0.00,0,0.00,1,370,0.00,0.20,0.86,0,3.00,0.00,148.80,49.60,0.00,0.27,0.27,0.08,61.40,45.80,13.39,9.74,0.00,0.00,0.00,0.00
2018-01-05 10:30:50,1.11,0.00,0.40,0.10,0.10,0.00,0.00,0.00,0.00,98.29,0.00,599.60,499.00,0.00,0.00,0.00,10.40,19.80,0.00,405.40,0.00,0.00,0.00,0.00,0.40,0.00,0.40,0.00,20.80,6090388,0,9568612,61.11,50604,7945712,2240372,14.31,1951872,7241952,208,1197504,266872,3072,6076,31532,0,0,0.00,0,0.00,0,370,0.00,0.20,0.86,0,0.40,0.00,20.80,52.00,0.00,2.00,2.00,0.08,45.60,27.80,11.17,5.07,0.00,0.00,0.00,0.00
2018-01-05 10:30:55,1.11,0.00,0.10,0.00,0.10,0.00,0.10,0.00,0.00,98.59,0.80,598.40,505.20,0.00,0.00,0.00,5.60,21.40,0.00,700.40,0.00,0.00,0.00,0.00,0.40,0.00,0.40,0.00,11.20,6086396,0,9572604,61.13,50612,7940660,2240372,14.31,1960968,7237232,288,1206924,266784,3080,6076,31532,0,0,0.00,0,0.00,1,371,0.00,0.19,0.85,0,0.40,0.00,11.20,28.00,0.00,2.00,2.00,0.08,54.00,37.60,12.63,6.74,0.00,0.00,0.00,0.00
2018-01-05 10:31:00,1.42,0.00,0.20,0.00,0.00,0.00,0.00,0.00,0.00,98.38,2.00,661.00,584.40,0.00,0.00,0.00,5.60,43.00,0.00,388.20,0.00,0.00,0.00,0.00,0.40,0.00,0.40,0.00,11.20,6091316,0,9567684,61.10,50620,7935644,2240372,14.31,1960800,7232460,392,1206992,266696,3088,6076,31532,0,0,0.00,0,0.00,1,372,0.00,0.19,0.85,0,0.40,0.00,11.20,28.00,0.00,0.00,0.00,0.00,68.00,52.20,14.61,11.28,0.00,0.00,0.00,0.00
2018-01-05 10:31:05,1.41,0.00,0.10,0.00,0.10,0.00,0.20,0.00,0.00,98.19,0.80,612.00,533.40,0.00,0.00,0.00,5.60,22.60,0.00,410.60,0.00,0.00,0.00,0.00,0.40,0.00,0.40,0.00,11.20,6091504,0,9567496,61.10,50624,7930600,2240372,14.31,1965560,7227736,472,1212068,266612,3080,6076,31532,0,0,0.00,0,0.00,0,371,0.00,0.19,0.84,0,0.40,0.00,11.20,28.00,0.00,0.00,0.00,0.00,56.80,40.20,12.42,7.92,0.00,0.00,0.00,0.00
2018-01-05 10:31:10,0.71,0.00,0.30,0.00,0.10,0.00,0.00,0.00,0.00,98.89,0.00,528.20,444.60,0.00,0.00,0.00,64.00,9.60,0.00,328.20,0.00,0.00,0.00,0.00,2.00,0.00,2.00,0.00,128.00,6096464,0,9562536,61.07,50632,7925524,2240372,14.31,1965212,7223016,320,1212068,266528,3080,6076,31532,0,0,0.00,0,0.00,0,371,0.00,0.18,0.84,0,2.00,0.00,128.00,64.00,0.00,0.00,0.00,0.00,45.40,27.60,11.18,4.96,0.00,0.00,0.00,0.00
2018-01-05 10:31:15,0.71,0.00,0.20,0.00,0.10,0.00,0.10,0.00,0.00,98.89,0.80,588.00,527.40,0.00,0.00,0.00,9.60,24.00,0.00,861.20,0.00,0.00,0.00,0.00,0.40,0.00,0.40,0.00,19.20,6097380,0,9561620,61.06,50640,7920476,2240372,14.31,1969176,7218296,376,1216356,266356,3080,6076,31532,0,0,0.00,0,0.00,0,371,0.00,0.18,0.83,0,0.40,0.00,19.20,48.00,0.00,0.00,0.00,0.00,55.80,38.80,13.49,7.46,0.00,0.00,0.00,0.00
2018-01-05 10:31:20,2.62,0.00,0.40,0.00,0.00,0.00,0.10,0.00,0.00,96.87,2.00,707.80,631.80,0.00,0.00,0.00,44.00,45.80,0.00,705.00,0.00,0.00,0.00,0.00,1.80,0.00,1.80,0.00,88.00,6108616,0,9550384,60.99,50648,7915468,2240372,14.31,1962816,7213536,308,1210232,266272,3080,6064,31532,0,0,0.00,0,0.00,1,371,0.00,0.18,0.83,0,1.80,0.00,88.00,48.89,0.00,0.00,0.00,0.00,72.20,56.80,14.93,11.97,0.00,0.00,0.00,0.00
2018-01-05 10:31:25,1.41,0.00,0.40,0.00,0.10,0.00,0.10,0.00,0.00,97.99,1.00,676.20,618.00,0.00,0.00,0.00,83.20,36.80,0.00,723.80,0.00,0.00,0.00,0.00,3.00,0.00,3.00,0.00,166.40,6112568,0,9546432,60.96,50656,7910420,2240372,14.31,1963516,7208816,12,1211252,266184,3088,6064,31532,0,0,0.00,0,0.00,1,372,0.00,0.18,0.83,0,3.00,0.00,166.40,55.47,0.00,0.00,0.00,0.00,61.40,44.00,12.67,8.33,0.00,0.00,0.00,0.00
2018-01-05 10:31:30,0.61,0.00,0.40,0.10,0.10,0.00,0.00,0.00,0.00,98.79,0.40,553.40,459.60,0.00,0.00,0.00,12.00,15.80,0.00,339.60,0.00,0.00,0.00,0.00,0.40,0.00,0.40,0.00,24.00,6117776,0,9541224,60.93,50664,7905356,2240372,14.31,1963176,7204100,184,1211252,266096,3088,6064,31532,0,0,0.00,0,0.00,1,372,0.00,0.17,0.82,0,0.40,0.00,24.00,60.00,0.00,0.00,0.00,0.00,49.40,32.40,11.96,6.22,0.00,0.00,0.00,0.00
2018-01-05 10:31:35,0.71,0.00,0.10,0.00,0.10,0.00,0.00,0.00,0.00,99.09,0.60,546.51,454.29,0.00,0.00,0.00,7.19,69.86,0.00,407.78,0.00,0.00,0.00,0.00,0.40,0.00,0.40,0.00,14.37,6121940,0,9537060,60.90,50668,7901308,2240372,14.31,1963852,7199376,236,1211252,266120,3088,6064,31532,0,0,0.00,0,0.00,1,372,0.00,0.17,0.82,0,0.40,0.00,14.37,36.00,0.00,0.00,0.00,0.00,44.51,27.35,11.38,4.98,0.00,0.00,0.00,0.00
2018-01-05 10:31:40,1.21,0.00,0.30,0.00,0.00,0.00,0.00,0.00,0.00,98.48,1.40,655.00,589.40,0.00,0.00,0.00,6.40,33.20,0.00,375.60,0.00,0.00,0.00,0.00,0.40,0.00,0.40,0.00,12.80,6126992,0,9532008,60.87,50672,7896276,2240372,14.31,1963600,7194600,328,1211252,266032,3088,6064,31532,0,0,0.00,0,0.00,1,372,0.00,0.17,0.81,0,0.40,0.00,12.80,32.00,0.00,0.00,0.00,0.00,64.20,47.40,14.13,9.30,0.00,0.00,0.00,0.00
2018-01-05 10:31:45,1.11,0.00,0.20,0.00,0.20,0.00,0.00,0.00,0.00,98.49,1.00,616.20,546.80,0.00,0.00,0.00,6.40,27.80,0.00,459.20,0.00,0.00,0.00,0.00,0.40,0.00,0.40,0.00,12.80,6131940,0,9527060,60.84,50680,7891240,2240372,14.31,1963644,7189880,416,1211604,265800,3088,6064,31532,0,0,0.00,0,0.00,1,372,0.00,0.16,0.81,0,0.40,0.00,12.80,32.00,0.00,2.00,2.00,0.08,62.00,44.80,13.53,9.20,0.00,0.00,0.00,0.00
2018-01-05 10:31:50,1.31,0.00,0.30,0.00,0.00,0.00,0.00,0.00,0.00,98.39,0.80,593.20,498.60,0.00,0.00,0.00,15.20,23.60,0.00,352.80,0.00,0.00,0.00,0.00,0.60,0.00,0.60,0.00,30.40,6137148,0,9521852,60.81,50688,7886192,2240372,14.31,1963356,7185164,536,1211636,265712,3088,6064,31532,0,0,0.00,0,0.00,0,372,0.00,0.16,0.80,0,0.60,0.00,30.40,50.67,0.00,1.33,1.33,0.08,54.20,38.00,12.49,7.42,0.00,0.00,0.00,0.00
2018-01-05 10:31:55,1.21,0.00,0.20,0.00,0.10,0.00,0.00,0.00,0.00,98.49,1.00,603.80,512.80,0.00,0.00,0.00,63.20,28.20,0.00,351.20,0.00,0.00,0.00,0.00,2.20,0.00,2.20,0.00,126.40,6141944,0,9517056,60.78,50696,7881136,2240372,14.31,1963140,7180420,404,1211740,265712,3096,6064,31532,0,0,0.00,0,0.00,0,373,0.00,0.16,0.80,0,2.20,0.00,126.40,57.45,0.00,0.00,0.00,0.00,56.00,39.80,12.54,7.72,0.00,0.00,0.00,0.00
2018-01-05 10:32:00,1.01,0.00,0.20,0.00,0.10,0.00,0.20,0.00,0.00,98.49,0.80,597.40,524.80,0.00,0.00,0.00,74.40,26.00,0.00,366.40,0.00,0.00,0.00,0.00,4.20,0.00,4.20,0.00,148.80,6147100,0,9511900,60.74,50704,7876092,2240372,14.31,1962840,7175668,264,1211712,265544,3088,6064,31532,0,0,0.00,0,0.00,0,372,0.00,0.16,0.79,0,4.20,0.00,148.80,35.43,0.00,0.00,0.00,0.00,58.40,41.00,13.15,8.00,0.00,0.00,0.00,0.00
2018-01-05 10:32:05,1.82,0.00,0.30,0.00,0.10,0.00,0.00,0.00,0.00,97.78,1.40,724.60,640.80,0.00,0.00,0.00,9.60,44.20,0.00,455.20,0.00,0.00,0.00,0.00,0.40,0.00,0.40,0.00,19.20,6153804,0,9505196,60.70,50712,7871056,2240372,14.31,1960980,7170952,248,1210160,265456,3080,6064,31532,0,0,0.00,0,0.00,0,371,0.00,0.15,0.79,0,0.40,0.00,19.20,48.00,0.00,0.00,0.00,0.00,63.60,47.60,13.73,9.42,0.00,0.00,0.00,0.00
2018-01-05 10:32:10,0.71,0.00,0.10,0.00,0.00,0.00,0.20,0.00,0.00,98.99,0.20,543.40,451.00,0.00,0.00,0.00,6.40,12.00,0.00,338.40,0.00,0.00,0.00,0.00,0.40,0.00,0.40,0.00,12.80,6158888,0,9500112,60.67,50716,7866004,2240372,14.31,1960660,7166212,320,1210176,265368,3080,6064,31532,0,0,0.00,0,0.00,0,371,0.00,0.15,0.79,0,0.40,0.00,12.80,32.00,0.00,0.00,0.00,0.00,49.60,31.80,11.69,6.18,0.00,0.00,0.00,0.00
2018-01-05 10:32:15,0.71,0.00,0.20,0.10,0.10,0.00,0.10,0.00,0.00,98.79,0.80,584.20,498.60,0.00,0.00,0.00,5.60,21.20,0.00,352.40,0.00,0.00,0.00,0.00,0.40,0.00,0.40,0.00,11.20,6163972,0,9495028,60.64,50724,7860948,2240372,14.31,1960400,7161452,384,1210176,265284,3080,6064,31532,0,0,0.00,0,0.00,1,371,0.00,0.15,0.78,0,0.40,0.00,11.20,28.00,0.00,2.00,2.00,0.08,53.80,37.80,12.30,7.54,0.00,0.00,0.00,0.00
2018-01-05 10:32:20,0.71,0.00,0.20,0.00,0.10,0.00,0.10,0.00,0.00,98.89,0.40,564.20,460.60,0.00,0.00,0.00,4.80,14.40,0.00,340.20,0.00,0.00,0.00,0.00,0.40,0.00,0.40,0.00,9.60,6169024,0,9489976,60.60,50732,7855888,2240372,14.31,1960072,7156724,444,1210176,265196,3080,6064,31532,0,0,0.00,0,0.00,0,371,0.00,0.15,0.78,0,0.40,0.00,9.60,24.00,0.00,2.00,2.00,0.08,50.00,32.60,12.50,6.25,0.00,0.00,0.00,0.00
2018-01-05 10:32:25,1.71,0.00,0.40,0.00,0.10,0.00,0.00,0.00,0.00,97.79,2.00,712.00,643.80,0.00,0.00,0.00,59.20,51.40,0.00,395.00,0.00,0.00,0.00,0.00,2.00,0.00,2.00,0.00,118.40,6174380,0,9484620,60.57,50736,7850864,2240372,14.31,1959908,7152004,344,1210312,265108,3088,6064,31532,0,0,0.00,0,0.00,1,372,0.00,0.14,0.77,0,2.00,0.00,118.40,59.20,0.00,0.40,0.40,0.08,74.20,57.60,15.38,11.20,0.00,0.00,0.00,0.00
2018-01-05 10:32:30,0.91,0.00,0.20,0.00,0.00,0.00,0.10,0.00,0.00,98.78,1.20,653.00,572.20,0.00,0.00,0.00,16.00,34.20,0.00,682.00,0.00,0.00,0.00,0.00,0.60,0.00,0.60,0.00,32.00,6185856,0,9473144,60.50,50740,7845836,2240372,14.31,1953508,7147268,436,1204212,265020,3088,6052,31532,0,0,0.00,0,0.00,1,372,0.00,0.14,0.77,0,0.60,0.00,32.00,53.33,0.00,1.33,1.33,0.08,65.60,48.40,13.36,9.74,0.00,0.00,0.00,0.00
2018-01-05 10:32:35,0.91,0.00,0.40,0.00,0.10,0.00,0.10,0.00,0.00,98.49,0.60,646.60,562.20,0.00,0.00,0.00,96.80,31.80,0.00,429.40,0.00,0.00,0.00,0.00,4.20,0.00,4.20,0.00,193.60,6192428,0,9466572,60.45,50748,7840780,2240372,14.31,1951584,7142500,92,1202568,264948,3072,6052,31532,0,0,0.00,0,0.00,1,370,0.00,0.14,0.76,0,4.20,0.00,193.60,46.10,0.00,0.00,0.00,0.00,50.20,34.80,11.81,7.02,0.00,0.00,0.00,0.00
2018-01-05 10:32:40,0.91,0.00,0.30,0.00,0.10,0.00,0.20,0.00,0.00,98.49,0.40,569.00,472.40,0.00,0.00,0.00,12.00,16.60,0.00,338.60,0.00,0.00,0.00,0.00,0.40,0.00,0.40,0.00,24.00,6197496,0,9461504,60.42,50756,7835724,2240372,14.31,1951268,7137780,192,1202568,264876,3072,6052,31532,0,0,0.00,0,0.00,1,370,0.00,0.14,0.76,0,0.40,0.00,24.00,60.00,0.00,0.00,0.00,0.00,47.80,31.60,11.43,6.08,0.00,0.00,0.00,0.00
2018-01-05 10:32:45,0.81,0.00,0.10,0.00,0.10,0.00,0.00,0.00,0.00,98.99,0.80,599.00,514.40,0.00,0.00,0.00,7.20,22.80,0.00,357.60,0.00,0.00,0.00,0.00,0.40,0.00,0.40,0.00,14.40,6202456,0,9456544,60.39,50760,7830672,2240372,14.31,1950952,7133052,264,1202568,264788,3072,6052,31532,0,0,0.00,0,0.00,1,370,0.00,0.13,0.76,0,0.40,0.00,14.40,36.00,0.00,0.00,0.00,0.00,57.20,40.00,13.28,7.57,0.00,0.00,0.00,0.00
2018-01-05 10:32:50,1.51,0.00,0.30,0.10,0.10,0.00,0.20,0.00,0.00,97.79,1.00,625.20,541.40,0.00,0.00,0.00,6.40,28.00,0.00,771.60,0.00,0.00,0.00,0.00,0.40,0.00,0.40,0.00,12.80,6207788,0,9451212,60.36,50768,7825628,2240372,14.31,1950660,7128340,348,1202600,264704,3072,6052,31532,0,0,0.00,0,0.00,0,370,0.00,0.13,0.75,0,0.40,0.00,12.80,32.00,0.00,0.00,0.00,0.00,58.00,41.00,13.54,8.00,0.00,0.00,0.00,0.00
2018-01-05 10:32:55,1.11,0.00,0.30,0.00,0.00,0.00,0.00,0.00,0.00,98.59,0.80,581.80,496.00,0.00,0.00,0.00,84.00,24.60,0.00,363.00,0.00,0.00,0.00,0.00,3.80,0.00,3.80,0.00,168.00,6212884,0,9446116,60.32,50772,7820588,2240372,14.31,1950436,7123552,36,1202628,264384,3080,6052,31532,0,0,0.00,0,0.00,0,371,0.00,0.13,0.75,0,3.80,0.00,168.00,44.21,0.00,0.00,0.00,0.00,54.80,38.60,12.08,7.69,0.00,0.00,0.00,0.00
2018-01-05 10:33:00,1.01,0.00,0.30,0.00,0.10,0.00,0.00,0.00,0.00,98.59,1.20,629.60,543.20,0.00,0.00,0.00,14.40,30.40,0.00,369.60,0.00,0.00,0.00,0.00,0.40,0.00,0.40,0.00,28.80,6217976,0,9441024,60.29,50776,7815536,2240372,14.31,1950124,7118820,212,1202632,264280,3088,6052,31532,0,0,0.00,0,0.00,1,371,0.00,0.13,0.75,0,0.40,0.00,28.80,72.00,0.00,0.00,0.00,0.00,61.40,44.80,13.49,8.91,0.00,0.00,0.00,0.00
2018-01-05 10:33:05,1.21,0.00,0.20,0.00,0.10,0.00,0.20,0.00,0.00,98.29,1.20,652.80,585.80,0.00,0.00,0.00,5.60,29.60,0.00,372.60,0.00,0.00,0.00,0.00,0.40,0.00,0.40,0.00,11.20,6223076,0,9435924,60.26,50784,7810516,2240372,14.31,1949764,7114108,312,1202568,264272,3072,6052,31532,0,0,0.00,0,0.00,1,370,0.00,0.13,0.74,0,0.40,0.00,11.20,28.00,0.00,2.00,2.00,0.08,65.20,47.60,13.95,9.66,0.00,0.00,0.00,0.00
2018-01-05 10:33:10,0.91,0.00,0.40,0.00,0.10,0.00,0.00,0.00,0.00,98.59,0.40,619.40,547.60,0.00,0.00,0.00,6.40,22.80,0.00,411.60,0.00,0.00,0.00,0.00,0.40,0.00,0.40,0.00,12.80,6229604,0,9429396,60.22,50792,7805460,2240372,14.31,1947980,7109392,384,1201116,264276,3072,6052,31532,0,0,0.00,0,0.00,1,370,0.00,0.12,0.74,0,0.40,0.00,12.80,32.00,0.00,0.00,0.00,0.00,48.00,31.60,11.23,6.07,0.00,0.00,0.00,0.00
2018-01-05 10:33:15,1.11,0.00,0.20,0.00,0.10,0.00,0.10,0.00,0.00,98.49,0.80,592.00,509.20,0.00,0.00,0.00,5.60,23.20,0.00,352.80,0.00,0.00,0.00,0.00,0.40,0.00,0.40,0.00,11.20,6234616,0,9424384,60.19,50800,7800412,2240372,14.31,1947572,7104676,460,1201032,264260,3072,6052,31532,0,0,0.00,0,0.00,1,370,0.00,0.12,0.73,0,0.40,0.00,11.20,28.00,0.00,0.00,0.00,0.00,57.00,40.20,12.88,7.93,0.00,0.00,0.00,0.00
2018-01-05 10:33:20,0.81,0.00,0.30,0.00,0.00,0.00,0.00,0.00,0.00,98.89,0.80,597.60,514.40,0.00,0.00,0.00,5.60,21.60,0.00,351.40,0.00,0.00,0.00,0.00,0.40,0.00,0.40,0.00,11.20,6239668,0,9419332,60.15,50808,7795352,2240372,14.31,1947300,7099896,520,1201032,264260,3072,6052,31532,0,0,0.00,0,0.00,1,370,0.00,0.12,0.73,0,0.40,0.00,11.20,28.00,0.00,2.00,2.00,0.08,55.40,38.40,13.13,7.44,0.00,0.00,0.00,0.00
2018-01-05 10:33:25,0.81,0.00,0.20,0.10,0.10,0.00,0.10,0.00,0.00,98.69,1.00,608.20,526.40,0.00,0.00,0.00,59.20,26.60,0.00,366.00,0.00,0.00,0.00,0.00,2.00,0.00,2.00,0.00,118.40,6245148,0,9413852,60.12,50812,7790304,2240372,14.31,1946680,7095168,396,1200728,264260,3080,6052,31532,0,0,0.00,0,0.00,0,372,0.00,0.12,0.73,0,2.00,0.00,118.40,59.20,0.00,0.40,0.40,0.08,57.00,40.40,12.98,7.75,0.00,0.00,0.00,0.00
2018-01-05 10:33:30,1.51,0.00,0.30,0.00,0.10,0.00,0.00,0.00,0.00,98.08,0.80,593.00,514.80,0.00,0.00,0.00,76.80,25.80,0.00,306.40,0.00,0.00,0.00,0.00,3.40,0.00,3.40,0.00,153.60,6248992,0,9410008,60.09,50816,7786288,2240372,14.31,1947416,7090456,76,1200768,264260,3080,6052,31532,0,0,0.00,0,0.00,0,371,0.00,0.12,0.72,0,3.40,0.00,153.60,45.18,0.00,0.24,0.24,0.08,57.80,40.60,12.75,8.06,0.00,0.00,0.00,0.00
2018-01-05 10:33:35,1.51,0.00,0.20,0.00,0.10,0.00,0.10,0.00,0.00,98.08,1.60,682.60,607.20,0.00,0.00,0.00,8.80,277.60,0.00,393.80,0.00,0.00,0.00,0.00,0.40,0.00,0.40,0.00,17.60,6253640,0,9405360,60.06,50820,7781268,2240372,14.31,1948000,7085704,248,1201616,264256,3088,6324,31532,0,0,0.00,0,0.00,4,372,0.00,0.11,0.72,0,0.40,0.00,17.60,44.00,0.00,2.00,2.00,0.08,66.40,50.20,14.63,9.63,0.00,0.00,0.00,0.00
2018-01-05 10:33:40,1.81,0.00,0.30,0.00,0.10,0.00,0.10,0.00,0.00,97.68,1.00,651.20,570.20,0.00,0.00,0.00,6.40,64.60,0.00,673.60,0.00,0.00,0.00,0.00,0.40,0.00,0.40,0.00,12.80,6264488,0,9394512,59.99,50828,7776224,2240372,14.31,1941628,7081016,336,1195596,264164,3088,6312,31532,0,0,0.00,0,0.00,1,372,0.00,0.11,0.71,0,0.40,0.00,12.80,32.00,0.00,2.00,2.00,0.08,59.80,43.20,12.50,8.52,0.00,0.00,0.00,0.00
2018-01-05 10:33:45,1.21,0.00,0.20,0.00,0.00,0.00,0.00,0.00,0.00,98.59,0.60,627.40,530.80,0.00,0.00,0.00,7.20,324.60,0.00,558.00,0.00,0.00,0.00,0.00,0.40,0.00,0.40,0.00,14.40,6271380,0,9387620,59.95,50836,7771148,2209776,14.11,1939804,7076224,404,1194040,264000,3072,6040,31532,0,0,0.00,0,0.00,0,370,0.00,0.11,0.71,0,0.40,0.00,14.40,36.00,0.00,0.00,0.00,0.00,49.40,33.20,11.30,6.46,0.00,0.00,0.00,0.00
2018-01-05 10:33:50,0.71,0.00,0.40,0.00,0.10,0.00,0.00,0.00,0.00,98.79,0.40,559.20,467.40,0.00,0.00,0.00,16.00,14.60,0.00,338.00,0.00,0.00,0.00,0.00,0.60,0.00,0.60,0.00,32.00,6276464,0,9382536,59.92,50848,7766088,2209776,14.11,1939460,7071524,504,1194044,263912,3072,6040,31532,0,0,0.00,0,0.00,1,370,0.00,0.11,0.71,0,0.60,0.00,32.00,53.33,0.00,0.00,0.00,0.00,47.60,31.40,11.68,6.11,0.00,0.00,0.00,0.00
2018-01-05 10:33:55,0.71,0.00,0.20,0.00,0.10,0.00,0.20,0.00,0.00,98.79,0.60,566.00,467.60,0.00,0.00,0.00,57.60,17.80,0.00,335.20,0.00,0.00,0.00,0.00,2.00,0.00,2.00,0.00,115.20,6281292,0,9377708,59.89,50856,7761032,2209776,14.11,1939216,7066784,372,1194108,263912,3080,6040,31532,0,0,0.00,0,0.00,0,371,0.00,0.11,0.70,0,2.00,0.00,115.20,57.60,0.00,0.40,0.40,0.08,48.80,32.80,11.92,6.08,0.00,0.00,0.00,0.00
2018-01-05 10:34:00,1.01,0.00,0.51,0.00,0.10,0.00,0.00,0.00,0.00,98.38,1.80,731.80,668.60,0.00,0.00,0.00,10.40,43.80,0.00,401.60,0.00,0.00,0.00,0.00,0.40,0.00,0.40,0.00,20.80,6286488,0,9372512,59.85,50860,7756020,2209776,14.11,1938952,7062040,480,1194108,263716,3080,6040,31532,0,0,0.00,0,0.00,0,371,0.00,0.10,0.70,0,0.40,0.00,20.80,52.00,0.00,0.00,0.00,0.00,74.40,58.20,15.09,11.06,0.00,0.00,0.00,0.00
2018-01-05 10:34:05,0.61,0.00,0.40,0.10,0.10,0.00,0.00,0.00,0.00,98.79,0.80,597.20,508.20,0.00,0.00,0.00,36.80,22.00,0.00,354.00,0.00,0.00,0.00,0.00,1.00,0.00,1.00,0.00,73.60,6291696,0,9367304,59.82,50868,7750976,2209776,14.11,1938576,7057312,420,1194044,263636,3072,6040,31532,0,0,0.00,0,0.00,1,370,0.00,0.10,0.69,0,1.00,0.00,73.60,73.60,0.00,0.80,0.80,0.08,52.20,37.20,11.60,7.79,0.00,0.00,0.00,0.00
2018-01-05 10:34:10,0.71,0.00,0.30,0.00,0.20,0.00,0.41,0.00,0.00,98.37,1.00,1265.20,1455.80,0.00,0.00,0.00,93.60,28.20,0.00,630.40,0.00,0.00,0.00,0.00,6.20,0.00,6.20,0.00,187.20,6296864,0,9362136,59.79,50876,7745912,2209776,14.11,1938256,7052644,156,1194112,263552,3080,6040,31532,0,0,0.00,0,0.00,1,371,0.00,0.10,0.69,0,6.20,0.00,187.20,30.19,0.00,0.00,0.00,0.00,278.20,535.80,22.33,7431.85,0.00,0.00,0.00,0.00
2018-01-05 10:34:15,0.81,0.00,0.20,0.00,0.41,0.00,0.20,0.00,0.00,98.37,0.80,1314.60,1516.80,0.00,0.00,0.00,4.00,22.20,0.00,662.20,0.00,0.00,0.00,0.00,0.40,0.00,0.40,0.00,8.00,6302048,0,9356952,59.75,50884,7740844,2209776,14.11,1938052,7047848,220,1194180,263448,3088,6040,31532,0,0,0.00,0,0.00,1,372,0.00,0.10,0.69,0,0.40,0.00,8.00,20.00,0.00,0.00,0.00,0.00,306.60,580.40,23.87,8237.15,0.00,0.00,0.00,0.00
2018-01-05 10:34:20,1.32,0.00,0.71,0.00,0.41,0.00,0.41,0.00,0.00,97.15,0.80,1880.00,2215.20,0.00,0.00,0.00,6.40,30.60,0.00,994.20,0.00,0.00,0.00,0.00,0.40,0.00,0.40,0.00,12.80,6308684,0,9350316,59.71,50892,7735788,2209776,14.11,1936228,7043108,296,1192652,263300,3088,6040,31532,0,0,0.00,0,0.00,0,372,0.00,0.10,0.68,0,0.40,0.00,12.80,32.00,0.00,2.00,2.00,0.08,514.00,1025.80,36.03,14910.33,0.00,0.00,0.00,0.00
2018-01-05 10:34:25,0.92,0.00,0.51,0.00,0.51,0.00,0.31,0.00,0.00,97.75,1.60,1849.20,2214.80,0.00,0.00,0.00,7.20,37.40,0.00,926.60,0.00,0.00,0.00,0.00,0.40,0.00,0.40,0.00,14.40,6313728,0,9345272,59.68,50896,7730744,2209776,14.11,1935984,7038372,376,1192720,263212,3096,6040,31532,0,0,0.00,0,0.00,1,373,0.08,0.11,0.68,0,0.40,0.00,14.40,36.00,0.00,0.00,0.00,0.00,510.40,1008.60,35.26,14600.42,0.00,0.00,0.00,0.00
2018-01-05 10:34:30,1.52,0.00,0.10,0.00,0.30,0.00,0.30,0.00,0.00,97.76,2.00,1491.80,1629.20,0.00,0.00,0.00,5.60,272.80,0.00,690.40,0.00,0.00,0.00,0.00,0.40,0.00,0.40,0.00,11.20,6317608,0,9341392,59.66,50904,7725708,2209776,14.11,1936576,7033660,456,1193636,263128,3120,6292,31532,0,0,0.00,0,0.00,1,376,0.08,0.11,0.68,0,0.40,0.00,11.20,28.00,0.00,2.00,2.00,0.08,306.60,574.80,25.33,7805.79,0.00,0.00,0.00,0.00
2018-01-05 10:34:35,1.42,0.00,0.51,0.00,0.81,0.00,1.22,0.00,0.00,96.04,0.20,2408.00,3175.20,0.00,0.00,0.00,4.80,61.20,0.00,1284.40,0.00,0.00,0.00,0.00,0.40,0.00,0.40,0.00,9.60,6322236,0,9336764,59.63,50912,7720636,2209776,14.11,1936620,7028884,504,1193956,263060,3112,6376,31532,0,0,0.00,0,0.00,1,375,0.07,0.11,0.68,0,0.40,0.00,9.60,24.00,0.00,0.00,0.00,0.00,818.00,1682.80,49.88,24935.32,0.00,0.00,0.00,0.00
2018-01-05 10:34:40,1.22,0.00,0.81,0.00,0.61,0.00,1.22,0.00,0.00,96.14,1.00,2364.00,3176.20,0.00,0.00,0.00,58.40,40.20,0.00,1469.80,0.00,0.00,0.00,0.00,2.00,0.00,2.00,0.00,116.80,6329196,0,9329804,59.58,50916,7715572,2209776,14.11,1935100,7024156,396,1192764,262908,3096,6044,31532,0,0,0.00,0,0.00,3,373,0.06,0.11,0.67,0,2.00,0.00,116.80,58.40,0.00,0.40,0.40,0.08,889.40,1814.00,54.23,27198.87,0.00,0.00,0.00,0.00
2018-01-05 10:34:45,1.22,0.00,0.31,0.00,0.41,0.00,0.41,0.00,0.00,97.66,1.40,1523.00,1888.60,0.00,0.00,0.00,68.00,34.00,0.00,1131.40,0.00,0.00,0.00,0.00,2.80,0.00,2.80,0.00,136.00,6341032,0,9317968,59.51,50924,7710540,2209776,14.11,1927996,7019432,216,1185964,262816,3080,6032,31532,0,0,0.00,0,0.00,1,371,0.06,0.10,0.67,0,2.80,0.00,136.00,48.57,0.00,0.00,0.00,0.00,398.40,752.00,30.49,10830.05,0.00,0.00,0.00,0.00
2018-01-05 10:34:50,0.81,0.00,0.41,0.10,0.31,0.00,0.20,0.00,0.00,98.17,0.80,1300.60,1428.60,0.00,0.00,0.00,6.40,23.60,0.00,592.00,0.00,0.00,0.00,0.00,0.40,0.00,0.40,0.00,12.80,6346084,0,9312916,59.47,50932,7705492,2209776,14.11,1927684,7014708,304,1185964,262728,3080,6032,31532,0,0,0.00,0,0.00,1,371,0.05,0.10,0.67,0,0.40,0.00,12.80,32.00,0.00,0.00,0.00,0.00,248.40,412.80,21.91,6204.57,0.00,0.00,0.00,0.00
2018-01-05 10:34:55,1.01,0.00,0.40,0.00,0.30,0.00,0.51,0.00,0.00,97.78,0.40,1373.40,1515.80,0.00,0.00,0.00,5.60,26.60,0.00,654.40,0.00,0.00,0.00,0.00,0.40,0.00,0.40,0.00,11.20,6352868,0,9306132,59.43,50940,7700420,2209776,14.11,1925904,7009932,356,1184484,262664,3088,6032,31532,0,0,0.00,0,0.00,0,372,0.05,0.10,0.66,0,0.40,0.00,11.20,28.00,0.00,0.00,0.00,0.00,247.80,434.00,20.18,6683.91,0.00,0.00,0.00,0.00
2018-01-05 10:35:00,0.91,0.00,0.20,0.00,0.20,0.00,0.20,0.00,0.00,98.48,0.60,1039.80,1134.80,0.00,0.00,0.00,4.80,17.80,0.00,528.00,0.00,0.00,0.00,0.00,0.40,0.00,0.40,0.00,9.60,6358084,0,9300916,59.40,50948,7695368,2209776,14.11,1925532,7005204,428,1184416,262576,3080,6032,31532,0,0,0.00,0,0.00,0,371,0.05,0.10,0.66,0,0.40,0.00,9.60,24.00,0.00,0.00,0.00,0.00,196.40,322.60,19.34,4758.81,0.00,0.00,0.00,0.00
2018-01-05 10:35:05,1.01,0.00,0.30,0.00,0.10,0.00,0.10,0.00,0.00,98.49,1.00,601.40,504.80,0.00,0.00,0.00,13.60,182.20,0.00,407.20,0.00,0.00,0.00,0.00,0.40,0.00,0.40,0.00,27.20,6363208,0,9295792,59.36,50956,7690308,2209776,14.11,1925108,7000508,536,1184352,262472,3072,6032,31532,0,0,0.00,0,0.00,1,370,0.04,0.10,0.66,0,0.40,0.00,27.20,68.00,0.00,2.00,2.00,0.08,52.80,36.40,12.25,6.77,0.00,0.00,0.00,0.00
2018-01-05 10:35:10,0.91,0.00,0.20,0.00,0.10,0.00,0.20,0.00,0.00,98.58,1.20,640.40,555.20,0.00,0.00,0.00,62.40,32.20,0.00,374.60,0.00,0.00,0.00,0.00,2.00,0.00,2.00,0.00,124.80,6368260,0,9290740,59.33,50960,7685284,2209776,14.11,1924816,6995780,428,1184352,262304,3072,6032,31532,0,0,0.00,0,0.00,0,370,0.04,0.10,0.65,0,2.00,0.00,124.80,62.40,0.00,0.40,0.40,0.08,61.60,45.80,12.68,9.03,0.00,0.00,0.00,0.00
2018-01-05 10:35:15,0.81,0.00,0.30,0.00,0.00,0.00,0.00,0.00,0.00,98.89,0.40,527.20,417.80,0.00,0.00,0.00,6.40,14.40,0.00,333.60,0.00,0.00,0.00,0.00,0.60,0.00,0.60,0.00,12.80,6373484,0,9285516,59.30,50968,7680216,2209776,14.11,1924536,6991004,484,1184352,262236,3072,6032,31532,0,0,0.00,0,0.00,1,370,0.04,0.10,0.65,0,0.60,0.00,12.80,21.33,0.00,1.33,1.33,0.08,44.60,29.80,10.51,6.30,0.00,0.00,0.00,0.00
2018-01-05 10:35:20,1.01,0.00,0.10,0.00,0.10,0.00,0.10,0.00,0.00,98.69,0.40,560.40,456.60,0.00,0.00,0.00,106.40,18.20,0.00,336.40,0.00,0.00,0.00,0.00,6.20,0.00,6.20,0.00,212.80,6378428,0,9280572,59.27,50976,7675156,2209776,14.11,1924192,6986288,164,1184352,262132,3072,6032,31532,0,0,0.00,0,0.00,0,370,0.03,0.09,0.65,0,6.20,0.00,212.80,34.32,0.00,0.00,0.00,0.00,46.40,31.20,10.86,6.10,0.00,0.00,0.00,0.00
2018-01-05 10:35:25,0.71,0.00,0.31,0.10,0.31,0.00,0.41,0.00,0.00,98.17,0.80,1473.80,1627.80,0.00,0.00,0.00,4.80,21.20,0.00,600.60,0.00,0.00,0.00,0.00,0.40,0.00,0.40,0.00,9.60,6382588,0,9276412,59.24,50984,7671108,2209776,14.11,1925020,6981556,224,1184484,262140,3088,6032,31532,0,0,0.00,0,0.00,0,372,0.03,0.09,0.64,0,0.40,0.00,9.60,24.00,0.00,2.00,2.00,0.08,308.20,537.40,24.53,8394.34,0.00,0.00,0.00,0.00
2018-01-05 10:35:30,1.32,0.00,0.51,0.00,0.41,0.00,0.20,0.00,0.00,97.56,1.40,1425.80,1706.40,0.00,0.00,0.00,8.80,45.20,0.00,779.60,0.00,0.00,0.00,0.00,0.40,0.00,0.40,0.00,17.60,6388268,0,9270732,59.20,50992,7666068,2209776,14.11,1924304,6976796,320,1184040,261964,3088,6032,31532,0,0,0.00,0,0.00,0,373,0.03,0.09,0.64,0,0.40,0.00,17.60,44.00,0.00,0.00,0.00,0.00,367.00,700.40,28.86,9762.68,0.00,0.00,0.00,0.00
2018-01-05 10:35:35,1.73,0.00,0.41,0.00,0.61,0.00,0.51,0.00,0.00,96.75,1.00,1801.80,2416.40,0.00,0.00,0.00,5.60,26.80,0.00,1079.40,0.00,0.00,0.00,0.00,0.40,0.00,0.40,0.00,11.20,6393476,0,9265524,59.17,51000,7661028,2209776,14.11,1923916,6972092,400,1183980,261876,3088,6032,31532,0,0,0.00,0,0.00,2,372,0.03,0.09,0.64,0,0.40,0.00,11.20,28.00,0.00,0.00,0.00,0.00,641.80,1345.40,41.37,18994.38,0.00,0.00,0.00,0.00
2018-01-05 10:35:40,1.33,0.00,0.10,0.00,0.41,0.00,0.20,0.00,0.00,97.96,0.60,1630.00,1967.60,0.00,0.00,0.00,89.60,21.60,0.00,754.40,0.00,0.00,0.00,0.00,3.80,0.00,3.80,0.00,179.20,6398508,0,9260492,59.14,51008,7655976,2209776,14.11,1923528,6967364,164,1183912,261796,3080,6032,31532,0,0,0.00,0,0.00,1,371,0.02,0.09,0.63,0,3.80,0.00,179.20,47.16,0.00,0.21,0.21,0.08,382.80,789.00,28.44,10701.15,0.00,0.00,0.00,0.00
2018-01-05 10:35:45,0.82,0.00,0.51,0.00,0.41,0.00,0.41,0.00,0.00,97.85,1.40,1870.40,2219.60,0.00,0.00,0.00,6.40,32.80,0.00,851.80,0.00,0.00,0.00,0.00,0.40,0.00,0.40,0.00,12.80,6403596,0,9255404,59.11,51016,7650908,2209776,14.11,1923392,6962596,228,1184092,261792,3088,6032,31532,0,0,0.00,0,0.00,0,373,0.02,0.09,0.63,0,0.40,0.00,12.80,32.00,0.00,0.00,0.00,0.00,454.00,939.60,31.07,12911.87,0.00,0.00,0.00,0.00
2018-01-05 10:35:50,1.13,0.00,0.51,0.00,0.51,0.00,0.20,0.00,0.00,97.65,0.60,1880.00,2312.20,0.00,0.00,0.00,16.00,18.40,0.00,1112.40,0.00,0.00,0.00,0.00,0.60,0.00,0.60,0.00,32.00,6414500,0,9244500,59.04,51028,7645848,2209776,14.11,1917312,6957900,340,1178336,261676,3088,6024,31532,0,0,0.00,0,0.00,0,372,0.02,0.08,0.63,0,0.60,0.00,32.00,53.33,0.00,0.00,0.00,0.00,443.60,847.20,31.92,12781.35,0.00,0.00,0.00,0.00
2018-01-05 10:35:55,1.03,0.00,0.51,0.10,0.62,0.00,0.41,0.00,0.00,97.33,1.80,2074.60,2723.40,0.00,0.00,0.00,8.00,38.80,0.00,1113.40,0.00,0.00,0.00,0.00,0.40,0.00,0.40,0.00,16.00,6419180,0,9239820,59.01,51036,7640808,2209776,14.11,1917148,6953160,428,1178468,261652,3104,6024,31532,0,0,0.00,0,0.00,0,374,0.02,0.08,0.62,0,0.40,0.00,16.00,40.00,0.00,2.00,2.00,0.08,667.00,1393.00,43.08,19669.84,0.00,0.00,0.00,0.00
2018-01-05 10:36:00,0.81,0.00,0.41,0.00,0.41,0.00,0.71,0.00,0.00,97.67,0.60,1426.00,1779.60,0.00,0.00,0.00,6.40,26.80,0.00,832.20,0.00,0.00,0.00,0.00,0.40,0.00,0.40,0.00,12.80,6426040,0,9232960,58.96,51044,7635756,2178368,13.91,1915224,6948428,500,1176860,261652,3096,6024,31532,0,0,0.00,0,0.00,1,373,0.02,0.08,0.62,0,0.40,0.00,12.80,32.00,0.00,0.00,0.00,0.00,386.00,746.00,28.39,10782.61,0.00,0.00,0.00,0.00
2018-01-05 10:36:05,1.33,0.00,0.41,0.00,0.61,0.00,0.41,0.00,0.00,97.23,1.40,2118.40,2714.00,0.00,0.00,0.00,7.20,262.20,0.00,1107.00,0.00,0.00,0.00,0.00,0.40,0.00,0.40,0.00,14.40,6430284,0,9228716,58.94,51052,7630692,2178368,13.91,1915692,6943764,556,1177712,261660,3112,6292,31532,0,0,0.00,0,0.00,0,375,0.02,0.08,0.62,0,0.40,0.00,14.40,36.00,0.00,0.00,0.00,0.00,654.60,1280.80,41.59,19489.84,0.00,0.00,0.00,0.00
2018-01-05 10:36:10,1.23,0.00,0.51,0.00,0.72,0.00,0.31,0.00,0.00,97.23,1.40,2176.00,2893.00,0.00,0.00,0.00,60.00,48.80,0.00,1204.40,0.00,0.00,0.00,0.00,2.40,0.00,2.40,0.00,120.00,6435048,0,9223952,58.91,51060,7625616,2178368,13.91,1915488,6939064,428,1177872,261684,3120,6296,31532,0,0,0.00,0,0.00,0,376,0.01,0.08,0.61,0,2.40,0.00,120.00,50.00,0.00,0.00,0.00,0.00,744.00,1414.00,46.81,22273.33,0.00,0.00,0.00,0.00
2018-01-05 10:36:15,1.13,0.00,0.41,0.00,0.62,0.00,0.41,0.00,0.00,97.43,1.80,2147.00,2811.00,0.00,0.00,0.00,76.00,78.60,0.00,1162.20,0.00,0.00,0.00,0.00,4.60,0.00,4.60,0.00,152.00,6439728,0,9219272,58.88,51068,7620580,2178368,13.91,1915716,6934244,204,1178176,261680,3120,6372,31532,0,0,0.00,0,0.00,1,377,0.01,0.08,0.61,0,4.60,0.00,152.00,33.04,0.00,0.00,0.00,0.00,699.60,1301.80,45.35,20451.91,0.00,0.00,0.00,0.00
2018-01-05 10:36:20,1.32,0.00,0.51,0.00,0.81,0.00,1.62,0.00,0.00,95.74,0.60,2318.80,3165.20,0.00,0.00,0.00,7.20,28.00,0.00,1421.80,0.00,0.00,0.00,0.00,0.40,0.00,0.40,0.00,14.40,6445804,0,9213196,58.84,51072,7615524,2178368,13.91,1914108,6929508,292,1177028,261600,3112,6024,31532,0,0,0.00,0,0.00,1,375,0.01,0.08,0.60,0,0.40,0.00,14.40,36.00,0.00,0.00,0.00,0.00,862.20,1702.20,52.39,26271.38,0.00,0.00,0.00,0.00
2018-01-05 10:36:25,1.32,0.00,0.41,0.00,0.41,0.00,0.61,0.00,0.00,97.26,1.20,1748.00,2319.60,0.00,0.00,0.00,4.00,27.40,0.00,980.00,0.00,0.00,0.00,0.00,0.40,0.00,0.40,0.00,8.00,6450960,0,9208040,58.80,51080,7610456,2178368,13.91,1913896,6924792,344,1177160,261592,3128,6024,31532,0,0,0.00,0,0.00,0,377,0.01,0.07,0.60,0,0.40,0.00,8.00,20.00,0.00,0.00,0.00,0.00,566.80,1109.60,37.18,16629.16,0.00,0.00,0.00,0.00
2018-01-05 10:36:30,1.12,0.00,0.61,0.10,0.81,0.00,1.42,0.00,0.00,95.94,0.00,2323.20,3160.80,0.00,0.00,0.00,5.60,16.20,0.00,1329.80,0.00,0.00,0.00,0.00,0.40,0.00,0.40,0.00,11.20,6456580,0,9202420,58.77,51084,7605380,2178368,13.91,1913032,6920008,392,1176588,261572,3120,6024,31532,0,0,0.00,0,0.00,0,376,0.01,0.07,0.60,0,0.40,0.00,11.20,28.00,0.00,0.00,0.00,0.00,843.60,1651.20,51.67,25783.17,0.00,0.00,0.00,0.00
2018-01-05 10:36:35,1.64,0.00,0.51,0.00,0.72,0.00,0.72,0.00,0.00,96.40,2.80,2516.40,3364.40,0.00,0.00,0.00,7.20,57.40,0.00,1320.00,0.00,0.00,0.00,0.00,0.40,0.00,0.40,0.00,14.40,6461856,0,9197144,58.73,51088,7600364,2178368,13.91,1912700,6915276,512,1176524,261600,3112,6024,31532,0,0,0.00,0,0.00,0,375,0.01,0.07,0.59,0,0.40,0.00,14.40,36.00,0.00,0.00,0.00,0.00,809.80,1649.40,51.43,23769.47,0.00,0.00,0.00,0.00
2018-01-05 10:36:40,1.32,0.00,0.20,0.00,0.61,0.00,0.91,0.00,0.00,96.95,0.80,1763.20,2315.80,0.00,0.00,0.00,64.80,25.20,0.00,988.00,0.00,0.00,0.00,0.00,2.00,0.00,2.00,0.00,129.60,6466452,0,9192548,58.70,51100,7595316,2178368,13.91,1912308,6910560,412,1176456,261588,3104,6024,31532,0,0,0.00,0,0.00,0,374,0.01,0.07,0.59,0,2.00,0.00,129.60,64.80,0.00,0.40,0.40,0.08,573.20,1194.00,38.73,16656.77,0.00,0.00,0.00,0.00
2018-01-05 10:36:45,1.23,0.00,0.31,0.00,0.61,0.00,0.72,0.00,0.00,97.14,0.80,2061.00,2618.80,0.00,0.00,0.00,7.20,22.60,0.00,1051.60,0.00,0.00,0.00,0.00,0.40,0.00,0.40,0.00,14.40,6471684,0,9187316,58.67,51108,7590248,2178368,13.91,1912020,6905852,472,1176524,261548,3112,6024,31532,0,0,0.00,0,0.00,0,375,0.01,0.07,0.59,0,0.40,0.00,14.40,36.00,0.00,0.00,0.00,0.00,625.20,1270.00,40.05,18487.94,0.00,0.00,0.00,0.00
2018-01-05 10:36:50,1.52,0.00,0.51,0.00,0.91,0.00,1.72,0.00,0.00,95.33,0.80,2569.40,3626.40,0.00,0.00,0.00,80.80,22.40,0.00,1581.20,0.00,0.00,0.00,0.00,4.20,0.00,4.20,0.00,161.60,6476768,0,9182232,58.64,51116,7585176,2178368,13.91,1911756,6901068,224,1176536,261516,3112,6024,31532,0,0,0.00,0,0.00,1,375,0.01,0.07,0.58,0,4.20,0.00,161.60,38.48,0.00,0.00,0.00,0.00,1060.40,2222.80,62.21,32855.18,0.00,0.00,0.00,0.00
2018-01-05 10:36:55,1.22,0.00,0.41,0.00,0.51,0.00,0.92,0.00,0.00,96.95,1.80,1868.20,2442.80,0.00,0.00,0.00,8.00,40.00,0.00,1303.00,0.00,0.00,0.00,0.00,0.60,0.00,0.60,0.00,16.00,6487088,0,9171912,58.57,51124,7580136,2178368,13.91,1906380,6896356,320,1171476,261516,3120,6016,31532,0,0,0.00,0,0.00,0,376,0.01,0.07,0.58,0,0.60,0.00,16.00,26.67,0.00,0.00,0.00,0.00,609.00,1229.20,40.90,17651.51,0.00,0.00,0.00,0.00
2018-01-05 10:37:00,1.33,0.00,0.31,0.10,0.51,0.00,0.61,0.00,0.00,97.15,0.60,1917.80,2418.80,0.00,0.00,0.00,5.60,19.20,0.00,994.60,0.00,0.00,0.00,0.00,0.40,0.00,0.40,0.00,11.20,6492336,0,9166664,58.54,51132,7575084,2178368,13.91,1905988,6891632,388,1171408,261432,3112,6016,31532,0,0,0.00,0,0.00,0,375,0.01,0.07,0.58,0,0.40,0.00,11.20,28.00,0.00,0.00,0.00,0.00,576.40,1103.40,38.63,16846.29,0.00,0.00,0.00,0.00
2018-01-05 10:37:05,1.22,0.00,0.41,0.00,0.61,0.00,1.02,0.00,0.00,96.74,0.60,2107.20,2769.20,0.00,0.00,0.00,5.60,26.60,0.00,1089.60,0.00,0.00,0.00,0.00,0.40,0.00,0.40,0.00,11.20,6499040,0,9159960,58.50,51140,7570032,2178368,13.91,1904044,6886928,456,1169804,261348,3104,6016,31532,0,0,0.00,0,0.00,1,374,0.01,0.07,0.58,0,0.40,0.00,11.20,28.00,0.00,0.00,0.00,0.00,595.20,1195.20,38.80,17588.38,0.00,0.00,0.00,0.00
2018-01-05 10:37:10,1.02,0.00,0.20,0.00,0.51,0.00,0.71,0.00,0.00,97.56,0.20,1735.40,2110.20,0.00,0.00,0.00,22.40,13.60,0.00,824.00,0.00,0.00,0.00,0.00,1.40,0.00,1.40,0.00,44.80,6503944,0,9155056,58.47,51148,7564960,2178368,13.91,1903688,6882160,492,1169736,261240,3096,6016,31532,0,0,0.00,0,0.00,1,372,0.01,0.07,0.57,0,1.40,0.00,44.80,32.00,0.00,0.57,0.57,0.08,438.40,814.00,30.85,12659.76,0.00,0.00,0.00,0.00
2018-01-05 10:37:15,1.12,0.00,0.51,0.00,0.20,0.00,0.20,0.00,0.00,97.97,1.20,1152.40,1232.60,0.00,0.00,0.00,48.00,29.00,0.00,543.00,0.00,0.00,0.00,0.00,0.80,0.00,0.80,0.00,96.00,6509576,0,9149424,58.43,51156,7559920,2178368,13.91,1903256,6877424,380,1169604,261152,3080,6016,31532,0,0,0.00,0,0.00,0,371,0.00,0.06,0.57,0,0.80,0.00,96.00,120.00,0.00,1.00,1.00,0.08,198.00,323.20,20.17,4459.73,0.00,0.00,0.00,0.00
2018-01-05 10:37:20,0.91,0.00,0.20,0.00,0.20,0.00,0.20,0.00,0.00,98.48,0.20,1051.20,1151.40,0.00,0.00,0.00,89.60,14.00,0.00,464.00,0.00,0.00,0.00,0.00,5.80,0.00,5.80,0.00,179.20,6513700,0,9145300,58.40,51164,7555876,2178368,13.91,1903856,6872712,140,1169528,261072,3072,6016,31532,0,0,0.00,0,0.00,1,370,0.00,0.06,0.57,0,5.80,0.00,179.20,30.90,0.00,0.00,0.00,0.00,191.40,315.20,18.18,4813.43,0.00,0.00,0.00,0.00
2018-01-05 10:37:25,0.71,0.00,0.20,0.00,0.10,0.00,0.10,0.00,0.00,98.89,1.20,615.40,511.80,0.00,0.00,0.00,6.40,28.40,0.00,361.20,0.00,0.00,0.00,0.00,0.60,0.00,0.60,0.00,12.80,6519080,0,9139920,58.37,51172,7550836,2178368,13.91,1903620,6867968,236,1169592,260928,3080,6016,31532,0,0,0.00,0,0.00,0,371,0.00,0.06,0.56,0,0.60,0.00,12.80,21.33,0.00,1.33,1.33,0.08,55.00,39.60,12.31,7.82,0.00,0.00,0.00,0.00
2018-01-05 10:37:30,1.11,0.00,0.10,0.00,0.10,0.00,0.10,0.00,0.00,98.59,0.80,593.60,486.40,0.00,0.00,0.00,5.60,22.00,0.00,352.20,0.00,0.00,0.00,0.00,0.40,0.00,0.40,0.00,11.20,6523792,0,9135208,58.34,51180,7545796,2178368,13.91,1903340,6863228,316,1169592,260856,3080,6016,31532,0,0,0.00,0,0.00,1,371,0.00,0.06,0.56,0,0.40,0.00,11.20,28.00,0.00,0.00,0.00,0.00,54.20,39.00,11.79,7.86,0.00,0.00,0.00,0.00
2018-01-05 10:37:35,0.91,0.00,0.40,0.10,0.10,0.00,0.00,0.00,0.00,98.49,0.60,651.40,552.40,0.00,0.00,0.00,6.40,26.80,0.00,424.00,0.00,0.00,0.00,0.00,0.40,0.00,0.40,0.00,12.80,6530712,0,9128288,58.29,51188,7540728,2178368,13.91,1901392,6858500,372,1167988,260772,3072,6016,31532,0,0,0.00,0,0.00,1,370,0.00,0.06,0.56,0,0.40,0.00,12.80,32.00,0.00,0.00,0.00,0.00,48.60,34.00,10.62,6.92,0.00,0.00,0.00,0.00
2018-01-05 10:37:40,0.61,0.00,0.30,0.00,0.00,0.00,0.10,0.00,0.00,98.99,0.40,550.80,444.60,0.00,0.00,0.00,7.20,15.20,0.00,336.00,0.00,0.00,0.00,0.00,0.40,0.00,0.40,0.00,14.40,6535828,0,9123172,58.26,51196,7535668,2178368,13.91,1901068,6853780,444,1167988,260680,3072,6016,31532,0,0,0.00,0,0.00,1,370,0.00,0.06,0.56,0,0.40,0.00,14.40,36.00,0.00,0.00,0.00,0.00,46.80,31.00,11.21,6.02,0.00,0.00,0.00,0.00
2018-01-05 10:37:45,1.10,0.00,0.20,0.00,0.10,0.00,0.20,0.00,0.00,98.39,0.40,578.40,473.60,0.00,0.00,0.00,5.60,15.00,0.00,341.20,0.00,0.00,0.00,0.00,0.40,0.00,0.40,0.00,11.20,6540896,0,9118104,58.23,51204,7530608,2178368,13.91,1900784,6849000,504,1167988,260608,3072,6016,31532,0,0,0.00,0,0.00,0,370,0.00,0.06,0.55,0,0.40,0.00,11.20,28.00,0.00,0.00,0.00,0.00,50.40,33.60,11.87,6.41,0.00,0.00,0.00,0.00
2018-01-05 10:37:50,0.90,0.00,0.50,0.00,0.10,0.00,0.10,0.00,0.00,98.39,0.60,576.80,482.00,0.00,0.00,0.00,68.80,20.80,0.00,340.80,0.00,0.00,0.00,0.00,2.20,0.00,2.20,0.00,137.60,6545964,0,9113036,58.20,51216,7525560,2178368,13.91,1900456,6844304,428,1167988,260580,3072,6016,31532,0,0,0.00,0,0.00,0,370,0.00,0.06,0.55,0,2.20,0.00,137.60,62.55,0.00,0.36,0.36,0.08,48.60,34.20,10.69,6.65,0.00,0.00,0.00,0.00
2018-01-05 10:37:55,1.21,0.00,0.50,0.00,0.00,0.00,0.00,0.00,0.00,98.29,3.40,663.20,567.60,0.00,0.00,0.00,79.20,730.80,0.00,874.20,0.00,0.00,0.00,0.00,4.80,0.00,4.80,0.00,158.40,6557212,0,9101788,58.12,51224,7520512,2178368,13.91,1894032,6839592,212,1161896,260500,3080,6008,31532,0,0,0.00,0,0.00,1,371,0.00,0.06,0.55,0,4.80,0.00,158.40,33.00,0.00,0.17,0.17,0.08,56.20,41.20,12.63,7.95,0.00,0.00,0.00,0.00
2018-01-05 10:38:00,0.71,0.00,0.30,0.00,0.10,0.00,0.20,0.00,0.00,98.69,0.60,582.40,478.20,0.00,0.00,0.00,6.40,19.00,0.00,348.20,0.00,0.00,0.00,0.00,0.40,0.00,0.40,0.00,12.80,6562408,0,9096592,58.09,51232,7515456,2178368,13.91,1893716,6834868,284,1161896,260332,3080,6008,31532,0,0,0.00,0,0.00,1,371,0.00,0.06,0.54,0,0.40,0.00,12.80,32.00,0.00,0.00,0.00,0.00,49.60,34.60,11.07,7.17,0.00,0.00,0.00,0.00
2018-01-05 10:38:05,1.10,0.00,0.40,0.10,0.10,0.00,0.00,0.00,0.00,98.29,0.60,633.60,529.00,0.00,0.00,0.00,5.60,26.40,0.00,368.40,0.00,0.00,0.00,0.00,0.40,0.00,0.40,0.00,11.20,6568120,0,9090880,58.06,51240,7510396,2178368,13.91,1892836,6830116,364,1161320,260248,3072,6008,31532,0,0,0.00,0,0.00,0,370,0.00,0.05,0.54,0,0.40,0.00,11.20,28.00,0.00,0.00,0.00,0.00,46.40,32.20,10.34,6.70,0.00,0.00,0.00,0.00
2018-01-05 10:38:10,0.71,0.00,0.20,0.00,0.00,0.00,0.00,0.00,0.00,99.09,0.20,524.00,414.60,0.00,0.00,0.00,5.60,10.80,0.00,329.60,0.00,0.00,0.00,0.00,0.40,0.00,0.40,0.00,11.20,6573412,0,9085588,58.02,51248,7505328,2178368,13.91,1892520,6825376,416,1161320,260160,3072,6008,31532,0,0,0.00,0,0.00,0,370,0.08,0.07,0.54,0,0.40,0.00,11.20,28.00,0.00,0.00,0.00,0.00,44.60,28.60,10.76,5.56,0.00,0.00,0.00,0.00
2018-01-05 10:38:15,1.11,0.00,0.20,0.00,0.10,0.00,0.00,0.00,0.00,98.59,1.00,629.80,541.20,0.00,0.00,0.00,5.60,26.20,0.00,362.60,0.00,0.00,0.00,0.00,0.40,0.00,0.40,0.00,11.20,6578536,0,9080464,57.99,51256,7500288,2178368,13.91,1892200,6820660,496,1161324,260072,3072,6008,31532,0,0,0.00,0,0.00,1,370,0.08,0.07,0.54,0,0.40,0.00,11.20,28.00,0.00,0.00,0.00,0.00,58.40,42.40,12.98,8.33,0.00,0.00,0.00,0.00
2018-01-05 10:38:20,0.80,0.00,0.40,0.00,0.10,0.00,0.20,0.00,0.00,98.49,0.60,592.20,490.20,0.00,0.00,0.00,62.40,21.00,0.00,347.20,0.00,0.00,0.00,0.00,1.80,0.00,1.80,0.00,124.80,6583620,0,9075380,57.96,51264,7495228,2178368,13.91,1891868,6815944,360,1161324,259916,3072,6008,31532,0,0,0.00,0,0.00,1,370,0.07,0.07,0.54,0,1.80,0.00,124.80,69.33,0.00,0.44,0.44,0.08,49.20,33.80,11.23,6.44,0.00,0.00,0.00,0.00
2018-01-05 10:38:25,0.91,0.00,0.20,0.00,0.10,0.00,0.00,0.00,0.00,98.79,0.60,562.60,470.60,0.00,0.00,0.00,6.40,20.00,0.00,341.80,0.00,0.00,0.00,0.00,0.40,0.00,0.40,0.00,12.80,6588696,0,9070304,57.92,51272,7490176,2178368,13.91,1891680,6811164,436,1161408,259828,3080,6008,31532,0,0,0.00,0,0.00,0,371,0.06,0.07,0.53,0,0.40,0.00,12.80,32.00,0.00,2.00,2.00,0.08,50.80,35.20,11.44,6.66,0.00,0.00,0.00,0.00
2018-01-05 10:38:30,0.91,0.00,0.20,0.10,0.10,0.00,0.10,0.00,0.00,98.59,1.00,609.40,508.20,0.00,0.00,0.00,70.40,27.60,0.00,357.80,0.00,0.00,0.00,0.00,4.00,0.00,4.00,0.00,140.80,6593904,0,9065096,57.89,51280,7485124,2178368,13.91,1891400,6806444,208,1161440,259740,3080,6008,31532,0,0,0.00,0,0.00,1,371,0.06,0.07,0.53,0,4.00,0.00,140.80,35.20,0.00,0.20,0.20,0.08,55.40,40.20,12.17,8.32,0.00,0.00,0.00,0.00
2018-01-05 10:38:35,0.91,0.00,0.20,0.00,0.00,0.00,0.10,0.00,0.00,98.79,0.40,618.40,496.60,0.00,0.00,0.00,5.60,24.40,0.00,418.00,0.00,0.00,0.00,0.00,0.40,0.00,0.40,0.00,11.20,6598436,0,9060564,57.86,51288,7480076,2178368,13.91,1891516,6801728,284,1161900,259660,3072,6012,31532,0,0,0.00,0,0.00,0,370,0.05,0.07,0.53,0,0.40,0.00,11.20,28.00,0.00,0.00,0.00,0.00,46.80,31.80,10.52,6.23,0.00,0.00,0.00,0.00
2018-01-05 10:38:40,1.01,0.00,0.30,0.00,0.10,0.00,0.00,0.00,0.00,98.59,0.60,561.20,459.80,0.00,0.00,0.00,5.60,19.40,0.00,343.20,0.00,0.00,0.00,0.00,0.40,0.00,0.40,0.00,11.20,6603396,0,9055604,57.83,51296,7475012,2178368,13.91,1891220,6797016,340,1161924,259572,3072,6012,31532,0,0,0.00,0,0.00,0,370,0.05,0.06,0.53,0,0.40,0.00,11.20,28.00,0.00,0.00,0.00,0.00,48.60,33.20,11.00,6.66,0.00,0.00,0.00,0.00
2018-01-05 10:38:45,0.81,0.00,0.30,0.00,0.10,0.00,0.10,0.00,0.00,98.69,0.40,563.60,466.80,0.00,0.00,0.00,4.00,15.60,0.00,336.20,0.00,0.00,0.00,0.00,0.40,0.00,0.40,0.00,8.00,6608728,0,9050272,57.80,51304,7469944,2178368,13.91,1890952,6792236,392,1161940,259484,3072,6012,31532,0,0,0.00,0,0.00,2,370,0.05,0.06,0.52,0,0.40,0.00,8.00,20.00,0.00,0.00,0.00,0.00,48.00,31.60,11.59,6.08,0.00,0.00,0.00,0.00
2018-01-05 10:38:50,1.11,0.00,0.20,0.00,0.00,0.00,0.00,0.00,0.00,98.69,0.80,590.40,499.80,0.00,0.00,0.00,60.00,27.00,0.00,355.20,0.00,0.00,0.00,0.00,2.20,0.00,2.20,0.00,120.00,6613656,0,9045344,57.76,51312,7464896,2178368,13.91,1890672,6787512,304,1161980,259312,3072,6012,31532,0,0,0.00,0,0.00,1,370,0.04,0.06,0.52,0,2.20,0.00,120.00,54.55,0.00,0.00,0.00,0.00,51.00,36.20,11.65,7.27,0.00,0.00,0.00,0.00
2018-01-05 10:38:55,0.81,0.00,0.20,0.00,0.10,0.00,0.10,0.00,0.00,98.79,0.80,593.40,497.80,0.00,0.00,0.00,6.40,24.80,0.00,608.00,0.00,0.00,0.00,0.00,0.40,0.00,0.40,0.00,12.80,6623976,0,9035024,57.70,51320,7459852,2178368,13.91,1885300,6782796,384,1156944,259224,3080,6004,31532,0,0,0.00,0,0.00,1,371,0.04,0.06,0.52,0,0.40,0.00,12.80,32.00,0.00,0.00,0.00,0.00,55.00,38.60,12.32,7.09,0.00,0.00,0.00,0.00
2018-01-05 10:39:00,1.21,0.00,0.20,0.10,0.10,0.00,0.20,0.00,0.00,98.19,0.40,575.20,487.20,0.00,0.00,0.00,6.40,22.20,0.00,539.60,0.00,0.00,0.00,0.00,0.40,0.00,0.40,0.00,12.80,6624964,0,9034036,57.69,51328,7454784,2178368,13.91,1889124,6778076,440,1161092,259140,3080,6012,31532,0,0,0.00,0,0.00,1,371,0.04,0.06,0.51,0,0.40,0.00,12.80,32.00,0.00,0.00,0.00,0.00,45.60,30.40,10.87,6.04,0.00,0.00,0.00,0.00
2018-01-05 10:39:05,1.11,0.00,0.20,0.00,0.10,0.00,0.00,0.00,0.00,98.59,0.80,670.80,590.80,0.00,0.00,0.00,66.40,32.40,0.00,384.80,0.00,0.00,0.00,0.00,2.80,0.00,2.80,0.00,132.80,6630676,0,9028324,57.66,51336,7449740,2178368,13.91,1888316,6773308,260,1160544,259052,3072,6012,31532,0,0,0.00,0,0.00,0,370,0.03,0.06,0.51,0,2.80,0.00,132.80,47.43,0.00,0.00,0.00,0.00,55.00,38.80,12.33,7.68,0.00,0.00,0.00,0.00
2018-01-05 10:39:10,1.01,0.00,0.20,0.00,0.00,0.00,0.20,0.00,0.00,98.59,0.80,597.41,507.19,0.00,0.00,0.00,5.59,23.75,0.00,594.41,0.00,0.00,0.00,0.00,0.40,0.00,0.40,0.00,11.18,6636504,0,9022496,57.62,51344,7444692,2178368,13.91,1887240,6768596,340,1159800,258968,3072,6012,31532,0,0,0.00,0,0.00,0,370,0.03,0.06,0.51,0,0.40,0.00,11.18,28.00,0.00,0.00,0.00,0.00,52.89,37.52,11.80,7.39,0.00,0.00,0.00,0.00
2018-01-05 10:39:15,0.81,0.00,0.20,0.00,0.10,0.00,0.00,0.00,0.00,98.89,0.40,572.80,466.60,0.00,0.00,0.00,5.60,15.40,0.00,283.20,0.00,0.00,0.00,0.00,0.40,0.00,0.40,0.00,11.20,6640472,0,9018528,57.59,51352,7440656,2178368,13.91,1887860,6763932,400,1159800,258968,3072,6012,31532,0,0,0.00,0,0.00,0,370,0.03,0.06,0.51,0,0.40,0.00,11.20,28.00,0.00,0.00,0.00,0.00,48.60,32.60,11.09,6.41,0.00,0.00,0.00,0.00
2018-01-05 10:39:20,1.01,0.00,0.20,0.00,0.00,0.00,0.10,0.00,0.00,98.69,0.60,573.60,476.80,0.00,0.00,0.00,60.00,20.20,0.00,344.20,0.00,0.00,0.00,0.00,2.20,0.00,2.20,0.00,120.00,6645648,0,9013352,57.56,51356,7435596,2178368,13.91,1887644,6759112,280,1159800,258880,3072,6012,31532,0,0,0.00,0,0.00,0,370,0.03,0.06,0.50,0,2.20,0.00,120.00,54.55,0.00,0.36,0.36,0.08,49.80,34.00,11.61,6.81,0.00,0.00,0.00,0.00
2018-01-05 10:39:25,0.61,0.00,0.20,0.00,0.10,0.00,0.00,0.00,0.00,99.09,0.80,588.20,502.40,0.00,0.00,0.00,5.60,22.00,0.00,347.80,0.00,0.00,0.00,0.00,0.40,0.00,0.40,0.00,11.20,6650756,0,9008244,57.53,51364,7430540,2178368,13.91,1887376,6754368,344,1159864,258792,3080,6012,31532,0,0,0.00,0,0.00,1,371,0.02,0.06,0.50,0,0.40,0.00,11.20,28.00,0.00,0.00,0.00,0.00,53.60,37.60,11.95,7.03,0.00,0.00,0.00,0.00
2018-01-05 10:39:30,1.11,0.00,0.30,0.00,0.10,0.00,0.10,0.00,0.00,98.39,0.80,604.80,502.40,0.00,0.00,0.00,6.40,21.80,0.00,354.40,0.00,0.00,0.00,0.00,0.40,0.00,0.40,0.00,12.80,6655964,0,9003036,57.49,51368,7425484,2178368,13.91,1887064,6749652,412,1159864,258616,3080,6012,31532,0,0,0.00,0,0.00,0,371,0.02,0.05,0.50,0,0.40,0.00,12.80,32.00,0.00,2.00,2.00,0.08,51.80,36.60,11.79,7.19,0.00,0.00,0.00,0.00
2018-01-05 10:39:35,1.11,0.00,0.20,0.10,0.10,0.00,0.00,0.00,0.00,98.48,1.20,685.80,615.60,0.00,0.00,0.00,6.40,277.40,0.00,401.20,0.00,0.00,0.00,0.00,0.40,0.00,0.40,0.00,12.80,6660744,0,8998256,57.46,51372,7420460,2178368,13.91,1887072,6744940,508,1160192,258548,3088,6272,31532,0,0,0.00,0,0.00,0,372,0.02,0.05,0.49,0,0.40,0.00,12.80,32.00,0.00,2.00,2.00,0.08,56.40,41.40,12.33,8.61,0.00,0.00,0.00,0.00
2018-01-05 10:39:40,0.51,0.00,0.20,0.00,0.10,0.00,0.00,0.00,0.00,99.19,0.40,574.40,472.80,0.00,0.00,0.00,72.80,62.80,0.00,427.80,0.00,0.00,0.00,0.00,2.60,0.00,2.60,0.00,145.60,6666868,0,8992132,57.42,51380,7415388,2178368,13.91,1885824,6740220,276,1159288,258480,3072,6012,31532,0,0,0.00,0,0.00,0,370,0.02,0.05,0.49,0,2.60,0.00,145.60,56.00,0.00,0.31,0.31,0.08,49.00,32.80,11.10,6.14,0.00,0.00,0.00,0.00
2018-01-05 10:39:45,0.81,0.00,0.30,0.00,0.00,0.00,0.10,0.00,0.00,98.79,0.40,561.40,453.80,0.00,0.00,0.00,6.40,15.40,0.00,338.00,0.00,0.00,0.00,0.00,0.40,0.00,0.40,0.00,12.80,6672076,0,8986924,57.39,51388,7410324,2178368,13.91,1885564,6735416,344,1159288,258404,3072,6012,31532,0,0,0.00,0,0.00,0,370,0.02,0.05,0.49,0,0.40,0.00,12.80,32.00,0.00,0.00,0.00,0.00,48.20,32.00,11.48,6.28,0.00,0.00,0.00,0.00
2018-01-05 10:39:50,0.81,0.00,0.20,0.00,0.10,0.00,0.20,0.00,0.00,98.69,0.60,600.40,504.60,0.00,0.00,0.00,31.20,21.60,0.00,576.40,0.00,0.00,0.00,0.00,1.80,0.00,1.80,0.00,62.40,6681628,0,8977372,57.33,51396,7405272,2178368,13.91,1880624,6730692,448,1154672,258328,3072,6004,31532,0,0,0.00,0,0.00,0,370,0.02,0.05,0.49,0,1.80,0.00,62.40,34.67,0.00,0.89,0.44,0.08,51.00,35.40,11.75,6.78,0.00,0.00,0.00,0.00
2018-01-05 10:39:55,0.81,0.00,0.20,0.00,0.10,0.00,0.00,0.00,0.00,98.89,1.00,591.80,496.80,0.00,0.00,0.00,51.20,25.40,0.00,349.60,0.00,0.00,0.00,0.00,0.80,0.00,0.80,0.00,102.40,6686828,0,8972172,57.30,51404,7400224,2178368,13.91,1880416,6725940,316,1154736,258256,3080,6004,31532,0,0,0.00,0,0.00,1,371,0.01,0.05,0.48,0,0.80,0.00,102.40,128.00,0.00,0.00,0.00,0.00,51.80,37.80,11.25,7.45,0.00,0.00,0.00,0.00
2018-01-05 10:40:00,1.01,0.00,0.20,0.10,0.00,0.00,0.10,0.00,0.00,98.59,0.60,577.00,484.60,0.00,0.00,409.60,5.60,18.40,0.00,340.00,0.00,0.00,0.00,0.00,3.60,3.20,0.40,819.20,11.20,6690176,0,8968824,57.28,51412,7397216,2178368,13.91,1879796,6723536,380,1154736,258256,3080,6004,31532,0,0,0.00,0,0.00,1,371,0.01,0.05,0.48,0,3.60,819.20,11.20,230.67,0.02,5.56,0.44,0.16,49.60,34.40,11.36,6.96,0.00,0.00,0.00,0.00
2018-01-05 10:40:05,0.81,0.00,0.70,0.00,0.10,0.00,0.00,0.00,0.00,98.39,0.80,679.60,588.40,0.00,0.00,819.20,6.40,31.00,0.00,431.80,0.00,0.00,0.00,0.00,6.80,6.40,0.40,1638.40,12.80,6692820,0,8966180,57.26,51416,7396268,2147044,13.71,1878244,6722556,468,1153132,258224,3072,6004,31532,0,0,0.00,0,0.00,0,370,0.01,0.05,0.48,0,6.80,1638.40,12.80,242.82,0.04,5.76,0.47,0.32,54.60,39.20,12.03,7.35,0.00,0.00,0.00,0.00
2018-01-05 10:40:10,0.60,0.00,0.30,0.00,0.10,0.00,0.00,0.00,0.00,98.99,0.40,517.40,431.60,0.00,0.00,1228.80,7.20,14.40,0.00,327.00,0.00,0.00,0.00,0.00,10.00,9.60,0.40,2457.60,14.40,6692168,0,8966832,57.26,51424,7397344,2147044,13.71,1878304,6723556,524,1153136,258224,3072,6004,31532,0,0,0.00,0,0.00,0,370,0.01,0.05,0.48,0,10.00,2457.60,14.40,247.20,0.05,5.12,0.48,0.48,42.80,28.20,10.04,6.00,0.00,0.00,0.00,0.00
2018-01-05 10:40:15,0.81,0.00,0.40,0.00,0.10,0.00,0.00,0.00,0.00,98.69,0.60,587.00,506.20,0.00,0.00,819.20,76.80,18.80,0.00,346.60,0.00,0.00,0.00,0.00,12.00,6.40,5.60,1638.40,153.60,6692604,0,8966396,57.26,51428,7396376,2147044,13.71,1878340,6722588,264,1153136,258160,3072,6004,31532,0,0,0.00,0,0.00,1,370,0.01,0.05,0.47,0,12.00,1638.40,153.60,149.33,0.04,3.07,0.40,0.48,51.60,35.40,11.98,7.06,0.00,0.00,0.00,0.00
2018-01-05 10:40:20,1.01,0.00,0.30,0.00,0.00,0.00,0.00,0.00,0.00,98.69,0.40,549.00,455.40,0.00,0.00,1228.80,20.80,17.60,0.00,330.20,0.00,0.00,0.00,0.00,11.20,9.60,1.60,2457.60,41.60,6692264,0,8966736,57.26,51436,7397452,2147044,13.71,1878392,6723580,332,1153136,258160,3072,6004,31532,0,0,0.00,0,0.00,1,370,0.01,0.04,0.47,0,11.20,2457.60,41.60,223.14,0.05,4.86,0.43,0.48,45.80,30.00,11.01,5.85,0.00,0.00,0.00,0.00
2018-01-05 10:40:25,0.81,0.00,0.20,0.00,0.10,0.00,0.00,0.00,0.00,98.89,0.80,589.20,506.40,0.00,0.00,819.20,43.20,21.80,0.00,344.00,0.00,0.00,0.00,0.00,7.40,6.40,1.00,1638.40,86.40,6692876,0,8966124,57.26,51440,7396508,2147044,13.71,1878528,6722584,248,1153200,258160,3080,6004,31532,0,0,0.00,0,0.00,0,371,0.01,0.04,0.47,0,7.40,1638.40,86.40,233.08,0.03,4.32,0.43,0.32,53.80,38.00,12.22,7.12,0.00,0.00,0.00,0.00
2018-01-05 10:40:30,0.91,0.00,0.30,0.00,0.10,0.00,0.10,0.00,0.00,98.58,1.00,699.80,621.00,0.00,0.00,1228.80,6.40,36.80,0.00,383.40,0.00,0.00,0.00,0.00,10.00,9.60,0.40,2457.60,12.80,6692124,0,8966876,57.26,51444,7397616,2147044,13.71,1878100,6723620,336,1152692,258168,3080,6004,31532,0,0,0.00,0,0.00,0,371,0.01,0.04,0.47,0,10.00,2457.60,12.80,247.04,0.05,4.72,0.48,0.48,57.80,42.20,12.56,8.32,0.00,0.00,0.00,0.00
2018-01-05 10:40:35,1.11,0.00,0.30,0.10,0.10,0.00,0.00,0.00,0.00,98.39,0.60,578.60,493.80,0.00,0.00,819.20,6.40,19.20,0.00,343.40,0.00,0.00,0.00,0.00,6.80,6.40,0.40,1638.40,12.80,6693308,0,8965692,57.26,51452,7396652,2147044,13.71,1878084,6722612,400,1152628,258160,3072,6004,31532,0,0,0.00,0,0.00,1,370,0.01,0.04,0.47,0,6.80,1638.40,12.80,242.82,0.04,5.76,0.59,0.40,49.00,34.20,10.90,6.95,0.00,0.00,0.00,0.00
2018-01-05 10:40:40,0.61,0.00,0.10,0.00,0.00,0.00,0.00,0.00,0.00,99.29,0.40,550.00,470.40,0.00,0.00,1228.80,5.60,15.00,0.00,332.00,0.00,0.00,0.00,0.00,10.00,9.60,0.40,2457.60,11.20,6692232,0,8966768,57.26,51460,7397736,2147044,13.71,1878124,6723656,464,1152628,258160,3072,6004,31532,0,0,0.00,0,0.00,1,370,0.01,0.04,0.46,0,10.00,2457.60,11.20,246.88,0.05,5.44,0.48,0.48,47.60,31.60,10.95,6.15,0.00,0.00,0.00,0.00
2018-01-05 10:40:45,1.51,0.00,0.30,0.00,0.10,0.00,0.00,0.00,0.00,98.09,0.60,580.40,483.80,0.00,0.00,819.20,4.80,20.60,0.00,571.20,0.00,0.00,0.00,0.00,6.80,6.40,0.40,1638.40,9.60,6697288,0,8961712,57.23,51468,7396776,2147044,13.71,1873596,6722704,532,1148052,258160,3072,6000,31532,0,0,0.00,0,0.00,1,370,0.01,0.04,0.46,0,6.80,1638.40,9.60,242.35,0.04,5.18,0.47,0.32,49.40,33.80,11.69,6.76,0.00,0.00,0.00,0.00
2018-01-05 10:40:50,0.71,0.00,0.20,0.00,0.10,0.00,0.10,0.00,0.00,98.89,0.60,565.60,489.00,0.00,0.00,1228.80,84.80,20.60,0.00,343.00,0.00,0.00,0.00,0.00,13.00,9.60,3.40,2457.60,169.60,6696188,0,8962812,57.24,51476,7397860,2147044,13.71,1873652,6723700,308,1148052,258144,3072,6000,31532,0,0,0.00,0,0.00,0,370,0.01,0.04,0.46,0,13.00,2457.60,169.60,202.09,0.06,4.74,0.37,0.48,51.20,35.60,11.75,6.87,0.00,0.00,0.00,0.00
2018-01-05 10:40:55,0.81,0.00,0.30,0.00,0.00,0.00,0.20,0.00,0.00,98.69,0.80,575.00,495.80,0.00,0.00,819.20,45.60,21.80,0.00,341.00,0.00,0.00,0.00,0.00,7.20,6.40,0.80,1638.40,91.20,6697048,0,8961952,57.23,51480,7396912,2147044,13.71,1873772,6722728,220,1148116,258144,3080,6000,31532,0,0,0.00,0,0.00,0,371,0.01,0.04,0.46,0,7.20,1638.40,91.20,240.22,0.04,5.22,0.56,0.40,51.20,36.00,11.58,6.75,0.00,0.00,0.00,0.00
2018-01-05 10:41:00,1.21,0.00,0.40,0.10,0.20,0.00,0.20,0.00,0.00,97.89,1.40,927.40,951.40,0.00,0.00,1228.80,6.40,41.40,0.00,510.80,0.00,0.00,0.00,0.00,10.00,9.60,0.40,2457.60,12.80,6696688,0,8962312,57.23,51488,7398000,2147044,13.71,1873452,6723728,288,1147736,258120,3096,6000,31532,0,0,0.00,0,0.00,0,373,0.00,0.04,0.45,0,10.00,2457.60,12.80,247.04,0.05,4.56,0.48,0.48,159.60,269.80,17.05,3423.91,0.00,0.00,0.00,0.00
2018-01-05 10:41:05,0.92,0.00,0.51,0.00,0.82,0.00,0.82,0.00,0.00,96.92,1.00,2375.40,3298.60,0.00,0.00,819.20,7.20,26.20,0.00,1295.00,0.00,0.00,0.00,0.00,6.80,6.40,0.40,1638.40,14.40,6697308,0,8961692,57.23,51496,7397040,2147044,13.71,1873500,6722724,360,1147740,258120,3096,6000,31532,0,0,0.00,0,0.00,0,373,0.00,0.04,0.45,0,6.80,1638.40,14.40,243.06,0.04,5.41,0.59,0.40,822.60,1645.40,50.58,24965.59,0.00,0.00,0.00,0.00
2018-01-05 10:41:10,1.33,0.00,0.51,0.00,0.92,0.00,1.33,0.00,0.00,95.91,1.80,2698.00,3770.60,0.00,0.00,819.20,7.20,41.80,0.00,1617.60,0.00,0.00,0.00,0.00,6.80,6.40,0.40,1638.40,14.40,6696948,0,8962052,57.23,51504,7397092,2147044,13.71,1873692,6722784,416,1147900,258120,3112,6000,31532,0,0,0.00,0,0.00,0,375,0.00,0.04,0.45,0,6.80,1638.40,14.40,243.06,0.03,4.94,0.59,0.40,1119.00,2028.20,65.72,34242.73,0.00,0.00,0.00,0.00
2018-01-05 10:41:15,1.43,0.00,0.61,0.00,0.92,0.00,1.94,0.00,0.00,95.09,1.20,2649.40,3913.20,0.00,0.00,1228.80,6.40,261.60,0.00,1942.40,0.00,0.00,0.00,0.00,10.00,9.60,0.40,2457.60,12.80,6696188,0,8962812,57.24,51508,7398184,2147044,13.71,1873776,6723828,492,1147920,258192,3120,6004,31532,0,0,0.00,0,0.00,0,376,0.00,0.04,0.45,0,10.00,2457.60,12.80,247.04,0.05,5.28,0.48,0.48,1159.00,2164.00,68.53,35584.25,0.00,0.00,0.00,0.00
2018-01-05 10:41:20,1.43,0.00,0.72,0.00,0.92,0.00,1.13,0.00,0.00,95.80,2.40,2625.00,3659.40,0.00,0.00,819.20,24.80,53.60,0.00,1659.20,0.00,0.00,0.00,0.00,7.80,6.40,1.40,1638.40,49.60,6696996,0,8962004,57.23,51516,7397256,2147044,13.71,1873792,6722832,588,1147852,258136,3112,6004,31532,0,0,0.00,0,0.00,0,375,0.00,0.04,0.44,0,7.80,1638.40,49.60,216.41,0.03,4.41,0.41,0.32,1087.80,2192.80,65.06,32853.83,0.00,0.00,0.00,0.00
2018-01-05 10:41:25,1.33,0.00,0.61,0.00,1.02,0.00,1.12,0.00,0.00,95.91,1.40,2745.80,3959.80,0.00,0.00,1228.80,77.60,31.80,0.00,1752.40,0.00,0.00,0.00,0.00,12.60,9.60,3.00,2457.60,155.20,6696088,0,8962912,57.24,51524,7398344,2147044,13.71,1873904,6723828,356,1147916,258136,3120,6004,31532,0,0,0.00,0,0.00,0,376,0.00,0.04,0.44,0,12.60,2457.60,155.20,207.37,0.06,4.57,0.51,0.64,1192.80,2336.60,69.33,36645.43,0.00,0.00,0.00,0.00
2018-01-05 10:41:30,1.33,0.00,0.51,0.10,1.23,0.00,2.35,0.00,0.00,94.48,1.40,3123.00,4925.20,0.00,0.00,819.20,50.40,43.40,0.00,2355.60,0.00,0.00,0.00,0.00,7.20,6.40,0.80,1638.40,100.80,6698400,0,8960600,57.22,51532,7397364,2147044,13.71,1872508,6722816,204,1146480,258200,3128,6004,31532,0,0,0.00,0,0.00,0,377,0.00,0.04,0.44,0,7.20,1638.40,100.80,241.56,0.03,4.11,0.44,0.32,1617.80,3272.80,90.32,50221.22,0.00,0.00,0.00,0.00
2018-01-05 10:41:35,1.33,0.00,0.82,0.00,1.23,0.00,1.84,0.00,0.00,94.79,2.00,2940.60,4632.40,0.00,0.00,1228.80,6.40,94.60,0.00,2165.00,0.00,0.00,0.00,0.00,10.00,9.60,0.40,2457.60,12.80,6696828,0,8962172,57.23,51540,7398464,2147044,13.71,1872620,6723904,280,1146544,258376,3128,6004,31532,0,0,0.00,0,0.00,3,377,0.00,0.04,0.44,0,10.00,2457.60,12.80,247.04,0.05,5.44,0.48,0.48,1500.80,2625.20,88.23,44041.24,0.00,0.00,0.00,0.00
2018-01-05 10:41:40,1.62,0.00,1.02,0.00,1.12,0.00,1.73,0.00,0.00,94.52,1.20,2735.20,4321.60,0.00,0.00,819.20,7.20,29.60,0.00,2307.40,0.00,0.00,0.00,0.00,6.80,6.40,0.40,1638.40,14.40,6703936,0,8955064,57.19,51544,7397504,2147044,13.71,1866780,6722896,356,1140632,258184,3104,5996,31532,0,0,0.00,0,0.00,0,374,0.00,0.04,0.43,0,6.80,1638.40,14.40,243.06,0.03,4.71,0.47,0.32,1389.40,2640.60,80.20,44945.53,0.00,0.00,0.00,0.00
2018-01-05 10:41:45,1.43,0.00,1.02,0.00,0.82,0.00,0.51,0.00,0.00,96.22,2.20,2278.00,3447.00,0.00,0.00,1228.80,7.20,46.00,0.00,1632.20,0.00,0.00,0.00,0.00,10.00,9.60,0.40,2457.60,14.40,6702452,0,8956548,57.20,51552,7398604,2147044,13.71,1866912,6723948,436,1140700,258200,3112,5996,31532,0,0,0.00,0,0.00,0,375,0.00,0.04,0.43,0,10.00,2457.60,14.40,247.20,0.05,5.36,0.48,0.48,1079.40,2204.00,63.95,32770.12,0.00,0.00,0.00,0.00
2018-01-05 10:41:50,0.91,0.00,0.61,0.00,0.61,0.00,0.61,0.00,0.00,97.26,0.40,1589.20,2231.60,0.00,0.00,819.20,32.00,17.20,0.00,1034.80,0.00,0.00,0.00,0.00,8.20,6.40,1.80,1638.40,64.00,6703732,0,8955268,57.19,51564,7397636,2147044,13.71,1866960,6722932,520,1140700,258192,3112,5996,31532,0,0,0.00,0,0.00,0,375,0.00,0.04,0.43,0,8.20,1638.40,64.00,207.61,0.03,3.80,0.39,0.32,622.00,1295.60,39.57,18595.59,0.00,0.00,0.00,0.00
2018-01-05 10:41:55,0.82,0.00,0.51,0.00,0.62,0.00,0.72,0.00,0.00,97.33,0.40,2285.20,3056.60,0.00,0.00,1228.80,4.80,22.60,0.00,1101.60,0.00,0.00,0.00,0.00,10.00,9.60,0.40,2457.60,9.60,6703096,0,8955904,57.19,51572,7398708,2147044,13.71,1866552,6723984,572,1140252,258200,3120,5996,31532,0,0,0.00,0,0.00,0,376,0.00,0.04,0.43,0,10.00,2457.60,9.60,246.72,0.06,5.68,0.56,0.56,655.20,1374.00,41.51,19651.43,0.00,0.00,0.00,0.00
2018-01-05 10:42:00,1.22,0.00,0.41,0.00,0.61,0.00,0.91,0.00,0.00,96.85,0.40,1994.40,2647.80,0.00,0.00,819.20,76.80,14.80,0.00,1049.20,0.00,0.00,0.00,0.00,11.80,6.40,5.40,1638.40,153.60,6704108,0,8954892,57.19,51580,7397744,2147044,13.71,1866384,6722980,316,1140048,258208,3096,5996,31532,0,0,0.00,0,0.00,0,373,0.00,0.03,0.42,0,11.80,1638.40,153.60,151.86,0.03,2.31,0.34,0.40,619.40,1252.00,40.85,18331.79,0.00,0.00,0.00,0.00
2018-01-05 10:42:05,1.21,0.00,0.40,0.00,0.30,0.00,0.20,0.00,0.00,97.88,0.80,1127.40,1267.00,0.00,0.00,409.60,48.00,22.40,0.00,544.60,0.00,0.00,0.00,0.00,4.20,3.20,1.00,819.20,96.00,6707296,0,8951704,57.17,51588,7394752,2147044,13.71,1866772,6719480,208,1139916,258168,3080,5996,31532,0,0,0.00,0,0.00,1,371,0.00,0.03,0.42,0,4.20,819.20,96.00,217.90,0.02,5.14,0.57,0.24,205.00,359.80,20.23,4774.65,0.00,0.00,0.00,0.00
2018-01-05 10:42:10,1.51,0.00,0.20,0.10,0.10,0.00,0.10,0.00,0.00,97.98,1.00,612.00,519.60,0.00,0.00,0.00,7.20,28.20,0.00,361.20,0.00,0.00,0.00,0.00,0.40,0.00,0.40,0.00,14.40,6712396,0,8946604,57.13,51596,7389720,2147044,13.71,1866516,6714760,312,1139972,258068,3080,5996,31532,0,0,0.00,0,0.00,1,371,0.00,0.03,0.42,0,0.40,0.00,14.40,36.00,0.00,2.00,2.00,0.08,56.40,40.80,12.27,8.14,0.00,0.00,0.00,0.00
2018-01-05 10:42:15,0.81,0.00,0.50,0.00,0.00,0.00,0.10,0.00,0.00,98.59,0.80,584.20,487.80,0.00,0.00,0.00,5.60,22.00,0.00,351.80,0.00,0.00,0.00,0.00,0.40,0.00,0.40,0.00,11.20,6717324,0,8941676,57.10,51604,7384660,2147044,13.71,1866248,6709976,376,1139968,257972,3080,5996,31532,0,0,0.00,0,0.00,1,371,0.00,0.03,0.42,0,0.40,0.00,11.20,28.00,0.00,2.00,2.00,0.08,52.40,37.80,11.39,7.48,0.00,0.00,0.00,0.00
2018-01-05 10:42:20,0.91,0.00,0.20,0.00,0.10,0.00,0.00,0.00,0.00,98.79,0.40,527.40,419.60,0.00,0.00,0.00,20.00,17.60,0.00,332.40,0.00,0.00,0.00,0.00,1.80,0.00,1.80,0.00,40.00,6722696,0,8936304,57.07,51612,7379584,2147044,13.71,1865896,6705260,416,1139968,257888,3080,5996,31532,0,0,0.00,0,0.00,1,371,0.00,0.03,0.41,0,1.80,0.00,40.00,22.22,0.00,0.00,0.00,0.00,43.60,29.20,9.91,6.26,0.00,0.00,0.00,0.00
2018-01-05 10:42:25,0.81,0.00,0.20,0.00,0.10,0.00,0.10,0.00,0.00,98.79,0.40,526.60,415.00,0.00,0.00,0.00,96.80,16.60,0.00,333.20,0.00,0.00,0.00,0.00,4.40,0.00,4.40,0.00,193.60,6727656,0,8931344,57.04,51616,7374520,2147044,13.71,1865612,6700548,80,1140032,257760,3088,5996,31532,0,0,0.00,0,0.00,1,372,0.00,0.03,0.41,0,4.40,0.00,193.60,44.00,0.00,0.18,0.18,0.08,44.00,28.60,10.69,5.51,0.00,0.00,0.00,0.00
2018-01-05 10:42:30,1.01,0.00,0.40,0.00,0.00,0.00,0.10,0.00,0.00,98.49,1.00,614.60,520.40,0.00,0.00,0.00,7.20,24.80,0.00,561.80,0.00,0.00,0.00,0.00,0.40,0.00,0.40,0.00,14.40,6736732,0,8922268,56.98,51620,7369472,2147044,13.71,1861304,6695772,224,1135996,257672,3096,5992,31532,0,0,0.00,0,0.00,0,373,0.00,0.03,0.41,0,0.40,0.00,14.40,36.00,0.00,0.00,0.00,0.00,58.40,49.40,12.47,172.21,0.00,0.00,0.00,0.00
2018-01-05 10:42:35,1.22,0.00,0.31,0.00,0.31,0.00,0.31,0.00,0.00,97.86,1.20,1575.00,1735.40,0.00,0.00,0.00,8.00,31.00,0.00,679.80,0.00,0.00,0.00,0.00,0.40,0.00,0.40,0.00,16.00,6742236,0,8916764,56.94,51624,7364420,2147044,13.71,1861004,6691040,312,1136000,257588,3080,5992,31532,0,0,0.00,0,0.00,0,372,0.00,0.03,0.41,0,0.40,0.00,16.00,40.00,0.00,2.00,2.00,0.08,308.80,582.20,24.82,8169.98,0.00,0.00,0.00,0.00
2018-01-05 10:42:40,1.22,0.00,0.92,0.00,0.61,0.00,0.41,0.00,0.00,96.84,1.60,2022.00,2532.40,0.00,0.00,0.00,7.20,37.60,0.00,1035.80,0.00,0.00,0.00,0.00,0.40,0.00,0.40,0.00,14.40,6746720,0,8912280,56.91,51632,7359372,2147044,13.71,1860704,6686312,392,1136008,257524,3096,5992,31532,0,0,0.00,0,0.00,0,373,0.00,0.03,0.40,0,0.40,0.00,14.40,36.00,0.00,0.00,0.00,0.00,601.60,1167.80,40.34,17653.38,0.00,0.00,0.00,0.00
2018-01-05 10:42:45,1.12,0.00,0.51,0.00,0.72,0.00,1.23,0.00,0.00,96.42,1.40,2487.60,3462.40,0.00,0.00,0.00,5.60,33.20,0.00,1426.20,0.00,0.00,0.00,0.00,0.40,0.00,0.40,0.00,11.20,6752492,0,8906508,56.88,51640,7354300,2147044,13.71,1859468,6681596,444,1135120,257444,3112,5992,31532,0,0,0.00,0,0.00,0,375,0.00,0.03,0.40,0,0.40,0.00,11.20,28.00,0.00,2.00,2.00,0.08,880.80,1767.20,53.16,26444.53,0.00,0.00,0.00,0.00
2018-01-05 10:42:50,1.12,0.00,0.71,0.00,1.02,0.00,1.43,0.00,0.00,95.71,0.80,2718.80,4013.60,0.00,0.00,0.00,4.80,22.20,0.00,1767.00,0.00,0.00,0.00,0.00,0.40,0.00,0.40,0.00,9.60,6757896,0,8901104,56.84,51648,7349232,2147044,13.71,1859168,6676884,500,1135188,257212,3120,5992,31532,0,0,0.00,0,0.00,0,376,0.00,0.03,0.40,0,0.40,0.00,9.60,24.00,0.00,2.00,2.00,0.08,1206.00,2432.20,69.58,37243.11,0.00,0.00,0.00,0.00
2018-01-05 10:42:55,1.62,0.00,0.61,0.10,1.01,0.00,2.23,0.00,0.00,94.43,1.60,2736.20,4102.00,0.00,0.00,0.00,24.00,38.40,0.00,1835.60,0.00,0.00,0.00,0.00,1.60,0.00,1.60,0.00,48.00,6763012,0,8895988,56.81,51652,7344184,2147044,13.71,1858908,6672108,556,1135184,257120,3120,5992,31532,0,0,0.00,0,0.00,0,376,0.00,0.03,0.40,0,1.60,0.00,48.00,30.00,0.00,0.50,0.50,0.08,1251.80,2579.40,73.48,38363.17,0.00,0.00,0.00,0.00
2018-01-05 10:43:00,1.54,0.00,0.41,0.00,0.82,0.00,1.02,0.00,0.00,96.21,2.00,2586.60,3613.00,0.00,0.00,0.00,110.40,43.00,0.00,1419.00,0.00,0.00,0.00,0.00,3.00,0.00,3.00,0.00,220.80,6768044,0,8890956,56.78,51660,7339184,2147044,13.71,1858636,6667448,120,1135184,257036,3120,5992,31532,0,0,0.00,0,0.00,0,376,0.00,0.03,0.40,0,3.00,0.00,220.80,73.60,0.00,0.00,0.00,0.00,902.00,1823.40,55.72,27147.47,0.00,0.00,0.00,0.00
2018-01-05 10:43:05,1.03,0.00,0.41,0.00,0.82,0.00,0.31,0.00,0.00,97.43,1.20,2262.20,3188.60,0.00,0.00,0.00,7.20,29.20,0.00,1477.40,0.00,0.00,0.00,0.00,0.40,0.00,0.40,0.00,14.40,6772124,0,8886876,56.75,51668,7335104,2147044,13.71,1859240,6662720,232,1135188,256948,3120,5992,31532,0,0,0.00,0,0.00,0,376,0.00,0.03,0.39,0,0.40,0.00,14.40,36.00,0.00,2.00,2.00,0.08,1006.20,2035.20,59.42,30765.80,0.00,0.00,0.00,0.00
2018-01-05 10:43:10,1.14,0.00,0.93,0.00,1.45,0.00,0.73,0.00,0.00,95.74,1.40,3150.20,5092.00,0.00,0.00,0.00,5.60,32.80,0.00,2565.20,0.00,0.00,0.00,0.00,0.40,0.00,0.40,0.00,11.20,6777384,0,8881616,56.72,51676,7330036,2147044,13.71,1859016,6657952,292,1135260,256896,3128,5992,31532,0,0,0.00,0,0.00,2,377,0.00,0.03,0.39,0,0.40,0.00,11.20,28.00,0.00,2.00,2.00,0.08,1851.00,3519.40,102.81,57929.86,0.00,0.00,0.00,0.00
2018-01-05 10:43:15,1.53,0.00,0.71,0.00,1.22,0.00,2.65,0.00,0.00,93.89,1.20,3149.00,4952.40,0.00,0.00,0.00,7.20,30.60,0.00,2377.60,0.00,0.00,0.00,0.00,0.40,0.00,0.40,0.00,14.40,6782456,0,8876544,56.69,51684,7324984,2147044,13.71,1858608,6653196,368,1135148,256804,3112,5996,31532,0,0,0.00,0,0.00,1,375,0.08,0.04,0.40,0,0.40,0.00,14.40,36.00,0.00,0.00,0.00,0.00,1688.20,3348.80,95.19,52702.68,0.00,0.00,0.00,0.00
2018-01-05 10:43:20,1.45,0.00,0.83,0.00,1.14,0.00,0.21,0.00,0.00,96.38,2.00,2800.60,4191.80,0.00,0.00,0.00,8.80,43.40,0.00,1863.00,0.00,0.00,0.00,0.00,0.40,0.00,0.40,0.00,17.60,6787656,0,8871344,56.65,51692,7319936,2147044,13.71,1858380,6648460,456,1135220,256684,3120,5996,31532,0,0,0.00,0,0.00,0,375,0.08,0.04,0.39,0,0.40,0.00,17.60,44.00,0.00,0.00,0.00,0.00,1260.40,2490.40,73.44,38407.96,0.00,0.00,0.00,0.00
2018-01-05 10:43:25,1.34,0.00,0.52,0.10,0.72,0.00,0.21,0.00,0.00,97.11,1.40,2223.20,3223.00,0.00,0.00,0.00,24.80,35.60,0.00,1708.40,0.00,0.00,0.00,0.00,1.20,0.00,1.20,0.00,49.60,6797164,0,8861836,56.59,51700,7314908,2147044,13.71,1853828,6643692,528,1130908,256620,3096,5992,31532,0,0,0.00,0,0.00,0,373,0.07,0.04,0.39,0,1.20,0.00,49.60,41.33,0.00,0.00,0.00,0.00,976.20,1854.20,59.91,29677.73,0.00,0.00,0.00,0.00
2018-01-05 10:43:30,1.12,0.00,0.41,0.00,0.51,0.00,0.61,0.00,0.00,97.35,0.60,1900.40,2374.00,0.00,0.00,0.00,44.80,17.60,0.00,863.00,0.00,0.00,0.00,0.00,1.00,0.00,1.00,0.00,89.60,6802216,0,8856784,56.56,51704,7309856,2147044,13.71,1853504,6638960,416,1130908,256576,3096,5992,31532,0,0,0.00,0,0.00,1,373,0.06,0.04,0.39,0,1.00,0.00,89.60,89.60,0.00,0.00,0.00,0.00,476.20,906.80,32.19,13982.10,0.00,0.00,0.00,0.00
2018-01-05 10:43:35,1.12,0.00,0.31,0.00,0.41,0.00,0.31,0.00,0.00,97.86,0.40,1745.40,2094.00,0.00,0.00,0.00,75.20,16.00,0.00,744.80,0.00,0.00,0.00,0.00,3.40,0.00,3.40,0.00,150.40,6807340,0,8851660,56.53,51708,7304788,2147044,13.71,1853104,6634232,128,1130844,256572,3088,5992,31532,0,0,0.00,0,0.00,1,372,0.06,0.04,0.39,0,3.40,0.00,150.40,44.24,0.00,0.24,0.24,0.08,380.40,705.60,27.45,10780.89,0.00,0.00,0.00,0.00
2018-01-05 10:43:40,1.02,0.00,0.30,0.00,0.41,0.00,0.51,0.00,0.00,97.77,0.20,1511.00,1732.00,0.00,0.00,0.00,0.00,11.60,0.00,674.20,0.00,0.00,0.00,0.00,0.00,0.00,0.00,0.00,0.00,6812608,0,8846392,56.49,51708,7299712,2147044,13.71,1852700,6629500,216,1130780,256580,3080,5992,31532,0,0,0.00,0,0.00,0,371,0.05,0.04,0.39,0,0.00,0.00,0.00,0.00,0.00,0.00,0.00,0.00,325.00,601.20,25.22,9064.64,0.00,0.00,0.00,0.00
2018-01-05 10:43:45,0.91,0.00,0.20,0.00,0.10,0.00,0.00,0.00,0.00,98.78,0.80,832.00,812.60,0.00,0.00,0.00,6.40,21.40,0.00,439.40,0.00,0.00,0.00,0.00,0.40,0.00,0.40,0.00,12.80,6817696,0,8841304,56.46,51716,7294664,2147044,13.71,1852296,6624792,316,1130712,256524,3072,5992,31532,0,0,0.00,0,0.00,0,370,0.05,0.04,0.38,0,0.40,0.00,12.80,32.00,0.00,0.00,0.00,0.00,121.60,181.00,15.71,2158.31,0.00,0.00,0.00,0.00
2018-01-05 10:43:50,0.90,0.00,0.20,0.00,0.10,0.00,0.20,0.00,0.00,98.59,0.40,562.80,464.80,0.00,0.00,0.00,5.60,15.20,0.00,337.20,0.00,0.00,0.00,0.00,0.40,0.00,0.40,0.00,11.20,6822688,0,8836312,56.43,51724,7289612,2147044,13.71,1851992,6620040,384,1130712,256500,3072,5992,31532,0,0,0.00,0,0.00,0,370,0.05,0.04,0.38,0,0.40,0.00,11.20,28.00,0.00,0.00,0.00,0.00,48.80,33.20,11.54,6.35,0.00,0.00,0.00,0.00
2018-01-05 10:43:55,1.41,0.00,0.30,0.00,0.10,0.00,0.10,0.00,0.00,98.09,1.00,608.60,520.40,0.00,0.00,0.00,30.40,27.60,0.00,350.20,0.00,0.00,0.00,0.00,1.60,0.00,1.60,0.00,60.80,6827764,0,8831236,56.40,51732,7284568,2147044,13.71,1851768,6615292,480,1130760,256488,3080,5992,31532,0,0,0.00,0,0.00,0,371,0.04,0.04,0.38,0,1.60,0.00,60.80,38.00,0.00,0.00,0.00,0.00,55.00,39.40,12.39,7.78,0.00,0.00,0.00,0.00
2018-01-05 10:44:00,1.31,0.00,0.10,0.00,0.00,0.00,0.10,0.00,0.00,98.49,1.20,645.60,552.20,0.00,0.00,0.00,44.00,29.80,0.00,362.40,0.00,0.00,0.00,0.00,0.80,0.00,0.80,0.00,88.00,6832724,0,8826276,56.37,51740,7279532,2147044,13.71,1851460,6610576,396,1130764,256488,3080,5992,31532,0,0,0.00,0,0.00,0,371,0.04,0.04,0.38,0,0.80,0.00,88.00,110.00,0.00,0.00,0.00,0.00,59.40,44.60,12.31,8.83,0.00,0.00,0.00,0.00
2018-01-05 10:44:05,0.70,0.00,0.20,0.10,0.10,0.00,0.20,0.00,0.00,98.69,0.60,558.40,457.40,0.00,0.00,0.00,8.00,19.00,0.00,343.80,0.00,0.00,0.00,0.00,0.40,0.00,0.40,0.00,16.00,6837940,0,8821060,56.33,51748,7274472,2147044,13.71,1851048,6605860,464,1130700,256488,3072,5992,31532,0,0,0.00,0,0.00,1,370,0.04,0.04,0.38,0,0.40,0.00,16.00,40.00,0.00,2.00,2.00,0.08,49.60,34.60,11.09,7.00,0.00,0.00,0.00,0.00
2018-01-05 10:44:10,0.91,0.00,0.30,0.00,0.10,0.00,0.00,0.00,0.00,98.69,0.40,542.00,443.00,0.00,0.00,0.00,57.60,14.80,0.00,535.20,0.00,0.00,0.00,0.00,4.00,0.00,4.00,0.00,115.20,6847056,0,8811944,56.27,51756,7269404,2147044,13.71,1846668,6601088,248,1126596,256488,3072,5988,31532,0,0,0.00,0,0.00,1,370,0.03,0.04,0.37,0,4.00,0.00,115.20,28.80,0.00,0.00,0.00,0.00,45.00,29.60,10.42,6.16,0.00,0.00,0.00,0.00
2018-01-05 10:44:15,1.11,0.00,0.20,0.00,0.00,0.00,0.20,0.00,0.00,98.49,0.60,592.60,487.40,0.00,0.00,0.00,8.00,18.80,0.00,342.40,0.00,0.00,0.00,0.00,0.40,0.00,0.40,0.00,16.00,6852048,0,8806952,56.24,51764,7264360,2147044,13.71,1846336,6596384,360,1126604,256452,3072,5988,31532,0,0,0.00,0,0.00,1,370,0.03,0.04,0.37,0,0.40,0.00,16.00,40.00,0.00,0.00,0.00,0.00,50.60,34.80,11.76,6.69,0.00,0.00,0.00,0.00
2018-01-05 10:44:20,0.61,0.00,0.20,0.00,0.10,0.00,0.00,0.00,0.00,99.09,0.80,572.80,491.20,0.00,0.00,0.00,29.60,21.40,0.00,360.40,0.00,0.00,0.00,0.00,1.20,0.00,1.20,0.00,59.20,6857340,0,8801660,56.21,51768,7259288,2147044,13.71,1846076,6591652,304,1126672,256368,3080,5988,31532,0,0,0.00,0,0.00,1,371,0.03,0.04,0.37,0,1.20,0.00,59.20,49.33,0.00,0.00,0.00,0.00,61.20,57.80,11.90,357.49,0.00,0.00,0.00,0.00
2018-01-05 10:44:25,1.42,0.00,0.61,0.00,0.30,0.00,0.61,0.00,0.00,97.06,2.40,1692.20,1875.00,0.00,0.00,0.00,20.00,55.00,0.00,710.60,0.00,0.00,0.00,0.00,1.80,0.00,1.80,0.00,40.00,6862168,0,8796832,56.18,51772,7254264,2147044,13.71,1845856,6586928,400,1126744,256280,3088,5988,31532,0,0,0.00,0,0.00,1,372,0.03,0.04,0.37,0,1.80,0.00,40.00,22.22,0.00,0.00,0.00,0.00,325.40,614.40,27.41,8225.46,0.00,0.00,0.00,0.00
2018-01-05 10:44:30,1.12,0.00,0.20,0.10,0.41,0.00,0.41,0.00,0.00,97.77,1.40,1350.20,1660.20,0.00,0.00,0.00,8.80,35.60,0.00,806.40,0.00,0.00,0.00,0.00,0.40,0.00,0.40,0.00,17.60,6867336,0,8791664,56.14,51780,7249216,2147044,13.71,1845660,6582152,500,1126812,256256,3096,5988,31532,0,0,0.00,0,0.00,0,373,0.02,0.04,0.37,0,0.40,0.00,17.60,44.00,0.00,0.00,0.00,0.00,418.40,818.60,30.37,11636.01,0.00,0.00,0.00,0.00
2018-01-05 10:44:35,0.92,0.00,0.10,0.00,0.31,0.00,0.31,0.00,0.00,98.37,0.80,1354.00,1582.80,0.00,0.00,0.00,52.80,22.60,0.00,713.60,0.00,0.00,0.00,0.00,0.80,0.00,0.80,0.00,105.60,6872552,0,8786448,56.11,51784,7244144,2147044,13.71,1845240,6577428,324,1126880,256172,3088,5988,31532,0,0,0.00,0,0.00,0,373,0.02,0.04,0.37,0,0.80,0.00,105.60,132.00,0.00,0.00,0.00,0.00,346.00,661.00,26.20,9415.32,0.00,0.00,0.00,0.00
2018-01-05 10:44:40,1.32,0.00,0.71,0.00,0.71,0.00,1.12,0.00,0.00,96.14,0.40,2416.20,3158.40,0.00,0.00,0.00,6.40,14.00,0.00,1185.80,0.00,0.00,0.00,0.00,0.40,0.00,0.40,0.00,12.80,6877472,0,8781528,56.08,51788,7239092,2147044,13.71,1845000,6572700,396,1126816,256052,3096,5988,31532,0,0,0.00,0,0.00,1,373,0.02,0.04,0.36,0,0.40,0.00,12.80,32.00,0.00,0.00,0.00,0.00,740.40,1511.40,47.23,22386.75,0.00,0.00,0.00,0.00
2018-01-05 10:44:45,1.11,0.00,0.41,0.00,0.41,0.00,0.41,0.00,0.00,97.67,1.20,1318.20,1580.00,0.00,0.00,819.20,46.40,29.60,0.00,691.00,0.00,0.00,0.00,0.00,8.40,6.40,2.00,1638.40,92.80,6878916,0,8780084,56.07,51796,7238176,2147044,13.71,1844740,6572108,236,1126828,255968,3096,5988,31532,0,0,0.00,0,0.00,0,373,0.02,0.04,0.36,0,8.40,1638.40,92.80,206.10,0.04,4.29,0.19,0.16,312.80,575.00,26.20,8005.37,0.00,0.00,0.00,0.00
2018-01-05 10:44:50,1.53,0.00,0.20,0.00,0.41,0.00,0.41,0.00,0.00,97.45,1.80,1754.40,2198.40,0.00,0.00,0.00,9.60,43.40,0.00,921.40,0.00,0.00,0.00,0.00,0.40,0.00,0.40,0.00,19.20,6884224,0,8774776,56.04,51804,7233116,2147044,13.71,1844376,6567312,384,1126768,255812,3088,5988,31532,0,0,0.00,0,0.00,1,372,0.02,0.03,0.36,0,0.40,0.00,19.20,48.00,0.00,0.00,0.00,0.00,499.40,969.60,36.55,13753.83,0.00,0.00,0.00,0.00
2018-01-05 10:44:55,1.64,0.00,0.51,0.10,0.51,0.00,0.41,0.00,0.00,96.83,0.80,2009.80,2334.80,0.00,0.00,0.00,43.20,32.20,0.00,897.60,0.00,0.00,0.00,0.00,2.20,0.00,2.20,0.00,86.40,6889208,0,8769792,56.00,51808,7228064,2147044,13.71,1844112,6562628,344,1126868,255692,3096,5988,31532,0,0,0.00,0,0.00,1,373,0.02,0.03,0.36,0,2.20,0.00,86.40,39.27,0.00,0.00,0.00,0.00,497.00,958.40,37.22,13413.50,0.00,0.00,0.00,0.00
2018-01-05 10:45:00,1.72,0.00,0.20,0.00,0.30,0.00,0.40,0.00,0.00,97.37,0.60,1233.60,1428.60,0.00,0.00,0.00,10.40,20.00,0.00,908.60,0.00,0.00,0.00,0.00,0.40,0.00,0.40,0.00,20.80,6897484,0,8761516,55.95,51812,7224040,2147044,13.71,1840204,6557908,432,1122260,255692,3096,5984,31532,0,0,0.00,0,0.00,0,373,0.01,0.03,0.36,0,0.40,0.00,20.80,52.00,0.00,0.00,0.00,0.00,367.60,705.40,30.77,9635.24,0.00,0.00,0.00,0.00
2018-01-05 10:45:05,21.80,0.00,1.11,0.00,0.20,0.00,0.00,0.00,0.00,76.89,6.00,1217.20,1210.40,0.00,0.00,0.00,96.00,557.20,0.00,835.60,0.00,0.00,0.00,0.00,5.40,0.00,5.40,0.00,192.00,6902028,0,8756972,55.92,51816,7219036,2147044,13.71,1841096,6553076,172,1123476,255528,3040,5992,31532,0,0,0.00,0,0.00,1,360,0.01,0.03,0.35,0,5.40,0.00,192.00,35.56,0.00,0.15,0.15,0.08,199.60,287.20,29.09,2899.86,0.00,0.00,0.00,0.00
2018-01-05 10:45:10,81.24,0.00,3.21,0.00,0.10,0.00,0.50,0.00,0.00,14.94,16.20,2116.00,2011.20,0.00,0.00,0.00,33.60,6694.00,0.00,11093.20,0.00,0.00,0.00,0.00,0.80,0.00,0.80,0.00,67.20,6910628,0,8748372,55.87,51832,7214584,2083140,13.30,1837904,6548492,1224,1119920,255404,3096,5960,31532,0,0,0.00,0,0.00,5,364,0.25,0.08,0.37,0,0.80,0.00,67.20,84.00,0.00,0.00,0.00,0.00,316.20,315.60,74.58,87.48,0.00,0.00,0.00,0.00
2018-01-05 10:45:15,81.16,0.00,2.91,0.00,0.00,0.00,0.20,0.00,0.00,15.73,13.80,1580.40,1465.80,0.00,0.00,0.80,32.80,7537.40,0.00,11190.40,0.00,0.00,0.00,0.00,1.00,0.20,0.80,1.60,65.60,6915716,0,8743284,55.84,51848,7209696,2098688,13.40,1837912,6543804,1496,1120116,255500,3008,5928,31532,0,0,0.00,0,0.00,6,373,0.39,0.11,0.38,0,1.00,1.60,65.60,67.20,0.00,0.00,0.00,0.00,170.60,160.20,22.32,282.98,0.00,0.00,0.00,0.00
2018-01-05 10:45:20,35.35,0.00,1.52,0.00,0.10,0.00,0.30,0.00,0.00,62.73,8.20,1618.00,1492.60,0.00,0.00,0.00,35.20,1594.20,0.00,9626.40,0.00,0.00,0.00,0.00,1.00,0.00,1.00,0.00,70.40,7069768,0,8589232,54.85,51860,7205160,1808696,11.55,1688008,6538984,2068,969964,255136,2840,5256,31532,0,0,0.00,0,0.00,0,341,0.36,0.11,0.37,0,1.00,0.00,70.40,70.40,0.00,0.80,0.80,0.08,269.20,259.20,108.17,89.64,0.00,0.00,0.00,0.00
2018-01-05 10:45:25,5.34,0.00,1.01,0.00,0.20,0.00,0.20,0.00,0.00,93.25,4.80,1374.00,1162.00,0.00,0.00,0.00,20.80,256.00,0.00,1217.20,0.00,0.00,0.00,0.00,0.60,0.00,0.60,0.00,41.60,7077096,0,8581904,54.80,51872,7205808,1808696,11.55,1682168,6539608,7844,964092,254684,2304,5184,31532,0,0,0.00,0,0.00,0,274,0.33,0.11,0.37,0,0.60,0.00,41.60,69.33,0.00,0.00,0.00,0.00,79.80,79.20,11.87,29.44,0.00,0.00,0.00,0.00
