timestamp,cpu.%usr,cpu.%nice,cpu.%sys,cpu.%iowait,cpu.%steal,cpu.%irq,cpu.%soft,cpu.%guest,cpu.%gnice,cpu.%idle,task.proc/s,task.cswch/s,intr.intr/s,swap.pswpin/s,swap.pswpout/s,paging.pgpgin/s,paging.pgpgout/s,paging.fault/s,paging.majflt/s,paging.pgfree/s,paging.pgscank/s,paging.pgscand/s,paging.pgsteal/s,paging.%vmeff,io.tps,io.rtps,io.wtps,io.bread/s,io.bwrtn/s,memory.kbmemfree,memory.kbavail,memory.kbmemused,memory.%memused,memory.kbbuffers,memory.kbcached,memory.kbcommit,memory.%commit,memory.kbactive,memory.kbinact,memory.kbdirty,memory.kbanonpg,memory.kbslab,memory.kbkstack,memory.kbpgtbl,memory.kbvmused,swap.kbswpfree,swap.kbswpused,swap.%swpused,swap.kbswpcad,swap.%swpcad,load.runq-sz,load.plist-sz,load.ldavg-1,load.ldavg-5,load.ldavg-15,load.blocked,disk.tps,disk.rd_sec/s,disk.wr_sec/s,disk.avgrq-sz,disk.avgqu-sz,disk.await,disk.svctm,disk.%util,network.rxpck/s,network.txpck/s,network.rxkB/s,network.txkB/s,network.rxcmp/s,network.txcmp/s,network.rxmcst/s,network.%ifutil
2017-09-23 20:42:20,55.90,0.00,3.33,12.31,0.10,0.00,0.00,0.00,0.00,28.36,17.00,2310.60,1998.80,0.00,0.00,8283.20,48.00,11254.00,8.20,6190.40,0.00,0.00,0.00,0.00,576.00,575.00,1.00,16566.40,96.00,5943476,0,1716024,22.40,5140,107700,3598580,46.98,1564412,52184,3160,1503716,33452,4552,7756,16948,0,0,0.00,0,0.00,2,557,1.26,1.54,1.69,0,576.00,16566.40,96.00,28.93,0.38,0.66,0.56,32.08,1.40,1.40,0.14,0.18,0.00,0.00,0.00,0.00
2017-09-23 20:42:25,58.36,0.00,8.31,8.41,0.00,0.00,0.62,0.00,0.00,24.30,12.20,5423.00,3848.20,0.00,0.00,23055.20,44.80,5149.80,30.00,6829.20,0.00,0.00,0.00,0.00,396.40,393.40,3.00,46110.40,89.60,5385644,0,2273856,29.69,5192,480704,3945168,51.51,1767504,398320,260676,1680104,40228,4752,8532,16948,0,0,0.00,0,0.00,3,580,1.39,1.57,1.70,0,396.40,46110.40,89.60,116.55,0.46,1.16,0.83,32.72,1.40,1.40,0.14,0.11,0.00,0.00,0.00,0.00
2017-09-23 20:42:30,76.51,0.00,2.62,0.00,0.10,0.00,0.10,0.00,0.00,20.67,8.80,1899.20,1504.80,0.00,0.00,104.80,38.40,9678.40,0.00,3904.20,0.00,0.00,0.00,0.00,8.80,8.00,0.80,209.60,76.80,5155624,0,2503876,32.69,5204,481316,7409532,96.74,2007988,386328,260856,1907796,40712,5056,9380,16948,0,0,0.00,0,0.00,2,618,1.52,1.59,1.70,0,8.80,209.60,76.80,32.55,0.00,0.55,0.55,0.48,2.20,2.20,0.24,0.18,0.00,0.00,0.00,0.00
2017-09-23 20:42:35,69.91,0.00,3.04,2.53,0.00,0.00,0.00,0.00,0.00,24.52,10.00,2328.20,1725.60,0.00,0.00,231.20,530.40,4211.40,0.20,3439.80,0.00,0.00,0.00,0.00,18.60,12.80,5.80,462.40,1060.80,4515236,0,3144264,41.05,5216,487976,7524740,98.24,2637548,380024,263864,2538716,41236,5280,10664,16948,0,0,0.00,0,0.00,2,646,1.48,1.58,1.70,0,18.60,462.40,1060.80,81.89,0.95,51.27,4.39,8.16,1.60,1.60,0.16,0.19,0.00,0.00,0.00,0.00
2017-09-23 20:42:40,52.63,0.00,2.23,0.00,0.00,0.00,0.00,0.00,0.00,45.14,0.20,1785.40,1161.60,0.00,0.00,0.00,27.20,167.80,0.00,1778.40,0.00,0.00,0.00,0.00,0.60,0.00,0.60,0.00,54.40,3769300,0,3890200,50.79,5224,488004,7524740,98.24,3380704,379524,263920,3283384,41284,5272,12252,16948,0,0,0.00,0,0.00,1,645,1.44,1.57,1.70,0,0.60,0.00,54.40,90.67,0.00,2.67,1.33,0.08,1.20,1.20,0.11,0.09,0.00,0.00,0.00,0.00
2017-09-23 20:42:45,54.74,0.00,2.52,0.10,0.00,0.00,0.00,0.00,0.00,42.64,0.40,1842.40,1163.80,0.00,0.00,0.80,136.80,103.00,0.00,750.60,0.00,0.00,0.00,0.00,15.20,0.20,15.00,1.60,273.60,3283284,0,4376216,57.13,5236,577496,7524740,98.24,3802320,457328,352740,3677312,43612,5272,13024,16948,0,0,0.00,0,0.00,4,645,1.41,1.56,1.69,0,15.20,1.60,273.60,18.11,0.05,3.21,0.11,0.16,1.20,1.20,0.11,0.09,0.00,0.00,0.00,0.00
2017-09-23 20:42:50,13.17,0.00,4.39,77.17,0.11,0.00,0.00,0.00,0.00,5.16,0.40,2096.00,2001.20,0.00,0.00,21.60,91777.60,8014.00,0.00,102.60,0.00,0.00,0.00,0.00,712.40,0.40,712.00,43.20,177764.80,2616080,0,5043420,65.85,5260,1226016,7524740,98.24,4000016,908728,543112,3677608,61736,5272,13032,16948,0,0,0.00,0,0.00,1,645,1.53,1.58,1.70,3,712.60,43.20,177816.00,249.59,138.41,184.72,1.39,98.88,1.20,1.20,0.12,0.16,0.00,0.00,0.00,0.00
2017-09-23 20:42:55,5.43,0.00,2.71,75.24,0.00,0.00,0.00,0.00,0.00,16.61,0.20,2063.00,1967.60,0.00,0.00,0.00,84667.20,9202.80,0.00,11423.20,0.00,0.00,0.00,0.00,673.00,0.00,673.00,0.00,169587.20,2314816,0,5344684,69.78,5276,1518668,7524740,98.24,3978268,1223480,552428,3677832,69820,5272,13040,16948,0,0,0.00,0,0.00,1,645,1.65,1.61,1.71,3,672.80,0.00,169536.00,251.99,140.23,197.46,1.49,100.00,1.80,1.80,0.19,0.15,0.00,0.00,0.00,0.00
2017-09-23 20:43:00,1.70,0.00,1.06,76.83,0.00,0.00,0.00,0.00,0.00,20.40,0.00,1911.00,1759.40,0.00,0.00,0.00,79144.00,21097.60,0.00,126.80,0.00,0.00,0.00,0.00,626.20,0.00,626.20,0.00,158188.80,1881560,0,5777940,75.43,5288,1940404,7524740,98.24,4351152,1272232,578404,3677832,81744,5264,13040,16948,0,0,0.00,0,0.00,1,644,1.68,1.61,1.71,2,626.20,0.00,158188.80,252.62,141.06,237.05,1.60,100.00,1.00,1.00,0.11,0.08,0.00,0.00,0.00,0.00
2017-09-23 20:43:05,23.57,0.00,5.61,57.01,0.10,0.00,0.00,0.00,0.00,13.71,0.20,1943.20,1946.80,0.00,0.00,0.80,82928.00,7523.60,0.00,35386.80,0.00,0.00,0.00,0.00,652.00,0.20,651.80,1.60,164785.60,1968668,0,5690832,74.30,5320,1851424,7524740,98.24,4041500,1496812,575116,3681888,79292,5264,13032,16948,0,0,0.00,0,0.00,3,644,1.71,1.62,1.71,1,652.20,1.60,164836.80,252.74,125.04,197.32,1.40,91.36,1.20,1.20,0.12,0.16,0.00,0.00,0.00,0.00
2017-09-23 20:43:10,11.44,0.00,3.85,70.91,0.11,0.00,0.00,0.00,0.00,13.69,0.00,1888.80,1892.80,0.00,0.00,0.00,82161.60,52.80,0.00,669.00,0.00,0.00,0.00,0.00,659.80,0.00,659.80,0.00,165060.80,1378068,0,6281432,82.01,5332,2284268,7524740,98.24,4519720,1596860,597596,3827420,91368,5264,13316,16948,0,0,0.00,0,0.00,1,644,1.73,1.63,1.71,2,659.60,0.00,165009.60,250.17,136.31,201.13,1.52,100.00,1.20,1.20,0.11,0.09,0.00,0.00,0.00,0.00
2017-09-23 20:43:15,1.16,0.00,0.42,79.20,0.00,0.00,0.00,0.00,0.00,19.22,0.00,1901.60,1222.60,0.00,0.00,0.80,13434.40,14.60,0.00,31.60,0.00,0.00,0.00,0.00,105.20,0.20,105.00,1.60,26078.40,1200684,0,6458816,84.32,5344,2456876,7524740,98.24,4541180,1747912,703132,3827280,96252,5248,13316,16948,0,0,0.00,0,0.00,0,642,1.83,1.65,1.72,3,105.20,1.60,26078.40,247.91,132.13,1025.28,9.51,100.00,1.00,1.00,0.11,0.08,0.00,0.00,0.00,0.00
2017-09-23 20:43:20,1.23,0.00,0.41,70.74,0.00,0.00,0.00,0.00,0.00,27.62,0.00,1982.40,1310.20,0.00,0.00,1.60,18531.20,16.80,0.00,26.00,0.00,0.00,0.00,0.00,148.00,0.40,147.60,3.20,36961.60,1133556,0,6525944,85.20,5360,2522376,7524740,98.24,4549384,1805236,676200,3827212,98024,5240,13316,16948,0,0,0.00,0,0.00,1,641,1.84,1.66,1.72,1,148.00,3.20,36961.60,249.76,137.18,1068.61,6.76,100.00,1.20,1.20,0.12,0.16,0.00,0.00,0.00,0.00
2017-09-23 20:43:25,1.76,0.00,0.99,68.50,0.11,0.00,0.00,0.00,0.00,28.63,0.00,2033.60,1938.00,0.00,0.00,0.00,85430.40,35.20,0.00,141.40,0.00,0.00,0.00,0.00,686.80,0.00,686.80,0.00,171652.80,819592,0,6839908,89.30,5372,2829648,7524740,98.24,4585952,2074156,556900,3825404,106640,5208,13316,16948,0,0,0.00,0,0.00,0,637,1.86,1.66,1.72,2,686.80,0.00,171652.80,249.93,141.06,207.90,1.46,100.00,1.80,1.80,0.19,0.15,0.00,0.00,0.00,0.00
2017-09-23 20:43:30,10.69,0.00,1.62,70.95,0.00,0.00,0.00,0.00,0.00,16.74,0.00,1899.00,1575.80,0.00,0.00,0.80,49570.40,40.40,0.00,335.00,0.00,0.00,0.00,0.00,404.20,0.20,404.00,1.60,101110.40,366660,0,7292840,95.21,5384,3112684,7524740,98.24,5127268,1977832,592556,3987128,114476,5200,13632,16948,0,0,0.00,0,0.00,0,636,1.95,1.68,1.73,5,404.20,1.60,101110.40,250.15,138.40,324.51,2.47,100.00,1.00,1.00,0.11,0.08,0.00,0.00,0.00,0.00
2017-09-23 20:43:35,2.08,0.00,0.31,71.07,0.00,0.00,0.00,0.00,0.00,26.53,0.00,1981.60,1347.00,0.00,0.00,0.00,13944.00,13.80,0.00,402.00,434.00,0.00,375.80,86.59,102.20,0.00,102.20,0.00,26065.60,239108,0,7420392,96.88,4244,3237140,7524740,98.24,5144664,2083536,653956,3987072,118196,5192,13632,16948,0,0,0.00,0,0.00,1,635,2.03,1.71,1.73,3,102.20,0.00,26065.60,255.05,140.14,1285.46,9.78,100.00,1.20,1.20,0.12,0.16,0.00,0.00,0.00,0.00
2017-09-23 20:43:40,1.03,0.00,0.31,81.44,0.10,0.00,0.00,0.00,0.00,17.11,0.60,1892.40,1253.40,0.00,0.00,47.20,16809.60,81.60,0.60,1379.60,1344.40,0.00,1325.60,98.60,136.20,2.60,133.60,94.40,32483.20,194240,0,7465260,97.46,4048,3280588,7524740,98.24,5153748,2117668,639432,3987080,120000,5192,13632,16948,0,0,0.00,0,0.00,0,635,2.03,1.71,1.74,1,136.20,94.40,32483.20,239.19,112.93,858.50,7.34,100.00,1.00,1.00,0.11,0.08,0.00,0.00,0.00,0.00
2017-09-23 20:43:45,0.62,0.00,0.10,97.32,0.00,0.00,0.10,0.00,0.00,1.85,0.00,1847.20,1203.20,0.00,0.00,0.00,13203.20,15.20,0.00,1616.00,1610.60,0.00,1592.00,98.85,106.60,0.00,106.60,0.00,26494.40,171260,0,7488240,97.76,3176,3303732,7524740,98.24,5160968,2132932,627528,3987088,120888,5192,13632,16948,0,0,0.00,0,0.00,1,635,2.11,1.73,1.74,3,106.60,0.00,26494.40,248.54,130.90,1117.91,9.38,100.00,1.00,1.00,0.11,0.08,0.00,0.00,0.00,0.00
2017-09-23 20:43:50,0.82,0.00,0.31,86.58,0.00,0.00,0.00,0.00,0.00,12.30,0.40,1862.40,1189.20,0.00,0.00,0.80,12111.20,25.60,0.00,92.60,62.00,0.00,62.00,100.00,100.20,0.20,100.00,1.60,24668.80,121944,0,7537556,98.41,3188,3351964,7524740,98.24,5167132,2174884,616868,3987092,122116,5192,13632,16948,0,0,0.00,0,0.00,0,635,2.34,1.79,1.76,6,100.20,1.60,24668.80,246.21,119.00,1248.06,9.98,100.00,1.20,1.20,0.12,0.16,0.00,0.00,0.00,0.00
2017-09-23 20:43:55,0.82,0.00,0.20,91.54,0.00,0.00,0.00,0.00,0.00,7.44,0.00,1725.20,1099.80,0.00,0.00,8.00,12511.20,18.00,0.00,1738.20,1664.60,0.00,1607.00,96.54,105.80,1.40,104.40,16.00,24428.80,116804,0,7542696,98.48,3160,3356896,7524740,98.24,5172784,2174036,591544,3987012,122656,5184,13632,16948,0,0,0.00,0,0.00,1,634,2.31,1.79,1.76,2,105.80,16.00,24428.80,231.05,114.98,1177.75,9.45,100.00,1.80,1.80,0.19,0.15,0.00,0.00,0.00,0.00
2017-09-23 20:44:00,1.03,0.00,0.62,73.20,0.10,0.00,0.00,0.00,0.00,25.05,0.00,1856.80,1217.20,0.00,0.00,4.80,16724.80,22.40,0.00,5004.80,4980.00,0.00,4980.00,100.00,139.60,1.20,138.40,9.60,32937.60,146856,0,7512644,98.08,3196,3325712,7524740,98.24,5181228,2134164,576436,3986956,123632,5176,13632,16948,0,0,0.00,0,0.00,0,633,2.29,1.79,1.76,2,139.60,9.60,32937.60,236.01,128.29,939.52,7.16,100.00,0.80,0.80,0.09,0.06,0.00,0.00,0.00,0.00
2017-09-23 20:44:05,0.82,0.00,0.00,82.49,0.00,0.00,0.00,0.00,0.00,16.68,0.00,1899.40,1203.40,0.00,0.00,0.00,8517.60,24.20,0.00,1685.40,1652.80,0.00,1652.80,100.00,100.40,0.00,100.40,0.00,24243.20,124852,0,7534648,98.37,3200,3347800,7524740,98.24,5188368,2149644,589436,3987012,124020,5176,13632,16948,0,0,0.00,0,0.00,0,633,2.58,1.86,1.79,8,100.40,0.00,24243.20,241.47,113.68,1159.16,9.96,100.00,1.20,1.20,0.12,0.16,0.00,0.00,0.00,0.00
2017-09-23 20:44:10,0.83,0.00,0.21,68.52,0.00,0.00,0.00,0.00,0.00,30.44,0.00,1922.00,1228.20,0.00,0.00,0.80,14808.00,21.40,0.00,3350.00,3296.40,0.00,3296.40,100.00,111.40,0.20,111.20,1.60,26747.20,127784,0,7531716,98.33,3212,3344232,7524740,98.24,5196144,2138296,578064,3987012,124428,5176,13632,16948,0,0,0.00,0,0.00,0,633,2.70,1.90,1.80,5,111.40,1.60,26747.20,240.11,119.71,965.38,8.98,100.00,1.20,1.20,0.11,0.09,0.00,0.00,0.00,0.00
2017-09-23 20:44:15,0.72,0.00,0.21,81.22,0.00,0.00,0.00,0.00,0.00,17.85,0.00,1928.80,1277.20,0.00,0.00,0.80,11517.60,17.20,0.00,3864.00,4049.80,0.00,3708.20,91.57,97.00,0.20,96.80,1.60,23939.20,136856,0,7522644,98.21,3188,3334768,7524740,98.24,5211604,2113928,585360,3987576,124400,5176,13632,16948,0,0,0.00,0,0.00,0,633,2.80,1.93,1.81,5,97.00,1.60,23939.20,246.81,128.03,1349.23,10.31,100.00,1.40,1.20,0.12,0.09,0.00,0.00,0.00,0.00
2017-09-23 20:44:20,0.52,0.00,0.21,81.84,0.10,0.00,0.10,0.00,0.00,17.23,0.00,1959.00,1263.20,0.00,0.00,0.80,14816.00,20.60,0.00,3025.00,3253.60,0.00,2941.60,90.41,130.60,0.20,130.40,1.60,30798.40,124620,0,7534880,98.37,3168,3346660,7524740,98.24,5226688,2110720,582276,3987580,124792,5176,13632,16948,0,0,0.00,0,0.00,0,633,2.82,1.95,1.82,3,130.60,1.60,30798.40,235.83,107.31,903.86,7.66,100.00,1.20,1.20,0.12,0.16,0.00,0.00,0.00,0.00
2017-09-23 20:44:25,0.72,0.00,0.10,80.06,0.00,0.00,0.00,0.00,0.00,19.11,0.00,1921.80,1225.40,0.00,0.00,0.80,13165.60,21.20,0.00,3295.80,3236.80,0.00,3236.80,100.00,94.40,0.20,94.20,1.60,22827.20,119768,0,7539732,98.44,3168,3351004,7524740,98.24,5235232,2106336,585744,3987608,124860,5176,13632,16948,0,0,0.00,0,0.00,1,633,3.63,2.13,1.88,15,94.40,1.60,22827.20,241.83,136.08,1246.92,10.59,100.00,1.60,1.60,0.17,0.13,0.00,0.00,0.00,0.00
2017-09-23 20:44:30,0.82,0.00,0.31,70.49,0.00,0.00,0.00,0.00,0.00,28.38,0.00,1817.00,1196.20,0.00,0.00,601.60,16497.60,22.40,0.00,3245.60,3224.40,0.00,3224.40,100.00,153.80,4.40,149.40,1100.80,35689.60,143092,0,7516408,98.13,3176,3327048,7524740,98.24,5240056,2077628,541036,3987612,125104,5176,13632,16948,0,0,0.00,0,0.00,0,633,3.58,2.15,1.88,5,153.80,1100.80,35689.60,239.21,131.66,985.87,6.50,100.00,1.00,1.00,0.11,0.08,0.00,0.00,0.00,0.00
2017-09-23 20:44:35,0.61,0.00,0.10,74.67,0.00,0.00,0.00,0.00,0.00,24.62,0.00,1761.20,1146.20,0.00,0.00,922.40,14838.40,27.60,0.00,24.80,0.00,0.00,0.00,0.00,122.40,7.40,115.00,1844.80,26782.40,138504,0,7520996,98.19,3188,3331636,7524740,98.24,5240080,2082356,467200,3987612,125108,5176,13632,16948,0,0,0.00,0,0.00,0,633,3.62,2.18,1.89,6,122.40,1844.80,26782.40,233.88,139.44,1013.16,8.17,100.00,1.20,1.20,0.12,0.16,0.00,0.00,0.00,0.00
2017-09-23 20:44:40,0.61,0.00,0.20,99.09,0.00,0.00,0.10,0.00,0.00,0.00,0.00,1739.20,1119.20,0.00,0.00,819.20,13180.80,25.20,0.00,26.00,0.00,0.00,0.00,0.00,115.40,6.60,108.80,1638.40,25539.20,134920,0,7524580,98.24,3196,3335756,7524740,98.24,5240036,2086456,401856,3987552,125268,5168,13632,16948,0,0,0.00,0,0.00,0,632,3.49,2.18,1.89,3,115.40,1638.40,25539.20,235.51,127.01,1034.15,8.67,100.00,0.80,0.80,0.09,0.06,0.00,0.00,0.00,0.00
2017-09-23 20:44:45,0.40,0.00,0.40,78.36,0.10,0.00,0.00,0.00,0.00,20.73,0.00,1765.60,1158.60,0.00,0.00,1024.80,14835.20,26.80,0.00,28.60,0.00,0.00,0.00,0.00,147.40,8.20,139.20,2049.60,31944.00,129676,0,7529824,98.31,3208,3340908,7524740,98.24,5240064,2091592,328044,3987560,125172,5168,13632,16948,0,0,0.00,0,0.00,0,632,3.29,2.16,1.89,2,147.40,2049.60,31944.00,230.62,141.10,1063.86,6.78,100.00,1.20,1.20,0.19,0.17,0.00,0.00,0.00,0.00
2017-09-23 20:44:50,40.37,0.00,6.19,23.94,0.00,0.00,0.00,0.00,0.00,29.51,0.40,2394.40,1873.60,0.00,0.00,24649.60,6564.00,340.80,0.00,6815.80,6770.00,0.00,6770.00,100.00,613.00,575.60,37.40,49401.60,8817.60,134924,0,7524576,98.24,3212,3328660,7524740,98.24,5305532,2020224,295440,3993940,125276,5176,13644,16948,0,0,0.00,0,0.00,3,633,3.26,2.17,1.89,1,613.20,49401.60,8868.80,95.03,27.90,46.82,0.80,49.20,1.20,1.20,0.12,0.16,0.00,0.00,0.00,0.00
2017-09-23 20:44:55,11.32,0.00,5.76,49.14,0.00,0.00,0.00,0.00,0.00,33.77,0.20,1736.00,1137.80,0.00,0.00,493.60,12223.20,15.40,0.00,31.40,0.00,0.00,0.00,0.00,113.60,16.20,97.40,897.60,24856.00,132724,0,7526776,98.27,3224,3331156,7524740,98.24,5305532,2022700,234384,3993908,125268,5176,13644,16948,0,0,0.00,0,0.00,0,633,3.16,2.17,1.89,2,113.40,897.60,24804.80,226.65,129.73,1018.80,8.82,100.00,1.80,1.80,0.19,0.15,0.00,0.00,0.00,0.00
2017-09-23 20:45:00,0.41,0.00,0.20,70.69,0.00,0.00,0.00,0.00,0.00,28.70,0.00,1804.40,1157.40,0.00,0.00,873.60,14012.80,10.60,0.00,26.40,0.00,0.00,0.00,0.00,142.80,31.20,111.60,1747.20,28486.40,128324,0,7531176,98.32,3232,3335472,7524740,98.24,5305484,2027076,164304,3993848,125196,5168,13644,16948,0,0,0.00,0,0.00,1,632,3.07,2.17,1.89,2,142.80,1747.20,28486.40,211.72,134.44,967.92,7.00,100.00,1.00,1.00,0.11,0.08,0.00,0.00,0.00,0.00
2017-09-23 20:45:05,12.25,0.00,0.20,77.13,0.10,0.00,0.00,0.00,0.00,10.32,0.20,1810.60,1242.00,0.00,0.00,765.60,14726.40,62.20,1.80,130.60,0.00,0.00,0.00,0.00,144.60,29.80,114.80,1529.60,29299.20,124368,0,7535132,98.38,3248,3339404,7524740,98.24,5305756,2030868,90824,3994084,125272,5176,13748,16948,0,0,0.00,0,0.00,0,633,3.06,2.18,1.90,3,144.60,1529.60,29299.20,213.20,129.27,943.32,6.92,100.00,1.40,1.40,0.12,0.17,0.00,0.00,0.00,0.00
2017-09-23 20:45:10,4.26,0.00,0.30,72.95,0.00,0.00,0.00,0.00,0.00,22.49,0.00,1842.20,1241.80,0.00,0.00,846.40,14784.00,49.60,1.80,34.00,0.00,0.00,0.00,0.00,153.80,36.60,117.20,1780.80,29926.40,119896,0,7539604,98.43,3404,3343504,7524740,98.24,5313068,2028036,17028,3994224,125268,5176,13780,16948,0,0,0.00,0,0.00,1,633,3.06,2.19,1.91,3,153.80,1780.80,29926.40,206.16,137.65,881.01,6.50,100.00,1.00,1.00,0.11,0.08,0.00,0.00,0.00,0.00
2017-09-23 20:45:15,44.83,0.00,0.30,31.44,0.00,0.00,0.00,0.00,0.00,23.43,0.20,1841.00,1467.00,0.00,0.00,2951.20,3344.00,100.60,0.20,1715.20,1537.80,0.00,1537.80,100.00,188.20,135.40,52.80,5905.60,13395.20,138136,0,7521364,98.20,3552,3327404,7524740,98.24,5334648,1990412,396,3994108,125184,5168,13644,16948,0,0,0.00,0,0.00,2,632,2.89,2.17,1.90,0,188.20,5905.60,13395.20,102.55,44.38,329.11,2.92,54.96,1.00,1.00,0.11,0.08,0.00,0.00,0.00,0.00
2017-09-23 20:45:20,51.16,0.00,0.30,0.50,0.00,0.00,0.00,0.00,0.00,48.03,0.00,1723.60,1046.60,0.00,0.00,1433.60,85.60,15.40,0.00,21.80,0.00,0.00,0.00,0.00,70.60,64.00,6.60,2867.20,171.20,130944,0,7528556,98.29,3560,3334600,7524740,98.24,5356184,1976100,136,3994128,125184,5168,13644,16948,0,0,0.00,0,0.00,2,632,2.74,2.15,1.90,0,70.60,2867.20,171.20,43.04,0.10,1.43,0.19,1.36,1.20,1.20,0.12,0.16,0.00,0.00,0.00,0.00
2017-09-23 20:45:25,56.08,0.00,13.97,0.60,0.10,0.00,0.00,0.00,0.00,29.25,0.00,1750.80,1737.20,0.00,0.00,1885.60,20.00,4848.20,0.00,22338.20,6023.00,8025.60,14048.60,100.00,86.20,84.60,1.60,3771.20,40.00,129100,0,7530400,98.31,3560,3063088,7524740,98.24,5662648,1670964,196,4267020,125048,5168,14180,16948,0,0,0.00,0,0.00,1,632,2.60,2.13,1.89,0,86.20,3771.20,40.00,44.21,0.14,1.64,0.20,1.76,1.40,1.40,0.15,0.11,0.00,0.00,0.00,0.00
2017-09-23 20:45:30,50.10,0.00,0.30,1.01,0.00,0.00,0.00,0.00,0.00,48.58,0.00,1892.20,1335.80,0.00,0.00,3924.00,5.60,11.00,0.00,1306.40,1286.00,0.00,1286.00,100.00,176.00,175.60,0.40,7848.00,11.20,134796,0,7524704,98.24,3568,3057012,7524740,98.24,5686300,1641284,240,4267032,125056,5168,14180,16948,0,0,0.00,0,0.00,2,632,2.47,2.12,1.89,0,176.00,7848.00,11.20,44.65,0.24,1.38,0.16,2.88,1.40,1.40,0.15,0.11,0.00,0.00,0.00,0.00
2017-09-23 20:45:35,53.98,0.00,7.45,0.81,0.00,0.00,0.00,0.00,0.00,37.76,0.00,1792.60,1279.60,0.00,0.00,3242.40,3.20,12.40,0.00,2210.20,1254.40,0.00,1254.40,100.00,131.80,131.40,0.40,6484.80,6.40,138596,0,7520904,98.19,3576,3048156,7524740,98.24,5703752,1620052,268,4272092,125048,5168,14180,16948,0,0,0.00,0,0.00,1,632,2.36,2.10,1.88,0,131.80,6484.80,6.40,49.25,0.17,1.31,0.18,2.32,1.20,1.20,0.12,0.16,0.00,0.00,0.00,0.00
2017-09-23 20:45:40,49.14,0.00,0.30,1.83,0.00,0.00,0.00,0.00,0.00,48.73,0.00,1898.20,1481.00,0.00,0.00,4598.40,5.60,11.20,0.00,20.20,0.00,0.00,0.00,0.00,198.60,198.20,0.40,9196.80,11.20,116292,0,7543208,98.48,3584,3071176,7524740,98.24,5731100,1615704,300,4272100,125056,5168,14180,16948,0,0,0.00,0,0.00,1,632,2.25,2.08,1.88,0,198.60,9196.80,11.20,46.36,0.36,1.82,0.24,4.80,1.00,1.00,0.11,0.08,0.00,0.00,0.00,0.00
2017-09-23 20:45:45,50.76,0.00,2.42,0.30,0.10,0.00,0.00,0.00,0.00,46.42,0.00,1766.20,1978.40,0.00,0.00,1433.60,8.80,2680.60,0.00,21310.00,6555.00,5280.00,11835.00,100.00,65.00,64.00,1.00,2867.20,17.60,139928,0,7519572,98.17,3568,2841688,7524740,98.24,5860684,1461308,324,4476744,124992,5168,14580,16948,0,0,0.00,0,0.00,1,632,2.15,2.06,1.87,0,65.00,2867.20,17.60,44.38,0.08,1.18,0.15,0.96,1.00,1.00,0.11,0.08,0.00,0.00,0.00,0.00
2017-09-23 20:45:50,51.06,0.00,0.40,0.30,0.00,0.00,0.00,0.00,0.00,48.23,0.40,1774.00,1076.20,0.00,0.00,1419.20,14.40,24.00,0.00,26.20,0.00,0.00,0.00,0.00,65.40,63.80,1.60,2838.40,28.80,133356,0,7526144,98.26,3568,2848808,7524740,98.24,5868000,1461152,344,4476816,124984,5176,14580,16948,0,0,0.00,0,0.00,1,633,2.06,2.04,1.87,0,65.40,2838.40,28.80,43.84,0.07,1.10,0.15,0.96,1.20,1.20,0.12,0.16,0.00,0.00,0.00,0.00
2017-09-23 20:45:55,50.96,0.00,0.20,0.30,0.00,0.00,0.00,0.00,0.00,48.53,0.00,1772.20,1132.80,0.00,0.00,1433.60,59.20,13.20,0.00,20.40,0.00,0.00,0.00,0.00,68.00,64.00,4.00,2867.20,118.40,126372,0,7533128,98.35,3576,2855996,7524740,98.24,5875204,1461096,108,4476824,124992,5176,14580,16948,0,0,0.00,0,0.00,1,633,1.97,2.03,1.86,0,68.00,2867.20,118.40,43.91,0.12,1.78,0.46,3.12,1.40,1.40,0.15,0.11,0.00,0.00,0.00,0.00
2017-09-23 20:46:00,50.76,0.00,0.30,0.40,0.00,0.00,0.00,0.00,0.00,48.53,0.00,1772.40,1097.40,0.00,0.00,1869.60,17.60,11.40,0.00,24.60,0.00,0.00,0.00,0.00,84.20,83.60,0.60,3739.20,35.20,116840,0,7542660,98.47,3588,2865368,7524740,98.24,5923048,1422664,232,4476760,124984,5168,14580,16948,0,0,0.00,0,0.00,1,632,1.89,2.01,1.86,0,84.20,3739.20,35.20,44.83,0.12,1.37,0.16,1.36,1.40,1.40,0.15,0.11,0.00,0.00,0.00,0.00
2017-09-23 20:46:05,51.36,0.00,0.20,0.20,0.00,0.00,0.00,0.00,0.00,48.24,0.00,1734.80,1236.40,0.00,0.00,983.20,4.80,12.00,0.00,1373.40,1349.80,0.00,1349.80,100.00,44.60,44.20,0.40,1966.40,9.60,138200,0,7521300,98.20,3596,2843316,7524740,98.24,5906940,1416684,268,4476760,124984,5168,14580,16948,0,0,0.00,0,0.00,1,632,1.82,1.99,1.85,0,44.60,1966.40,9.60,44.30,0.05,1.04,0.16,0.72,1.40,1.40,0.12,0.17,0.00,0.00,0.00,0.00
2017-09-23 20:46:10,49.70,0.00,2.13,1.32,0.00,0.00,0.00,0.00,0.00,46.86,0.00,1935.00,1989.60,0.00,0.00,4485.60,58.40,5680.80,0.00,14578.00,2078.20,7526.40,9604.60,100.00,206.00,199.80,6.20,8881.60,116.80,135000,0,7524500,98.24,3572,2673708,7524740,98.24,5987932,1338484,100,4649308,124952,5168,14920,16948,0,0,0.00,0,0.00,0,632,1.76,1.98,1.85,1,207.00,8926.40,116.80,43.69,0.28,1.36,0.17,3.60,1.00,1.00,0.11,0.08,0.00,0.00,0.00,0.00
2017-09-23 20:46:15,48.94,0.00,0.51,1.72,0.10,0.00,0.00,0.00,0.00,48.73,0.00,2021.20,1362.00,0.00,0.00,8396.00,12.00,10.40,0.00,2103.00,2083.20,0.00,2083.20,100.00,356.60,356.20,0.40,16881.60,24.00,134604,0,7524896,98.24,3568,2674016,7524740,98.24,5979516,1347376,188,4649312,124952,5168,14920,16948,0,0,0.00,0,0.00,1,632,1.70,1.96,1.85,0,355.60,16836.80,24.00,47.42,0.41,1.14,0.15,5.44,1.00,1.00,0.11,0.08,0.00,0.00,0.00,0.00
2017-09-23 20:46:20,51.02,0.00,0.41,1.63,0.00,0.00,0.00,0.00,0.00,46.95,0.00,1994.20,1298.40,0.00,0.00,6740.00,4.80,53.60,0.00,2106.20,2084.40,0.00,2084.40,100.00,301.40,301.00,0.40,13480.00,9.60,141696,0,7517804,98.15,3576,2666092,7524740,98.24,5978588,1341124,236,4650124,124952,5168,14920,16948,0,0,0.00,0,0.00,1,632,1.64,1.94,1.84,0,301.40,13480.00,9.60,44.76,0.40,1.32,0.16,4.88,1.20,1.20,0.12,0.16,0.00,0.00,0.00,0.00
2017-09-23 20:46:25,50.76,0.00,4.06,1.32,0.00,0.00,0.00,0.00,0.00,43.86,0.00,1930.20,3475.20,0.00,0.00,4360.80,57.60,9277.60,0.00,32253.00,7584.40,12308.60,19893.00,100.00,201.80,196.40,5.40,8721.60,115.20,155760,0,7503740,97.97,3452,2290196,7568932,98.82,6155908,1147560,132,5009856,124660,5168,15628,16948,0,0,0.00,0,0.00,1,632,1.59,1.93,1.84,0,201.80,8721.60,115.20,43.79,0.29,1.43,0.19,3.84,1.40,1.40,0.15,0.11,0.00,0.00,0.00,0.00
2017-09-23 20:46:30,50.30,0.00,0.30,1.11,0.00,0.00,0.00,0.00,0.00,48.28,0.00,1902.20,1168.60,0.00,0.00,4896.80,7.20,11.60,0.00,20.40,0.00,0.00,0.00,0.00,201.60,201.20,0.40,9793.60,14.40,131208,0,7528292,98.29,3460,2314628,7568932,98.82,6160340,1167556,192,5009856,124660,5168,15628,16948,0,0,0.00,0,0.00,1,632,1.54,1.91,1.83,0,201.60,9793.60,14.40,48.65,0.24,1.19,0.16,3.28,1.40,1.40,0.15,0.11,0.00,0.00,0.00,0.00
2017-09-23 20:46:35,50.76,0.00,0.20,1.01,0.00,0.00,0.00,0.00,0.00,48.03,0.00,1938.80,1223.60,0.00,0.00,5028.00,41.60,17.00,0.00,1884.00,1856.60,0.00,1852.80,99.80,232.40,227.20,5.20,10056.00,83.20,143352,0,7516148,98.13,2876,2303236,7568932,98.82,6162220,1153580,96,5009884,124608,5168,15628,16948,0,0,0.00,0,0.00,2,632,1.50,1.90,1.83,0,232.40,10056.00,83.20,43.63,0.25,1.08,0.14,3.20,1.20,1.20,0.12,0.16,0.00,0.00,0.00,0.00
2017-09-23 20:46:40,51.06,0.00,0.30,1.72,0.10,0.00,0.00,0.00,0.00,46.81,0.00,1994.60,1434.60,0.00,0.00,7216.80,12.00,137.80,0.00,2456.60,1806.20,0.00,1805.40,99.96,302.80,302.40,0.40,14433.60,24.00,131544,0,7527956,98.28,2860,2303232,7568932,98.82,6171816,1156676,184,5022540,124608,5168,15648,16948,0,0,0.00,0,0.00,2,632,1.54,1.90,1.83,0,302.80,14433.60,24.00,47.75,0.37,1.24,0.17,5.12,1.00,1.00,0.11,0.08,0.00,0.00,0.00,0.00
2017-09-23 20:46:45,53.49,0.00,7.89,0.91,0.00,0.00,0.00,0.00,0.00,37.71,0.00,1827.20,1218.60,0.00,0.00,4292.80,4.00,10.80,0.00,2331.60,1796.40,240.40,2036.80,100.00,198.40,198.00,0.40,8585.60,8.00,145796,0,7513704,98.10,2856,2284052,7568932,98.82,6168196,1145364,216,5026688,124600,5168,15648,16948,0,0,0.00,0,0.00,1,632,1.50,1.88,1.82,0,198.40,8585.60,8.00,43.31,0.23,1.15,0.15,2.96,1.00,1.00,0.11,0.08,0.00,0.00,0.00,0.00
2017-09-23 20:46:50,49.80,0.00,0.51,1.42,0.00,0.00,0.10,0.00,0.00,48.18,0.40,2086.60,1411.80,0.00,0.00,8490.40,4.00,21.60,0.00,1830.00,1803.20,0.00,1802.60,99.97,389.00,388.60,0.40,16980.80,8.00,139216,0,7520284,98.18,2864,2290480,7568932,98.82,6168040,1152024,268,5026760,124572,5176,15648,16948,0,0,0.00,0,0.00,1,633,1.46,1.87,1.82,0,389.00,16980.80,8.00,43.67,0.39,0.99,0.12,4.80,1.40,1.40,0.13,0.17,0.00,0.00,0.00,0.00
2017-09-23 20:46:55,50.36,0.00,0.41,0.91,0.00,0.00,0.00,0.00,0.00,48.32,0.00,1891.40,1185.00,0.00,0.00,4973.60,6.40,10.80,0.00,1825.20,1798.20,0.00,1798.20,100.00,215.60,215.20,0.40,9947.20,12.80,150244,0,7509256,98.04,2844,2279436,7568932,98.82,6167672,1141324,292,5026760,124448,5176,15648,16948,0,0,0.00,0,0.00,1,633,1.66,1.90,1.83,0,215.60,9947.20,12.80,46.20,0.24,1.09,0.14,2.96,1.40,1.40,0.15,0.11,0.00,0.00,0.00,0.00
2017-09-23 20:47:00,51.62,0.00,1.92,0.91,0.00,0.00,0.00,0.00,0.00,45.56,0.00,1839.20,1173.00,0.00,0.00,4302.40,3.20,11.80,0.00,24.40,0.00,0.00,0.00,0.00,192.40,192.00,0.40,8604.80,6.40,128700,0,7530800,98.32,2852,2300968,7568932,98.82,6167624,1162888,316,5026696,124448,5168,15648,16948,0,0,0.00,0,0.00,2,632,1.61,1.89,1.83,0,192.40,8604.80,6.40,44.76,0.22,1.15,0.15,2.88,1.40,1.40,0.15,0.11,0.00,0.00,0.00,0.00
2017-09-23 20:47:05,48.63,0.00,0.51,2.23,0.10,0.00,0.00,0.00,0.00,48.53,0.00,2119.80,1389.00,0.00,0.00,9407.20,34.40,16.40,0.00,2269.80,2237.40,0.00,2237.40,100.00,403.20,400.00,3.20,18814.40,68.80,126848,0,7532652,98.34,2860,2303280,7568932,98.82,6168028,1164752,300,5026696,124236,5168,15648,16948,0,0,0.00,0,0.00,3,632,1.56,1.87,1.82,0,403.20,18814.40,68.80,46.83,0.52,1.30,0.17,6.72,1.20,1.20,0.12,0.16,0.00,0.00,0.00,0.00
2017-09-23 20:47:10,49.49,0.00,0.41,1.52,0.00,0.00,0.00,0.00,0.00,48.58,0.00,1970.80,1269.40,0.00,0.00,7037.60,47.20,10.60,0.00,1836.80,1804.20,0.00,1804.20,100.00,305.00,303.20,1.80,14075.20,94.40,127808,0,7531692,98.33,2868,2302412,7568932,98.82,6168412,1163544,116,5026696,123988,5168,15648,16948,0,0,0.00,0,0.00,2,632,1.51,1.86,1.82,0,305.00,14075.20,94.40,46.46,0.37,1.21,0.16,4.80,1.00,1.00,0.11,0.08,0.00,0.00,0.00,0.00
2017-09-23 20:47:15,49.90,0.00,0.61,2.03,0.00,0.00,0.00,0.00,0.00,47.46,0.00,2133.60,1838.40,0.00,0.00,10135.20,8.80,11.60,0.00,3436.00,2237.20,214.40,2451.60,100.00,448.40,448.00,0.40,20270.40,17.60,123844,0,7535656,98.38,2868,2304088,7568932,98.82,6174332,1162060,188,5029456,123720,5168,15648,16948,0,0,0.00,0,0.00,2,632,1.47,1.85,1.81,0,448.40,20270.40,17.60,45.25,0.51,1.14,0.14,6.48,1.20,1.20,0.11,0.09,0.00,0.00,0.00,0.00
2017-09-23 20:47:20,49.90,0.00,0.51,1.01,0.10,0.00,0.00,0.00,0.00,48.48,0.00,1934.60,1341.40,0.00,0.00,4906.40,4.80,11.60,0.00,1948.40,1810.40,0.00,1810.40,100.00,222.00,221.60,0.40,9812.80,9.60,137496,0,7522004,98.20,2868,2292440,7568932,98.82,6174016,1150752,216,5029464,123448,5168,15648,16948,0,0,0.00,0,0.00,2,632,1.43,1.83,1.81,0,222.00,9812.80,9.60,44.25,0.26,1.16,0.14,3.12,1.20,1.20,0.12,0.16,0.00,0.00,0.00,0.00
2017-09-23 20:47:25,48.88,0.00,0.41,1.83,0.00,0.00,0.00,0.00,0.00,48.88,0.00,2146.00,1452.40,0.00,0.00,9885.60,4.00,10.40,0.00,3014.20,1840.80,0.00,1840.80,100.00,446.80,446.40,0.40,19771.20,8.00,125000,0,7534500,98.37,2868,2305084,7568932,98.82,6170756,1166620,244,5029468,123156,5168,15648,16948,0,0,0.00,0,0.00,3,632,1.48,1.83,1.81,0,446.80,19771.20,8.00,44.27,0.50,1.12,0.14,6.24,1.40,1.40,0.15,0.11,0.00,0.00,0.00,0.00
2017-09-23 20:47:30,53.19,0.00,0.61,1.31,0.00,0.00,0.00,0.00,0.00,44.89,0.00,1930.00,1253.00,0.00,0.00,5718.40,3.20,17.00,0.00,3016.60,2003.20,230.60,2233.80,100.00,247.60,247.20,0.40,11436.80,6.40,129592,0,7529908,98.31,2860,2289044,7568932,98.82,6176620,1155016,276,5039764,122780,5168,15668,16948,0,0,0.00,0,0.00,2,632,1.44,1.82,1.81,0,247.60,11436.80,6.40,46.22,0.30,1.23,0.16,3.84,1.40,1.40,0.15,0.11,0.00,0.00,0.00,0.00
2017-09-23 20:47:35,47.98,0.00,0.61,2.73,0.00,0.00,0.00,0.00,0.00,48.68,0.00,2089.20,1520.40,0.00,0.00,8691.20,30.40,16.20,0.00,1845.40,1788.80,0.00,1788.80,100.00,377.40,374.00,3.40,17382.40,60.80,122416,0,7537084,98.40,2844,2296772,7568932,98.82,6178588,1160740,268,5039768,122088,5168,15668,16948,0,0,0.00,0,0.00,2,632,1.41,1.81,1.80,0,377.40,17382.40,60.80,46.22,0.54,1.43,0.20,7.44,1.40,1.40,0.13,0.24,0.00,0.00,0.00,0.00
2017-09-23 20:47:40,49.85,0.00,0.20,1.12,0.00,0.00,0.00,0.00,0.00,48.83,0.00,1949.40,1223.00,0.00,0.00,5446.40,8.00,10.80,0.00,1923.80,1833.40,0.00,1833.40,100.00,243.20,242.80,0.40,10848.00,16.00,132700,0,7526800,98.27,2836,2287440,7568932,98.82,6178860,1151060,308,5039768,120704,5168,15668,16948,0,0,0.00,0,0.00,2,632,1.37,1.79,1.80,1,243.20,10848.00,16.00,44.67,0.30,1.21,0.15,3.68,1.20,1.20,0.11,0.09,0.00,0.00,0.00,0.00
2017-09-23 20:47:45,48.99,0.00,0.81,1.92,0.10,0.00,0.00,0.00,0.00,48.18,0.00,1992.40,1779.60,0.00,0.00,8293.60,42.40,11.20,0.00,3796.60,1793.00,214.40,2006.80,99.97,319.40,317.20,2.20,16632.00,84.80,135792,0,7523708,98.23,2840,2288684,7568932,98.82,6175300,1155872,120,5039772,117736,5168,15668,16948,0,0,0.00,0,0.00,2,632,1.34,1.78,1.79,0,319.40,16632.00,84.80,52.34,0.41,1.29,0.18,5.68,1.00,1.00,0.11,0.08,0.00,0.00,0.00,0.00
2017-09-23 20:47:50,49.29,0.00,0.51,2.03,0.00,0.00,0.00,0.00,0.00,48.17,0.40,2043.80,1327.80,0.00,0.00,8740.80,43.20,27.20,0.00,2340.00,2225.40,0.00,2225.40,100.00,342.60,337.40,5.20,17481.60,86.40,137156,0,7522344,98.21,2836,2287876,7568932,98.82,6176156,1154372,132,5039856,115968,5176,15668,16948,0,0,0.00,0,0.00,2,633,1.32,1.77,1.79,0,342.60,17481.60,86.40,51.28,0.42,1.21,0.17,5.92,1.20,1.20,0.12,0.16,0.00,0.00,0.00,0.00
2017-09-23 20:47:55,50.61,0.00,0.10,0.71,0.00,0.00,0.00,0.00,0.00,48.58,0.00,1737.40,1038.40,0.00,0.00,3001.60,17.60,10.60,0.00,20.80,0.00,0.00,0.00,0.00,92.40,91.80,0.60,6003.20,35.20,122152,0,7537348,98.41,2848,2303000,7568932,98.82,6176308,1169380,236,5039860,115976,5176,15668,16948,0,0,0.00,0,0.00,3,633,1.29,1.75,1.78,0,92.40,6003.20,35.20,65.35,0.11,1.20,0.23,2.08,1.40,1.40,0.15,0.11,0.00,0.00,0.00,0.00
2017-09-23 20:48:00,50.56,0.00,0.10,0.71,0.10,0.00,0.00,0.00,0.00,48.53,0.00,1773.40,1076.00,0.00,0.00,2906.40,49.60,16.60,0.00,1841.00,1803.60,0.00,1803.60,100.00,125.80,119.40,6.40,5812.80,99.20,143800,0,7515700,98.12,2560,2281760,7568932,98.82,6176364,1147708,104,5039800,115720,5168,15668,16948,0,0,0.00,0,0.00,5,632,1.27,1.74,1.78,0,125.80,5812.80,99.20,47.00,0.18,1.44,0.18,2.24,1.00,1.00,0.11,0.08,0.00,0.00,0.00,0.00
2017-09-23 20:48:05,50.86,0.00,1.32,2.14,0.00,0.00,0.00,0.00,0.00,45.68,0.00,2085.00,1654.00,0.00,0.00,10153.60,12.00,2782.20,0.00,9285.60,2559.80,3401.20,5961.00,100.00,388.60,388.20,0.40,20307.20,24.00,115108,0,7544392,98.50,2556,2213340,7568932,98.82,6227716,1126264,184,5138112,114692,5168,15860,16948,0,0,0.00,0,0.00,1,632,1.25,1.73,1.78,0,388.60,20307.20,24.00,52.32,0.43,1.12,0.17,6.64,1.60,1.60,0.16,0.19,0.00,0.00,0.00,0.00
2017-09-23 20:48:10,47.71,0.00,0.31,3.06,0.00,0.00,0.00,0.00,0.00,48.93,0.00,2110.20,1404.40,0.00,0.00,9993.60,43.20,15.60,0.00,4342.60,4284.20,0.00,4278.00,99.86,427.80,421.80,6.00,19987.20,86.40,151292,0,7508208,98.02,608,2179728,7568932,98.82,6226496,1091920,92,5138116,113832,5168,15860,16948,0,0,0.00,0,0.00,2,632,1.23,1.72,1.77,0,427.80,19987.20,86.40,46.92,0.63,1.46,0.20,8.64,1.20,1.20,0.11,0.09,0.00,0.00,0.00,0.00
2017-09-23 20:48:15,48.78,0.00,0.41,1.93,0.00,0.00,0.00,0.00,0.00,48.88,0.00,1912.80,1211.40,0.00,0.00,5723.20,9.60,11.00,0.00,21.00,0.00,0.00,0.00,0.00,257.00,256.60,0.40,11446.40,19.20,122672,0,7536828,98.40,616,2208372,7568932,98.82,6226572,1120500,180,5138116,113832,5168,15860,16948,0,0,0.00,0,0.00,1,632,1.21,1.71,1.77,0,257.00,11446.40,19.20,44.61,0.41,1.58,0.21,5.28,1.00,1.00,0.11,0.08,0.00,0.00,0.00,0.00
2017-09-23 20:48:20,52.49,0.00,5.60,2.64,0.00,0.00,0.00,0.00,0.00,39.27,0.00,1995.80,1390.40,0.00,0.00,10197.60,5.60,18.60,0.00,4466.00,4299.80,0.00,4299.80,100.00,382.20,381.80,0.40,20395.20,11.20,158064,0,7501436,97.94,560,2173516,7568932,98.82,6224748,1089476,220,5140264,113016,5168,15864,16948,0,0,0.00,0,0.00,1,632,1.19,1.69,1.76,0,382.20,20395.20,11.20,53.39,0.51,1.34,0.20,7.68,1.20,1.20,0.12,0.16,0.00,0.00,0.00,0.00
2017-09-23 20:48:25,50.05,0.00,0.10,1.01,0.00,0.00,0.00,0.00,0.00,48.84,0.00,1819.40,1263.20,0.00,0.00,3595.20,4.80,12.00,0.00,20.60,0.00,0.00,0.00,0.00,145.40,145.00,0.40,7190.40,9.60,141048,0,7518452,98.16,568,2191448,7568932,98.82,6228492,1103764,248,5140284,113000,5168,15864,16948,0,0,0.00,0,0.00,1,632,1.18,1.68,1.76,0,145.40,7190.40,9.60,49.52,0.19,1.30,0.19,2.80,1.20,1.20,0.13,0.10,0.00,0.00,0.00,0.00
2017-09-23 20:48:30,48.07,0.00,0.61,3.14,0.10,0.00,0.00,0.00,0.00,48.07,0.00,2229.00,1844.80,0.00,0.00,13016.00,4.80,11.40,0.00,3553.60,3466.00,0.00,3465.20,99.98,517.00,516.60,0.40,26032.00,9.60,145832,0,7513668,98.10,536,2187168,7568932,98.82,6228712,1099328,272,5140296,111636,5168,15864,16948,0,0,0.00,0,0.00,1,632,1.16,1.67,1.76,0,517.00,26032.00,9.60,50.37,0.64,1.23,0.18,9.28,1.00,1.00,0.11,0.08,0.00,0.00,0.00,0.00
2017-09-23 20:48:35,48.48,0.00,0.30,2.64,0.00,0.00,0.00,0.00,0.00,48.58,0.00,1979.00,1474.00,0.00,0.00,8973.60,3.20,11.40,0.00,2635.20,2580.80,0.00,2580.80,100.00,301.80,301.40,0.40,17947.20,6.40,153372,0,7506128,98.00,540,2180572,7568932,98.82,6226612,1094752,300,5140300,110996,5168,15864,16948,0,0,0.00,0,0.00,1,632,1.31,1.69,1.76,0,301.80,17947.20,6.40,59.49,0.44,1.46,0.24,7.28,1.60,1.60,0.16,0.19,0.00,0.00,0.00,0.00
2017-09-23 20:48:40,46.45,0.00,0.30,4.36,0.10,0.00,0.00,0.00,0.00,48.78,0.00,2044.60,1498.60,0.00,0.00,10250.40,33.60,15.00,0.00,1984.40,1938.20,0.00,1938.20,100.00,374.60,371.20,3.40,20500.80,67.20,141320,0,7518180,98.15,544,2193080,7568932,98.82,6226708,1107168,276,5140304,110476,5168,15864,16948,0,0,0.00,0,0.00,1,632,1.28,1.68,1.76,0,374.60,20500.80,67.20,54.91,0.75,1.99,0.29,11.04,1.00,1.00,0.11,0.08,0.00,0.00,0.00,0.00
2017-09-23 20:48:45,47.97,0.00,0.51,3.55,0.00,0.00,0.10,0.00,0.00,47.87,0.00,2008.80,1332.40,0.00,0.00,10420.80,39.20,12.00,0.00,2691.80,2583.80,0.00,2583.60,99.99,341.60,340.00,1.60,20841.60,78.40,142940,0,7516560,98.13,528,2193528,7568932,98.82,6225908,1108344,108,5140316,108708,5168,15864,16948,0,0,0.00,0,0.00,3,632,1.26,1.67,1.75,0,341.60,20841.60,78.40,61.24,0.54,1.57,0.28,9.44,1.00,1.00,0.11,0.08,0.00,0.00,0.00,0.00
2017-09-23 20:48:50,49.59,0.00,0.30,1.93,0.00,0.00,0.00,0.00,0.00,48.17,0.40,1865.60,1142.20,0.00,0.00,6095.20,44.00,27.20,0.40,1778.40,1742.00,0.00,1742.00,100.00,172.60,167.20,5.40,12190.40,88.00,146852,0,7512648,98.08,532,2189280,7568932,98.82,6225996,1104168,100,5140384,108716,5176,15864,16948,0,0,0.00,0,0.00,1,633,1.24,1.66,1.75,0,172.60,12190.40,88.00,71.14,0.23,1.35,0.30,5.12,1.20,1.20,0.12,0.16,0.00,0.00,0.00,0.00
2017-09-23 20:48:55,48.32,0.00,0.10,2.64,0.00,0.00,0.00,0.00,0.00,48.93,0.00,2029.60,1304.60,0.00,0.00,8776.00,9.60,11.40,0.00,2623.20,2592.60,0.00,2592.60,100.00,321.20,320.80,0.40,17552.00,19.20,155224,0,7504276,97.97,524,2181288,7568932,98.82,6226012,1096136,188,5140388,108344,5176,15864,16948,0,0,0.00,0,0.00,1,633,1.22,1.65,1.75,0,321.20,17552.00,19.20,54.70,0.50,1.56,0.22,7.20,1.40,1.40,0.15,0.11,0.00,0.00,0.00,0.00
2017-09-23 20:49:00,51.06,0.00,0.10,0.61,0.00,0.00,0.00,0.00,0.00,48.23,0.00,1821.20,1072.00,0.00,0.00,2867.20,4.80,11.80,0.00,692.20,0.00,0.00,0.00,0.00,126.00,125.60,0.40,5734.40,9.60,154128,0,7505372,97.99,532,2195688,7551024,98.58,6212616,1110484,232,5126980,108344,5168,15840,16948,0,0,0.00,0,0.00,1,632,1.20,1.64,1.74,0,126.00,5734.40,9.60,45.59,0.16,1.27,0.16,2.00,1.00,1.00,0.11,0.08,0.00,0.00,0.00,0.00
2017-09-23 20:49:05,52.93,0.00,0.51,1.11,0.10,0.00,0.00,0.00,0.00,45.35,0.00,1783.40,1089.40,0.00,0.00,2865.60,4.80,2676.40,0.00,3860.20,3378.20,296.40,3674.60,100.00,109.00,108.60,0.40,5731.20,9.60,148740,0,7510760,98.06,532,2136520,7551024,98.58,6253648,1075888,264,5192512,108184,5168,15968,16948,0,0,0.00,0,0.00,1,632,1.19,1.63,1.74,0,109.00,5731.20,9.60,52.67,0.18,1.65,0.25,2.72,1.80,1.80,0.17,0.20,0.00,0.00,0.00,0.00
2017-09-23 20:49:10,47.15,0.00,0.10,3.87,0.00,0.00,0.00,0.00,0.00,48.88,0.00,2051.40,1314.60,0.00,0.00,10222.40,4.80,10.60,0.00,1723.60,1701.00,0.00,1701.00,100.00,385.40,385.00,0.40,20444.80,9.60,130736,0,7528764,98.29,532,2153640,7551024,98.58,6253608,1093064,284,5192512,108128,5168,15968,16948,0,0,0.00,0,0.00,1,632,1.17,1.62,1.73,0,385.40,20444.80,9.60,53.07,0.67,1.74,0.26,10.08,1.00,1.00,0.11,0.08,0.00,0.00,0.00,0.00
2017-09-23 20:49:15,49.75,0.00,0.30,1.32,0.00,0.00,0.00,0.00,0.00,48.63,0.00,1849.00,1121.60,0.00,0.00,4300.80,3.20,10.60,0.00,2143.00,2106.60,0.00,2106.60,100.00,192.60,192.20,0.40,8601.60,6.40,151576,0,7507924,98.02,532,2133044,7551024,98.58,6253520,1072560,312,5192516,107796,5168,15968,16948,0,0,0.00,0,0.00,1,632,1.16,1.61,1.73,0,192.60,8601.60,6.40,44.69,0.29,1.48,0.20,3.84,1.00,1.00,0.11,0.08,0.00,0.00,0.00,0.00
2017-09-23 20:49:20,52.27,0.00,0.30,1.01,0.00,0.00,0.00,0.00,0.00,46.42,0.00,1785.40,1106.80,0.00,0.00,2868.00,33.60,17.00,0.00,23.40,0.00,0.00,0.00,0.00,131.40,128.20,3.20,5736.00,67.20,137348,0,7522152,98.21,540,2147460,7551024,98.58,6253540,1086864,300,5192524,107788,5168,15968,16948,0,0,0.00,0,0.00,1,632,1.15,1.60,1.73,0,131.40,5736.00,67.20,44.16,0.19,1.45,0.19,2.56,1.20,1.20,0.12,0.16,0.00,0.00,0.00,0.00
2017-09-23 20:49:25,50.05,0.00,0.10,0.81,0.00,0.00,0.00,0.00,0.00,49.04,0.00,1808.60,1257.60,0.00,0.00,2867.20,48.80,10.80,0.00,21.20,0.00,0.00,0.00,0.00,129.20,126.80,2.40,5734.40,97.60,123784,0,7535716,98.38,548,2161772,7551024,98.58,6253540,1101288,112,5192512,107804,5168,15968,16948,0,0,0.00,0,0.00,3,632,1.13,1.59,1.72,0,129.20,5734.40,97.60,45.14,0.26,2.02,0.46,5.92,1.40,1.40,0.15,0.11,0.00,0.00,0.00,0.00
2017-09-23 20:49:30,48.38,0.00,0.81,3.33,0.10,0.00,0.00,0.00,0.00,47.37,2.20,2027.40,1529.00,0.00,0.00,7884.80,7.20,731.20,7.00,2347.20,2108.80,0.00,2108.80,100.00,311.20,310.80,0.40,15769.60,14.40,125808,0,7533692,98.36,1416,2158180,7551024,98.58,6254632,1097444,168,5192512,107696,5168,15968,16948,0,0,0.00,0,0.00,1,632,1.12,1.58,1.72,0,311.20,15769.60,14.40,50.72,0.52,1.66,0.25,7.84,1.20,1.20,0.17,0.15,0.00,0.00,0.00,0.00
2017-09-23 20:49:35,49.75,0.00,0.41,1.42,0.00,0.00,0.00,0.00,0.00,48.43,0.00,1806.00,1237.00,0.00,0.00,4684.80,4.80,12.60,0.00,1961.80,1895.60,0.00,1895.60,100.00,95.20,94.80,0.40,9369.60,9.60,141176,0,7518324,98.16,1408,2143732,7551024,98.58,6254648,1083000,220,5192520,106820,5168,15968,16948,0,0,0.00,0,0.00,2,632,1.11,1.57,1.72,0,95.20,9369.60,9.60,98.52,0.15,1.61,0.41,3.92,1.60,1.60,0.16,0.19,0.00,0.00,0.00,0.00
2017-09-23 20:49:40,49.09,0.00,0.30,3.34,0.00,0.00,0.00,0.00,0.00,47.27,0.00,1975.00,1427.40,0.00,0.00,7064.00,5.60,11.20,0.00,1721.20,1699.80,0.00,1699.80,100.00,298.20,297.80,0.40,14128.00,11.20,140812,0,7518688,98.16,1400,2145100,7551024,98.58,6255124,1083836,268,5192508,106824,5168,15968,16948,0,0,0.00,0,0.00,1,632,1.10,1.56,1.71,0,298.20,14128.00,11.20,47.42,0.57,1.90,0.28,8.24,1.00,1.00,0.11,0.08,0.00,0.00,0.00,0.00
2017-09-23 20:49:45,49.59,0.00,0.30,1.32,0.10,0.00,0.00,0.00,0.00,48.68,0.00,1921.80,1440.40,0.00,0.00,5934.40,3.20,10.40,0.00,1764.00,1701.40,0.00,1701.40,100.00,205.60,205.20,0.40,11868.80,6.40,145276,0,7514224,98.10,1400,2140756,7551024,98.58,6255140,1079412,292,5192508,105972,5168,15968,16948,0,0,0.00,0,0.00,1,632,1.10,1.55,1.71,0,205.60,11868.80,6.40,57.76,0.26,1.26,0.21,4.24,1.00,1.00,0.11,0.08,0.00,0.00,0.00,0.00
2017-09-23 20:49:50,47.91,0.00,0.31,2.85,0.00,0.00,0.00,0.00,0.00,48.93,0.40,2215.00,1506.20,0.00,0.00,12855.20,30.40,26.00,0.00,2174.00,2109.80,0.00,2109.80,100.00,503.40,500.40,3.00,25640.00,60.80,123328,0,7536172,98.39,1392,2162952,7551024,98.58,6255244,1101696,268,5192584,105208,5176,15968,16948,0,0,0.00,0,0.00,0,633,1.09,1.54,1.70,1,504.20,25665.60,60.80,51.02,0.62,1.22,0.17,8.64,1.20,1.20,0.12,0.16,0.00,0.00,0.00,0.00
2017-09-23 20:49:55,49.44,0.00,0.61,2.44,0.00,0.00,0.00,0.00,0.00,47.51,0.00,2024.20,1398.00,0.00,0.00,10500.00,9.60,12.20,0.00,4351.60,4235.80,0.00,4235.80,100.00,396.40,395.80,0.60,21070.40,19.20,157464,0,7502036,97.94,1400,2130700,7551024,98.58,6255000,1069660,332,5192584,103324,5176,15968,16948,0,0,0.00,0,0.00,1,633,1.08,1.53,1.70,0,395.60,21044.80,19.20,53.25,0.48,1.22,0.18,7.12,1.40,1.40,0.15,0.11,0.00,0.00,0.00,0.00
2017-09-23 20:50:00,48.58,0.00,0.61,1.93,0.10,0.00,0.00,0.00,0.00,48.78,0.00,1981.80,1265.80,0.00,0.00,7152.00,64.00,11.20,0.00,18923.00,0.00,0.00,0.00,0.00,301.60,297.00,4.60,14304.00,128.00,499424,0,7160076,93.48,1608,1796368,7551024,98.58,6247544,742740,148,5192516,95616,5168,15968,16948,0,0,0.00,0,0.00,1,632,1.08,1.52,1.70,0,301.60,14304.00,128.00,47.85,0.40,1.34,0.19,5.60,1.00,1.00,0.11,0.08,0.00,0.00,0.00,0.00
2017-09-23 20:50:05,49.54,0.00,2.33,0.30,0.00,0.00,0.00,0.00,0.00,47.83,0.00,1719.60,1012.40,0.00,0.00,58.40,32.00,21.20,0.00,64461.80,0.00,0.00,0.00,0.00,10.80,9.60,1.20,116.80,64.00,1702580,0,5956920,77.77,1636,635420,7551024,98.58,5698016,133652,82744,5194756,51004,5168,15968,16948,0,0,0.00,0,0.00,3,632,1.07,1.51,1.69,0,10.80,116.80,64.00,16.74,0.01,0.74,0.59,0.64,1.80,1.80,0.17,0.20,0.00,0.00,0.00,0.00
