timestamp,cpu.%usr,cpu.%nice,cpu.%sys,cpu.%iowait,cpu.%steal,cpu.%irq,cpu.%soft,cpu.%guest,cpu.%gnice,cpu.%idle,task.proc/s,task.cswch/s,intr.intr/s,swap.pswpin/s,swap.pswpout/s,paging.pgpgin/s,paging.pgpgout/s,paging.fault/s,paging.majflt/s,paging.pgfree/s,paging.pgscank/s,paging.pgscand/s,paging.pgsteal/s,paging.%vmeff,io.tps,io.rtps,io.wtps,io.bread/s,io.bwrtn/s,memory.kbmemfree,memory.kbavail,memory.kbmemused,memory.%memused,memory.kbbuffers,memory.kbcached,memory.kbcommit,memory.%commit,memory.kbactive,memory.kbinact,memory.kbdirty,memory.kbanonpg,memory.kbslab,memory.kbkstack,memory.kbpgtbl,memory.kbvmused,swap.kbswpfree,swap.kbswpused,swap.%swpused,swap.kbswpcad,swap.%swpcad,load.runq-sz,load.plist-sz,load.ldavg-1,load.ldavg-5,load.ldavg-15,load.blocked,disk.tps,disk.rd_sec/s,disk.wr_sec/s,disk.avgrq-sz,disk.avgqu-sz,disk.await,disk.svctm,disk.%util,network.rxpck/s,network.txpck/s,network.rxkB/s,network.txkB/s,network.rxcmp/s,network.txcmp/s,network.rxmcst/s,network.%ifutil
2018-01-06 00:51:42,0.20,0.00,0.15,1.05,0.05,0.00,0.00,0.00,0.00,98.55,0.20,296.00,369.40,0.00,0.00,0.80,24948.00,654.00,0.00,3874.40,0.00,0.00,0.00,0.00,177.00,0.20,176.80,1.60,44915.20,15014596,0,1418544,8.63,18500,651132,1278092,7.78,708864,540056,366196,579308,53068,2232,3504,31404,0,0,0.00,0,0.00,0,266,3.01,3.31,3.66,0,177.40,1.60,45017.60,253.77,7.26,37.14,0.30,5.28,3.20,4.80,0.33,0.69,0.00,0.00,0.00,0.00
2018-01-06 00:51:47,1.55,0.00,1.05,0.00,0.05,0.00,0.00,0.00,0.00,97.34,28.80,611.80,572.60,0.00,0.00,4.80,32.80,15487.40,0.00,7564.40,0.00,0.00,0.00,0.00,21.60,1.20,20.40,9.60,5046.40,15057848,0,1375292,8.37,18520,599328,1291976,7.86,717056,488664,365968,587876,53068,2288,4508,31404,0,0,0.00,0,0.00,0,272,2.77,3.25,3.64,0,21.20,9.60,4944.00,233.66,0.77,67.85,0.94,2.00,14.80,16.60,3.17,2.91,0.00,0.00,0.00,0.00
2018-01-06 00:51:52,1.11,0.00,0.55,1.31,0.10,0.00,0.30,0.00,0.00,96.63,0.80,1345.00,1724.60,0.00,0.00,1.60,24912.00,27.20,0.00,7239.00,0.00,0.00,0.00,0.00,195.60,0.40,195.20,3.20,49824.00,14980204,0,1452936,8.84,18524,677028,1291976,7.86,721340,562084,319144,587884,53012,2288,4508,31404,0,0,0.00,0,0.00,0,272,2.55,3.20,3.62,0,195.60,3.20,49824.00,254.74,8.99,45.94,0.37,7.20,1800.00,721.00,15653.07,51.08,0.00,0.00,0.00,1.28
2018-01-06 00:51:57,9.98,0.00,1.05,0.40,0.05,0.00,0.00,0.00,0.00,88.52,27.00,905.00,836.60,0.00,0.00,0.00,12487.20,9187.40,0.00,1130.20,0.00,0.00,0.00,0.00,99.40,0.00,99.40,0.00,24974.40,14858152,0,1574988,9.58,18556,677596,2349152,14.30,834120,562780,257692,706784,53760,2384,5624,31404,0,0,0.00,0,0.00,4,353,2.34,3.14,3.60,0,99.40,0.00,24974.40,251.25,3.68,36.99,0.31,3.04,25.80,24.60,75.00,2.94,0.00,0.00,0.00,0.01
2018-01-06 00:52:02,97.10,0.00,2.45,0.00,0.00,0.00,0.00,0.00,0.00,0.45,6.40,2059.00,1711.40,0.00,0.00,2.40,35884.80,15029.60,0.00,8934.40,0.00,0.00,0.00,0.00,290.80,0.60,290.20,4.80,71769.60,14441668,0,1991472,12.12,18576,678164,2397596,14.59,1253836,563024,79080,1120200,54720,3048,7176,31404,0,0,0.00,0,0.00,8,371,2.23,3.11,3.59,0,290.80,4.80,71769.60,246.82,30.27,104.10,0.81,23.68,12.00,16.20,1.42,2.47,0.00,0.00,0.00,0.00
2018-01-06 00:52:07,97.45,0.00,2.25,0.00,0.00,0.00,0.20,0.00,0.00,0.10,8.20,3968.60,2184.20,0.00,0.00,0.00,47.20,1597.40,0.00,772.20,0.00,0.00,0.00,0.00,1.00,0.00,1.00,0.00,94.40,13996736,0,2436404,14.83,18588,678448,2446608,14.89,1695348,563360,79560,1561676,55608,3280,8124,31404,0,0,0.00,0,0.00,6,393,2.78,3.21,3.62,0,1.00,0.00,94.40,94.40,0.00,0.00,0.00,0.00,14.60,20.20,3.78,2.75,0.00,0.00,0.00,0.00
2018-01-06 00:52:12,98.45,0.00,1.45,0.00,0.00,0.00,0.10,0.00,0.00,0.00,0.00,2999.60,1871.20,0.00,0.00,0.00,45.60,89.80,0.00,372.20,0.00,0.00,0.00,0.00,1.20,0.00,1.20,0.00,91.20,14000680,0,2432460,14.80,18596,678472,2446608,14.89,1691172,563376,79428,1557504,55728,3232,8124,31404,0,0,0.00,0,0.00,7,390,2.87,3.22,3.62,0,1.20,0.00,91.20,76.00,0.04,36.00,18.00,2.16,6.00,9.00,0.51,2.57,0.00,0.00,0.00,0.00
2018-01-06 00:52:17,99.00,0.00,0.95,0.00,0.00,0.00,0.00,0.00,0.00,0.05,0.00,727.80,1277.40,0.00,0.00,0.00,12.80,29.60,0.00,63.60,0.00,0.00,0.00,0.00,0.40,0.00,0.40,0.00,25.60,13941264,0,2491876,15.16,18604,738788,2446608,14.89,1750892,563420,139752,1557200,56888,3200,8124,31404,0,0,0.00,0,0.00,5,386,3.04,3.25,3.63,0,0.40,0.00,25.60,64.00,0.00,0.00,0.00,0.00,6.20,9.20,0.49,2.03,0.00,0.00,0.00,0.00
2018-01-06 00:52:22,98.25,0.00,1.65,0.00,0.00,0.00,0.05,0.00,0.00,0.05,1.60,1056.00,1309.60,0.00,0.00,0.00,15.20,130.60,0.00,68.20,0.00,0.00,0.00,0.00,0.60,0.00,0.60,0.00,30.40,13789896,0,2643244,16.08,18612,885016,2446608,14.89,1898060,563488,285976,1558616,60580,3200,8124,31404,0,0,0.00,0,0.00,7,391,3.20,3.28,3.63,0,0.60,0.00,30.40,50.67,0.00,0.00,0.00,0.00,6.60,10.00,0.56,2.98,0.00,0.00,0.00,0.00
2018-01-06 00:52:27,98.40,0.00,1.50,0.05,0.00,0.00,0.00,0.00,0.00,0.05,0.80,1432.40,1486.20,0.00,0.00,0.80,15607.20,110.60,0.00,427.20,0.00,0.00,0.00,0.00,123.20,0.20,123.00,1.60,31214.40,13677260,0,2755880,16.77,18620,991840,2446608,14.89,2008756,563532,314912,1561912,63168,3248,8148,31404,0,0,0.00,0,0.00,5,392,3.27,3.29,3.64,0,123.20,1.60,31214.40,253.38,5.97,48.44,1.21,14.96,6.00,9.00,0.51,2.59,0.00,0.00,0.00,0.00
2018-01-06 00:52:32,88.18,0.00,3.05,0.05,0.05,0.00,0.00,0.00,0.00,8.66,21.20,1958.00,1591.40,0.00,0.00,0.00,178.40,10381.60,0.00,47669.20,0.00,0.00,0.00,0.00,10.40,0.00,10.40,0.00,356.80,14237976,0,2195164,13.36,18640,930256,2391116,14.55,1451060,563228,252860,1065300,61164,2944,6764,31404,0,0,0.00,0,0.00,10,354,3.32,3.30,3.64,0,10.40,0.00,356.80,34.31,0.01,1.31,0.08,0.08,23.60,25.20,3.89,4.09,0.00,0.00,0.00,0.00
2018-01-06 00:52:37,96.24,0.00,2.70,0.00,0.00,0.00,0.10,0.00,0.00,0.95,11.80,2524.00,1707.20,0.00,0.00,0.00,787.20,8630.80,0.00,7526.00,0.00,0.00,0.00,0.00,12.00,0.00,12.00,0.00,1574.40,13791904,0,2641236,16.07,18652,972864,2456440,14.95,1890884,566788,292096,1466444,62824,3240,7472,31404,0,0,0.00,0,0.00,7,395,3.86,3.41,3.67,0,12.00,0.00,1574.40,131.20,0.03,2.67,0.27,0.32,510.40,240.20,4294.49,17.76,0.00,0.00,0.00,0.35
2018-01-06 00:52:42,88.38,0.00,1.76,0.00,0.05,0.00,0.15,0.00,0.00,9.66,11.40,3089.80,2410.40,0.00,0.00,0.00,328.00,8041.20,0.00,20446.20,0.00,0.00,0.00,0.00,3.20,0.00,3.20,0.00,656.00,13954452,0,2478688,15.08,18672,908436,2461744,14.98,1729544,568328,226256,1370796,61204,3216,7712,31404,0,0,0.00,0,0.00,13,399,3.71,3.39,3.66,0,3.20,0.00,656.00,205.00,0.01,2.00,0.50,0.16,15.80,20.00,2.66,3.41,0.00,0.00,0.00,0.00
2018-01-06 00:52:47,58.76,0.00,1.00,0.00,0.05,0.00,0.15,0.00,0.00,40.04,0.00,973.40,1270.40,0.00,0.00,0.00,1011.20,194.00,0.00,2318.80,0.00,0.00,0.00,0.00,9.00,0.00,9.00,0.00,2022.40,13872132,0,2561008,15.58,18684,971872,2461744,14.98,1804864,573160,284740,1387400,62540,3288,7784,31404,0,0,0.00,0,0.00,2,396,3.65,3.38,3.66,0,9.00,0.00,2022.40,224.71,0.03,3.20,0.36,0.32,502.20,234.80,4290.35,17.90,0.00,0.00,0.00,0.35
2018-01-06 00:52:52,54.82,0.00,0.95,0.05,0.00,0.00,0.10,0.00,0.00,44.08,1.60,980.80,1360.80,0.00,0.00,0.00,974.40,223.60,0.00,1022.40,0.00,0.00,0.00,0.00,8.40,0.00,8.40,0.00,1948.80,13787932,0,2645208,16.10,18692,1052232,2461744,14.98,1882760,577904,360788,1389488,64332,3328,7800,31404,0,0,0.00,0,0.00,2,401,3.52,3.36,3.65,0,8.40,0.00,1948.80,232.00,0.01,1.33,0.38,0.32,224.20,222.00,1359.78,975.27,0.00,0.00,0.00,0.11
2018-01-06 00:52:57,57.82,0.00,2.47,1.66,0.10,0.00,0.05,0.00,0.00,37.89,16.00,1810.20,2312.20,0.00,0.00,1.60,32812.00,10051.20,0.00,34375.40,0.00,0.00,0.00,0.00,259.60,0.40,259.20,3.20,65624.00,14074096,0,2359044,14.36,18712,1013544,2464720,15.00,1580752,596212,160088,1144904,63236,3104,7016,31404,0,0,0.00,0,0.00,5,381,3.40,3.34,3.64,0,259.60,3.20,65624.00,252.80,14.91,57.42,0.52,13.44,192.60,410.00,15.34,3286.95,0.00,0.00,0.00,0.27
2018-01-06 00:53:02,28.92,0.00,0.85,0.00,0.10,0.00,0.05,0.00,0.00,70.08,6.80,1085.00,1059.60,0.00,0.00,0.00,1517.60,4378.40,0.00,9226.60,0.00,0.00,0.00,0.00,13.40,0.00,13.40,0.00,3035.20,13976472,0,2456668,14.95,18724,1013860,2481536,15.10,1657400,610492,153076,1239444,63696,3368,7540,31404,0,0,0.00,0,0.00,0,407,3.53,3.37,3.65,0,13.40,0.00,3035.20,226.51,0.05,4.00,0.42,0.56,1151.80,483.80,9932.58,34.84,0.00,0.00,0.00,0.81
2018-01-06 00:53:07,2.07,0.00,0.56,0.91,0.05,0.00,0.20,0.00,0.00,96.20,0.20,1304.60,1587.20,0.00,0.00,0.80,12056.00,55.20,0.00,9709.20,0.00,0.00,0.00,0.00,104.00,0.20,103.80,1.60,24112.00,13922680,0,2510460,15.28,18732,1013948,2481536,15.10,1714988,610520,92992,1292932,63768,3368,7644,31404,0,0,0.00,0,0.00,0,408,3.25,3.31,3.63,0,104.00,1.60,24112.00,231.86,4.32,41.52,0.38,4.00,1703.40,1041.20,14447.86,224.19,0.00,0.00,0.00,1.18
2018-01-06 00:53:12,1.53,0.00,0.25,0.00,0.15,0.00,0.05,0.00,0.00,98.02,0.40,2463.00,3104.00,0.00,0.00,0.00,3206.40,19.00,0.00,4935.80,0.00,0.00,0.00,0.00,29.80,0.00,29.80,0.00,6412.80,13939256,0,2493884,15.18,18740,996956,2481536,15.10,1666380,642372,77336,1293164,62964,3392,7644,31404,0,0,0.00,0,0.00,0,410,2.99,3.26,3.61,0,29.80,0.00,6412.80,215.19,0.07,2.44,0.38,1.12,991.80,3356.40,65.46,29311.29,0.00,0.00,0.00,2.40
2018-01-06 00:53:17,1.53,0.00,0.41,0.00,0.10,0.00,0.00,0.00,0.00,97.97,0.00,2136.80,2449.00,0.00,0.00,0.00,1836.00,43.60,0.00,6498.20,0.00,0.00,0.00,0.00,16.00,0.00,16.00,0.00,3672.00,13881084,0,2552056,15.53,18748,987828,2481536,15.10,1668836,661640,68056,1360776,62368,3392,7644,31404,0,0,0.00,0,0.00,0,410,2.83,3.22,3.60,0,16.00,0.00,3672.00,229.50,0.05,3.05,0.40,0.64,648.00,2199.80,42.93,19160.79,0.00,0.00,0.00,1.57
2018-01-06 00:53:22,1.21,0.00,0.10,0.00,0.05,0.00,0.00,0.00,0.00,98.64,0.00,923.60,804.60,0.00,0.00,0.00,37.60,10.60,0.00,450.80,0.00,0.00,0.00,0.00,0.60,0.00,0.60,0.00,75.20,13881060,0,2552080,15.53,18748,987852,2481536,15.10,1705720,661668,67912,1360796,62392,3392,7776,31404,0,0,0.00,0,0.00,0,408,2.60,3.16,3.58,0,0.60,0.00,75.20,125.33,0.04,61.33,30.67,1.84,104.40,355.80,7.40,2982.56,0.00,0.00,0.00,0.24
2018-01-06 00:53:27,8.35,0.00,0.35,0.45,0.00,0.00,0.10,0.00,0.00,90.74,0.00,904.40,1088.40,0.00,0.00,0.00,13444.80,28.20,0.00,3652.60,0.00,0.00,0.00,0.00,105.80,0.00,105.80,0.00,26889.60,13885284,0,2547856,15.50,18760,986704,2481536,15.10,1690720,673956,8312,1359772,61884,3368,7776,31404,0,0,0.00,0,0.00,4,389,2.39,3.11,3.56,3,105.80,0.00,26889.60,254.16,3.86,36.51,0.29,3.12,721.00,775.20,4078.07,4268.79,0.00,0.00,0.00,0.35
2018-01-06 00:53:32,96.85,0.00,2.55,0.00,0.00,0.00,0.05,0.00,0.00,0.55,1.60,817.60,1340.00,0.00,0.00,0.00,120.80,197.60,0.00,763.60,0.00,0.00,0.00,0.00,8.20,0.00,8.20,0.00,241.60,13648748,0,2784392,16.94,18764,1197160,2481536,15.10,1922596,674208,218160,1381372,66588,3080,7816,31404,0,0,0.00,0,0.00,10,379,2.68,3.16,3.57,1,8.20,0.00,241.60,29.46,0.01,0.98,0.10,0.08,64.00,56.00,453.50,6.79,0.00,0.00,0.00,0.04
2018-01-06 00:53:37,98.10,0.00,1.85,0.00,0.00,0.00,0.05,0.00,0.00,0.00,4.20,3593.40,1904.00,0.00,0.00,0.00,32.80,9824.20,0.00,7846.20,0.00,0.00,0.00,0.00,1.20,0.00,1.20,0.00,65.60,13482080,0,2951060,17.96,18772,1210304,2546812,15.50,2064096,697168,237140,1533032,67192,3304,8104,31404,0,0,0.00,0,0.00,6,399,3.35,3.29,3.61,0,1.20,0.00,65.60,54.67,0.00,0.00,0.00,0.00,103.00,339.20,7.35,2834.57,0.00,0.00,0.00,0.23
2018-01-06 00:53:42,97.40,0.00,2.20,0.00,0.00,0.00,0.25,0.00,0.00,0.15,2.20,5560.60,2298.60,0.00,0.00,0.00,51.20,517.60,0.00,4544.60,0.00,0.00,0.00,0.00,5.20,0.00,5.20,0.00,102.40,13424768,0,3008372,18.31,18780,1293132,2546812,15.50,2042016,775484,319796,1506500,69056,3392,8088,31404,0,0,0.00,0,0.00,4,409,3.64,3.35,3.63,0,5.20,0.00,102.40,19.69,0.00,0.15,0.15,0.08,5.80,8.20,0.47,2.33,0.00,0.00,0.00,0.00
2018-01-06 00:53:47,97.30,0.00,2.45,0.00,0.00,0.00,0.20,0.00,0.00,0.05,0.00,5805.80,2180.20,0.00,0.00,0.00,5.60,188.20,0.00,3177.40,0.00,0.00,0.00,0.00,0.40,0.00,0.40,0.00,11.20,13321992,0,3111148,18.93,18788,1383296,2524028,15.36,2053484,860752,409984,1517128,71360,3352,8092,31404,0,0,0.00,0,0.00,5,405,3.99,3.43,3.65,0,0.40,0.00,11.20,28.00,0.00,2.00,2.00,0.08,6.40,10.00,0.52,2.61,0.00,0.00,0.00,0.00
2018-01-06 00:53:52,97.70,0.00,2.00,0.00,0.00,0.00,0.25,0.00,0.00,0.05,0.00,5640.20,2109.20,0.00,0.00,0.00,9.60,46.80,0.00,2337.80,0.00,0.00,0.00,0.00,0.60,0.00,0.60,0.00,19.20,13228840,0,3204300,19.50,18796,1474200,2524028,15.36,2062812,946836,500896,1517232,73664,3352,8092,31404,0,0,0.00,0,0.00,4,405,3.99,3.44,3.65,0,0.60,0.00,19.20,32.00,0.00,0.00,0.00,0.00,5.40,8.00,0.45,2.40,0.00,0.00,0.00,0.00
2018-01-06 00:53:57,97.70,0.00,2.10,0.00,0.00,0.00,0.15,0.00,0.00,0.05,0.00,5719.00,1873.60,0.00,0.00,0.00,44.80,48.40,0.00,2336.20,0.00,0.00,0.00,0.00,1.80,0.00,1.80,0.00,89.60,13135136,0,3298004,20.07,18804,1565224,2524028,15.36,2067536,1032748,591728,1517380,75996,3344,8092,31404,0,0,0.00,0,0.00,5,404,3.99,3.45,3.66,0,1.80,0.00,89.60,49.78,0.00,0.00,0.00,0.00,5.60,8.20,0.46,2.34,0.00,0.00,0.00,0.00
2018-01-06 00:54:02,92.33,0.00,2.86,0.95,0.05,0.00,0.30,0.00,0.00,3.51,9.60,5598.60,2546.20,0.00,0.00,1.60,42957.60,2964.80,0.00,32658.60,0.00,0.00,0.00,0.00,337.00,0.40,336.60,3.20,85915.20,13575348,0,2857792,17.39,18824,1528764,2161492,13.15,1537196,1122704,454544,1115316,74892,3136,6572,31404,0,0,0.00,0,0.00,3,354,4.15,3.49,3.67,0,337.00,3.20,85915.20,254.95,35.75,106.09,0.80,26.88,207.40,511.00,15.05,4248.77,0.00,0.00,0.00,0.35
2018-01-06 00:54:07,94.24,0.00,3.76,0.00,0.00,0.00,0.10,0.00,0.00,1.90,26.00,2601.00,2453.60,0.00,0.00,1.60,47078.40,22725.40,0.00,43546.40,0.00,0.00,0.00,0.00,344.60,0.40,344.20,3.20,87595.20,13647888,0,2785252,16.95,18848,1420508,2358960,14.35,1456492,1137536,224636,1154732,72248,3032,7084,31404,0,0,0.00,0,0.00,9,360,4.38,3.55,3.69,0,344.80,3.20,87646.40,254.20,39.65,106.57,0.81,27.92,1188.00,470.20,9711.52,1463.01,0.00,0.00,0.00,0.80
2018-01-06 00:54:12,96.00,0.00,3.15,0.10,0.00,0.00,0.60,0.00,0.00,0.15,10.80,2405.80,3189.20,0.00,0.00,2.40,44472.00,3674.20,0.00,22225.20,0.00,0.00,0.00,0.00,374.80,0.60,374.20,4.80,95505.60,13422384,0,3010756,18.32,18868,1519384,2424828,14.76,1607608,1210876,141052,1281132,71408,3080,7516,31404,0,0,0.00,0,0.00,7,375,4.67,3.62,3.71,0,374.60,4.80,95454.40,254.83,71.51,198.65,1.61,60.16,4132.00,3043.60,29174.68,18447.00,0.00,0.00,0.00,2.39
2018-01-06 00:54:17,96.90,0.00,2.95,0.00,0.00,0.00,0.10,0.00,0.00,0.05,5.00,2541.60,1664.40,0.00,0.00,0.00,95.20,12537.60,0.00,12105.00,0.00,0.00,0.00,0.00,10.20,0.00,10.20,0.00,190.40,13103136,0,3330004,20.26,18880,1602928,2424828,14.76,1908296,1225352,230960,1512264,74632,3304,7976,31404,0,0,0.00,0,0.00,15,400,4.94,3.69,3.73,0,10.20,0.00,190.40,18.67,0.01,0.78,0.08,0.08,139.80,325.40,9.87,2675.62,0.00,0.00,0.00,0.22
2018-01-06 00:54:22,97.90,0.00,1.95,0.00,0.00,0.00,0.00,0.00,0.00,0.15,2.00,5029.20,1763.80,0.00,0.00,0.00,14.40,4842.40,0.00,6636.40,0.00,0.00,0.00,0.00,0.60,0.00,0.60,0.00,28.80,13024108,0,3409032,20.74,18888,1663684,2424828,14.76,1927952,1284052,292188,1530188,75636,3360,8104,31404,0,0,0.00,0,0.00,5,409,5.34,3.80,3.77,0,0.60,0.00,28.80,48.00,0.00,0.00,0.00,0.00,8.40,27.60,0.66,165.66,0.00,0.00,0.00,0.01
2018-01-06 00:54:27,97.25,0.00,2.35,0.00,0.00,0.00,0.35,0.00,0.00,0.05,0.20,5720.60,2184.80,0.00,0.00,0.00,4.80,228.80,0.00,4064.40,0.00,0.00,0.00,0.00,0.40,0.00,0.40,0.00,9.60,12933416,0,3499724,21.30,18896,1755408,2424828,14.76,1929220,1370620,383928,1526296,77948,3352,8120,31404,0,0,0.00,0,0.00,4,405,5.23,3.80,3.77,0,0.40,0.00,9.60,24.00,0.00,0.00,0.00,0.00,6.20,9.40,0.50,2.26,0.00,0.00,0.00,0.00
2018-01-06 00:54:32,97.65,0.00,2.20,0.00,0.00,0.00,0.15,0.00,0.00,0.00,0.00,5878.80,2279.40,0.00,0.00,0.80,38.40,49.20,0.00,3720.40,0.00,0.00,0.00,0.00,1.20,0.20,1.00,1.60,76.80,12858968,0,3574172,21.75,18904,1841184,2424828,14.76,1906776,1465472,474764,1512692,80316,3344,8120,31404,0,0,0.00,0,0.00,4,404,5.22,3.82,3.78,0,1.20,1.60,76.80,65.33,0.00,0.00,0.00,0.00,106.40,332.80,7.18,2833.25,0.00,0.00,0.00,0.23
2018-01-06 00:54:37,98.05,0.00,1.65,0.00,0.00,0.00,0.30,0.00,0.00,0.00,0.00,5728.00,1893.60,0.00,0.00,0.00,82.40,49.80,0.00,2512.00,0.00,0.00,0.00,0.00,10.80,0.00,10.80,0.00,164.80,12763220,0,3669920,22.33,18912,1933120,2424828,14.76,1910744,1552520,566408,1513804,82876,3344,8120,31404,0,0,0.00,0,0.00,4,404,5.12,3.83,3.78,0,10.80,0.00,164.80,15.26,0.00,0.37,0.15,0.16,5.80,8.60,0.49,2.59,0.00,0.00,0.00,0.00
2018-01-06 00:54:42,94.89,0.00,2.00,0.00,0.05,0.00,0.15,0.00,0.00,2.90,2.60,5553.00,2208.60,0.00,0.00,507.20,22230.40,338.40,0.00,17187.00,0.00,0.00,0.00,0.00,181.20,5.20,176.00,1014.40,44460.80,12958604,0,3474536,21.14,18924,1967496,2126504,12.94,1632124,1637104,544800,1283264,84012,3320,7328,31404,0,0,0.00,0,0.00,4,370,5.03,3.83,3.78,0,181.20,1014.40,44460.80,250.97,6.17,34.06,0.30,5.44,58.00,176.00,4.22,1417.72,0.00,0.00,0.00,0.12
2018-01-06 00:54:47,21.78,0.00,1.11,0.91,0.10,0.00,0.10,0.00,0.00,76.01,8.40,1951.20,1473.60,0.00,0.00,0.00,22873.60,932.00,0.00,43488.60,0.00,0.00,0.00,0.00,180.00,0.00,180.00,0.00,45747.20,13773440,0,2659700,16.18,18936,1824400,1242592,7.56,800920,1658352,343436,617980,79420,2256,4552,31404,0,0,0.00,0,0.00,0,268,4.87,3.81,3.77,0,180.00,0.00,45747.20,254.15,7.00,38.87,0.30,5.36,20.40,24.60,2.25,5.24,0.00,0.00,0.00,0.00
2018-01-06 00:54:52,0.00,0.00,0.20,10.05,0.10,0.00,0.00,0.00,0.00,89.65,0.00,266.60,595.80,0.00,0.00,1.60,59730.40,8.00,0.00,31.20,0.00,0.00,0.00,0.00,442.20,0.40,441.80,3.20,112531.20,13773644,0,2659496,16.18,18948,1824424,1242592,7.56,800912,1658376,44824,617964,79372,2256,4552,31404,0,0,0.00,0,0.00,0,268,4.48,3.75,3.75,2,442.20,3.20,112531.20,254.49,59.00,113.29,0.94,41.44,4.00,5.20,0.31,0.99,0.00,0.00,0.00,0.00
2018-01-06 00:54:57,0.05,0.00,0.05,2.21,0.00,0.00,0.00,0.00,0.00,97.69,0.00,268.60,270.20,0.00,0.00,0.80,8922.40,11.00,0.00,653.60,0.00,0.00,0.00,0.00,101.40,0.20,101.20,1.60,24774.40,13773632,0,2659508,16.18,18956,1824448,1242592,7.56,802972,1658388,308,617964,79328,2256,4552,31404,0,0,0.00,0,0.00,0,268,4.12,3.69,3.73,0,101.40,1.60,24774.40,244.34,16.45,249.98,1.33,13.52,4.40,5.80,0.34,1.10,0.00,0.00,0.00,0.00
2018-01-06 00:55:02,0.05,0.00,0.00,0.00,0.00,0.00,0.00,0.00,0.00,99.95,1.00,300.60,213.60,0.00,0.00,0.00,0.00,184.20,0.00,120.80,0.00,0.00,0.00,0.00,0.00,0.00,0.00,0.00,0.00,13774036,0,2659104,16.18,18956,1824264,1242592,7.56,802984,1658272,360,617968,79316,2256,4552,31404,0,0,0.00,0,0.00,0,269,3.79,3.63,3.71,0,0.00,0.00,0.00,0.00,0.00,0.00,0.00,0.00,7.20,8.80,1.76,2.57,0.00,0.00,0.00,0.00
2018-01-06 00:55:07,13.40,0.00,1.20,0.00,0.05,0.00,0.00,0.00,0.00,85.35,26.80,927.40,706.00,0.00,0.00,0.00,51.20,9765.40,0.00,13135.60,0.00,0.00,0.00,0.00,0.80,0.00,0.80,0.00,102.40,13867404,0,2565736,15.61,18988,1593256,2307912,14.04,939560,1427276,840,756988,78188,2304,5868,31404,0,0,0.00,0,0.00,8,347,3.49,3.57,3.69,0,0.80,0.00,102.40,128.00,0.03,37.00,19.00,1.52,29.80,28.20,75.22,58.11,0.00,0.00,0.00,0.01
2018-01-06 00:55:12,97.40,0.00,2.55,0.00,0.00,0.00,0.00,0.00,0.00,0.05,6.40,2273.60,1379.40,0.00,0.00,0.00,67.20,15008.60,0.00,9849.20,0.00,0.00,0.00,0.00,1.00,0.00,1.00,0.00,134.40,13479704,0,2953436,17.97,19000,1593672,2357520,14.35,1326280,1427568,1532,1141304,78896,3024,7180,31404,0,0,0.00,0,0.00,6,368,4.17,3.71,3.74,0,1.00,0.00,134.40,134.40,0.00,0.00,0.00,0.00,12.40,16.00,1.44,2.46,0.00,0.00,0.00,0.00
2018-01-06 00:55:17,96.65,0.00,2.65,0.00,0.00,0.00,0.35,0.00,0.00,0.35,8.00,4614.00,2307.80,0.00,0.00,0.00,36.00,1466.00,0.00,1234.80,0.00,0.00,0.00,0.00,1.40,0.00,1.40,0.00,72.00,13036540,0,3396600,20.67,19012,1594136,2390088,14.54,1766632,1428056,1960,1581540,80060,3248,8124,31404,0,0,0.00,0,0.00,8,388,4.23,3.73,3.74,0,1.40,0.00,72.00,51.43,0.00,0.00,0.00,0.00,13.40,19.00,3.71,2.76,0.00,0.00,0.00,0.00
2018-01-06 00:55:22,97.85,0.00,2.05,0.00,0.00,0.00,0.05,0.00,0.00,0.05,0.00,2437.00,1487.20,0.00,0.00,0.00,15.20,84.00,0.00,156.40,0.00,0.00,0.00,0.00,1.40,0.00,1.40,0.00,30.40,13036992,0,3396148,20.67,19020,1594160,2390088,14.54,1766276,1428072,1980,1581188,80052,3208,8124,31404,0,0,0.00,0,0.00,5,387,4.70,3.83,3.78,0,1.40,0.00,30.40,21.71,0.00,0.00,0.00,0.00,5.60,8.40,0.47,2.45,0.00,0.00,0.00,0.00
2018-01-06 00:55:27,97.60,0.00,2.30,0.00,0.00,0.00,0.10,0.00,0.00,0.00,0.00,1560.40,1489.00,0.00,0.00,0.00,16.00,68.80,0.00,111.40,0.00,0.00,0.00,0.00,0.60,0.00,0.60,0.00,32.00,12819244,0,3613896,21.99,19028,1807400,2390088,14.54,1979788,1428112,215220,1581472,85420,3176,8124,31404,0,0,0.00,0,0.00,4,383,4.64,3.84,3.78,0,0.60,0.00,32.00,53.33,0.00,0.00,0.00,0.00,5.80,8.80,0.46,2.00,0.00,0.00,0.00,0.00
2018-01-06 00:55:32,99.05,0.00,0.85,0.00,0.00,0.00,0.10,0.00,0.00,0.00,0.00,1785.80,1454.60,0.00,0.00,0.00,81.60,110.40,0.00,112.80,0.00,0.00,0.00,0.00,8.60,0.00,8.60,0.00,163.20,12818048,0,3615092,22.00,19036,1807544,2390088,14.54,1981824,1428112,214992,1583416,85092,3176,8124,31404,0,0,0.00,0,0.00,4,383,4.75,3.87,3.79,0,8.60,0.00,163.20,18.98,0.00,0.00,0.00,0.00,6.60,10.40,0.58,3.23,0.00,0.00,0.00,0.00
2018-01-06 00:55:37,97.55,0.00,2.45,0.00,0.00,0.00,0.00,0.00,0.00,0.00,3.20,815.00,1228.40,0.00,0.00,0.00,68.80,3988.60,0.00,2736.20,0.00,0.00,0.00,0.00,2.00,0.00,2.00,0.00,137.60,12532728,0,3900412,23.74,19044,2059604,2390088,14.54,2259036,1428172,466816,1609120,91188,3240,8152,31404,0,0,0.00,0,0.00,7,391,4.69,3.87,3.79,0,2.00,0.00,137.60,68.80,0.00,0.00,0.00,0.00,5.60,8.40,0.47,2.47,0.00,0.00,0.00,0.00
2018-01-06 00:55:42,96.30,0.00,3.70,0.00,0.00,0.00,0.00,0.00,0.00,0.00,0.00,1411.60,1363.60,0.00,0.00,0.00,207.20,41.20,0.00,687.80,0.00,0.00,0.00,0.00,10.40,0.00,10.40,0.00,414.40,12268532,0,4164608,25.34,19052,2329280,2390088,14.54,2517920,1428240,735784,1597968,98584,3240,8200,31404,0,0,0.00,0,0.00,5,390,4.63,3.88,3.79,0,10.40,0.00,414.40,39.85,0.02,1.92,0.08,0.08,5.20,7.40,0.42,1.92,0.00,0.00,0.00,0.00
2018-01-06 00:55:47,88.09,0.00,3.95,0.05,0.00,0.00,0.00,0.00,0.00,7.90,28.20,2251.20,1703.80,0.00,0.00,0.00,127.20,14261.60,0.00,75855.20,0.00,0.00,0.00,0.00,3.00,0.00,3.00,0.00,254.40,13252656,0,3180484,19.35,19080,2024792,2322904,14.14,1532112,1427784,431500,926356,90824,2840,6328,31404,0,0,0.00,0,0.00,12,343,4.74,3.91,3.80,0,3.00,0.00,254.40,84.80,0.00,0.00,0.00,0.00,30.20,33.40,5.19,5.45,0.00,0.00,0.00,0.00
2018-01-06 00:55:52,96.60,0.00,3.20,0.00,0.00,0.00,0.10,0.00,0.00,0.10,13.20,2865.00,1756.80,0.00,0.00,0.00,1856.00,10987.20,0.00,6739.00,0.00,0.00,0.00,0.00,15.60,0.00,15.60,0.00,3712.00,12603964,0,3829176,23.30,19092,2025292,2403836,14.63,2180184,1437176,423160,1573008,91172,3080,7428,31404,0,0,0.00,0,0.00,9,387,5.32,4.05,3.85,0,15.60,0.00,3712.00,237.95,0.07,4.21,0.41,0.64,71.60,230.00,7.96,1805.73,0.00,0.00,0.00,0.15
2018-01-06 00:55:57,98.00,0.00,1.80,0.00,0.00,0.00,0.20,0.00,0.00,0.00,0.00,4809.40,2430.20,0.00,0.00,0.00,24.80,121.20,0.00,418.60,0.00,0.00,0.00,0.00,0.80,0.00,0.80,0.00,49.60,12593884,0,3839256,23.36,19104,2025316,2403836,14.63,2188900,1437200,423196,1581684,91496,3208,8092,31404,0,0,0.00,0,0.00,9,387,5.70,4.14,3.88,0,0.80,0.00,49.60,62.00,0.00,0.00,0.00,0.00,5.20,7.40,0.42,1.62,0.00,0.00,0.00,0.00
2018-01-06 00:56:02,98.35,0.00,1.55,0.00,0.00,0.00,0.10,0.00,0.00,0.00,0.00,1477.80,1321.40,0.00,0.00,0.00,17.60,51.00,0.00,85.20,0.00,0.00,0.00,0.00,0.60,0.00,0.60,0.00,35.20,12561660,0,3871480,23.56,19120,2056856,2403836,14.63,2220764,1437216,454748,1582204,92084,3200,8092,31404,0,0,0.00,0,0.00,4,382,5.80,4.19,3.90,0,0.60,0.00,35.20,58.67,0.00,0.00,0.00,0.00,6.60,10.40,0.55,2.66,0.00,0.00,0.00,0.00
2018-01-06 00:56:07,97.15,0.00,2.70,0.00,0.00,0.00,0.10,0.00,0.00,0.05,0.00,2671.40,1671.60,0.00,0.00,0.00,4.80,152.00,0.00,127.60,0.00,0.00,0.00,0.00,0.40,0.00,0.40,0.00,9.60,12374316,0,4058824,24.70,19128,2238700,2403836,14.63,2404524,1437260,636592,1584008,96812,3168,8092,31404,0,0,0.00,0,0.00,6,381,5.82,4.22,3.91,0,0.40,0.00,9.60,24.00,0.00,0.00,0.00,0.00,5.60,8.40,0.47,2.46,0.00,0.00,0.00,0.00
2018-01-06 00:56:12,98.60,0.00,1.30,0.00,0.00,0.00,0.10,0.00,0.00,0.00,0.00,856.60,2120.40,0.00,0.00,4.80,84450.40,14.20,0.00,1860.80,0.00,0.00,0.00,0.00,669.60,1.20,668.40,9.60,168900.80,12357360,0,4075780,24.80,19136,2255508,2403836,14.63,2412000,1446832,249824,1584248,96728,3152,8092,31404,0,0,0.00,0,0.00,5,377,5.75,4.23,3.91,0,669.60,9.60,168900.80,252.26,97.52,145.64,1.08,72.24,210.00,657.00,13.98,5665.77,0.00,0.00,0.00,0.46
2018-01-06 00:56:17,96.40,0.00,3.60,0.00,0.00,0.00,0.00,0.00,0.00,0.00,3.20,1085.60,1285.20,0.00,0.00,0.00,140.00,1564.00,0.00,1470.20,0.00,0.00,0.00,0.00,11.00,0.00,11.00,0.00,280.00,12049436,0,4383704,26.68,19144,2553496,2420092,14.73,2711864,1446904,547292,1586628,104336,3224,8124,31404,0,0,0.00,0,0.00,4,389,5.61,4.23,3.91,0,11.00,0.00,280.00,25.45,0.01,1.09,0.07,0.08,6.20,9.20,0.52,2.60,0.00,0.00,0.00,0.00
2018-01-06 00:56:22,95.20,0.00,3.80,0.00,0.00,0.00,0.10,0.00,0.00,0.90,2.60,1680.80,1665.40,0.00,0.00,0.00,1760.00,315.40,0.00,20522.20,0.00,0.00,0.00,0.00,16.00,0.00,16.00,0.00,3520.00,12157568,0,4275572,26.02,19152,2693688,2118432,12.89,2583484,1463800,698100,1334800,108400,3224,7320,31404,0,0,0.00,0,0.00,3,359,5.48,4.23,3.92,0,16.00,0.00,3520.00,220.00,0.09,5.55,0.40,0.64,298.00,847.20,19.97,7285.02,0.00,0.00,0.00,0.60
2018-01-06 00:56:27,85.73,0.00,4.24,0.00,0.05,0.00,0.50,0.00,0.00,9.48,28.20,2365.20,3346.60,0.00,0.00,0.80,18525.60,18106.00,0.00,76418.20,0.00,0.00,0.00,0.00,151.20,0.20,151.00,1.60,37051.20,12740684,0,3692456,22.47,19172,2403240,2103812,12.80,1903148,1570684,337056,1051260,99984,2720,5972,31404,0,0,0.00,0,0.00,7,348,5.37,4.22,3.92,0,151.20,1.60,37051.20,245.06,0.75,4.97,0.37,5.60,3035.00,2944.00,16880.93,22279.11,0.00,0.00,0.00,1.83
2018-01-06 00:56:32,96.05,0.00,3.00,0.00,0.00,0.00,0.45,0.00,0.00,0.50,10.20,2242.20,2504.80,0.00,0.00,0.00,3585.60,8757.00,0.00,11133.20,0.00,0.00,0.00,0.00,29.60,0.00,29.60,0.00,7171.20,12340032,0,4093108,24.91,19192,2477576,2414636,14.69,2271660,1595856,405920,1370980,102092,3112,7664,31404,0,0,0.00,0,0.00,6,387,5.66,4.30,3.94,0,29.60,0.00,7171.20,242.27,0.13,4.49,0.38,1.12,1512.80,1253.40,11429.68,7762.47,0.00,0.00,0.00,0.94
2018-01-06 00:56:37,74.95,0.00,2.91,0.00,0.00,0.00,0.80,0.00,0.00,21.34,3.20,1617.40,2838.60,0.00,0.00,0.00,12420.80,709.80,0.00,22181.00,0.00,0.00,0.00,0.00,101.80,0.00,101.80,0.00,24841.60,11966256,0,4466884,27.18,19204,2641792,2455676,14.94,2548052,1691060,535324,1578448,105236,3304,8140,31404,0,0,0.00,0,0.00,1,399,6.00,4.40,3.98,0,101.80,0.00,24841.60,244.02,0.48,4.72,0.39,3.92,4533.20,2880.40,36329.96,17297.04,0.00,0.00,0.00,2.98
2018-01-06 00:56:42,27.73,0.00,0.75,0.05,0.05,0.00,0.00,0.00,0.00,71.41,0.00,859.20,1621.20,0.00,0.00,0.00,80.00,64.80,0.00,4074.80,0.00,0.00,0.00,0.00,8.60,0.00,8.60,0.00,160.00,11919100,0,4514040,27.47,19212,2689252,2455676,14.94,2595884,1691072,582440,1578556,106784,3296,8140,31404,0,0,0.00,0,0.00,5,398,5.60,4.34,3.96,0,8.60,0.00,160.00,18.60,0.00,0.00,0.00,0.00,985.40,280.80,8591.62,21.26,0.00,0.00,0.00,0.70
2018-01-06 00:56:47,26.93,0.00,1.21,4.02,0.10,0.00,0.00,0.00,0.00,67.74,0.80,829.00,1170.60,0.00,0.00,3.20,39491.20,181.60,0.00,666.80,0.00,0.00,0.00,0.00,279.60,0.80,278.80,6.40,71220.80,11770452,0,4662688,28.37,19220,2841848,2455676,14.94,2739496,1691104,537852,1569708,110772,3320,8132,31404,0,0,0.00,0,0.00,0,401,5.23,4.28,3.94,3,279.60,6.40,71220.80,254.75,26.81,63.70,0.68,18.88,8.80,14.40,1.10,3.80,0.00,0.00,0.00,0.00
2018-01-06 00:56:52,60.77,0.00,2.02,5.19,0.10,0.00,0.10,0.00,0.00,31.82,11.80,1888.40,2308.60,0.00,0.00,0.00,19104.00,6412.20,0.00,24675.00,0.00,0.00,0.00,0.00,184.60,0.00,184.60,0.00,45969.60,11921772,0,4511368,27.45,19228,2789020,2442456,14.86,2545228,1735112,389712,1472152,109648,3144,7912,31404,0,0,0.00,0,0.00,14,384,4.82,4.21,3.92,0,184.60,0.00,45969.60,249.02,21.78,166.70,1.17,21.68,978.00,1141.40,3004.62,7618.16,0.00,0.00,0.00,0.62
2018-01-06 00:56:57,96.90,0.00,2.75,0.00,0.00,0.00,0.35,0.00,0.00,0.00,5.60,2419.20,2075.40,0.00,0.00,0.80,1409.60,5328.00,0.00,14540.40,0.00,0.00,0.00,0.00,16.40,0.20,16.20,1.60,2819.20,11727120,0,4706020,28.64,19240,2837948,2498176,15.20,2698616,1772824,455184,1616476,110376,3320,8220,31404,0,0,0.00,0,0.00,7,401,5.55,4.38,3.98,0,16.40,1.60,2819.20,172.00,0.04,2.68,0.39,0.64,2204.80,1269.00,17701.18,8067.41,0.00,0.00,0.00,1.45
2018-01-06 00:57:02,98.50,0.00,1.50,0.00,0.00,0.00,0.00,0.00,0.00,0.00,1.40,2191.60,1531.60,0.00,0.00,0.00,18562.40,377.60,0.00,792.60,0.00,0.00,0.00,0.00,151.40,0.00,151.40,0.00,37124.80,11678952,0,4754188,28.93,19248,2881020,2477440,15.08,2742212,1778872,405668,1620900,111576,3360,8244,31404,0,0,0.00,0,0.00,9,406,5.51,4.39,3.98,0,151.40,0.00,37124.80,245.21,5.49,36.29,0.29,4.32,7.00,9.80,0.62,2.75,0.00,0.00,0.00,0.00
2018-01-06 00:57:07,91.59,0.00,3.71,0.00,0.00,0.00,0.15,0.00,0.00,4.56,22.40,2574.60,2355.60,0.00,0.00,1.60,19820.00,16651.40,0.00,66113.60,0.00,0.00,0.00,0.00,157.00,0.40,156.60,3.20,39640.00,12499112,0,3934028,23.94,19276,2527520,2369848,14.42,1903840,1807892,171596,1164472,101844,2984,6988,31404,0,0,0.00,0,0.00,11,361,5.47,4.40,3.99,0,157.00,3.20,39640.00,252.50,5.92,37.72,0.61,9.60,449.00,1421.60,33.93,12207.55,0.00,0.00,0.00,1.00
2018-01-06 00:57:12,93.19,0.00,5.11,0.00,0.00,0.00,1.20,0.00,0.00,0.50,18.40,3709.40,4491.20,0.00,0.00,0.00,7868.80,8185.40,0.00,61655.80,0.00,0.00,0.00,0.00,65.40,0.00,65.40,0.00,15737.60,12553892,0,3879248,23.61,19292,2323832,2403276,14.62,1664152,2001788,80556,1323116,93132,3032,7220,31404,0,0,0.00,0,0.00,5,367,5.43,4.41,3.99,0,65.40,0.00,15737.60,240.64,0.27,4.21,0.38,2.48,7412.40,7751.60,53091.09,57643.28,0.00,0.00,0.00,4.72
2018-01-06 00:57:17,96.10,0.00,3.80,0.00,0.00,0.00,0.05,0.00,0.00,0.05,3.80,1423.40,1331.20,0.00,0.00,0.00,48.00,5198.80,0.00,3711.20,0.00,0.00,0.00,0.00,0.80,0.00,0.80,0.00,96.00,12185232,0,4247908,25.85,19304,2580556,2435620,14.82,2026508,2002244,337228,1429192,98816,3096,7836,31404,0,0,0.00,0,0.00,8,378,5.39,4.42,4.00,0,0.80,0.00,96.00,120.00,0.00,0.00,0.00,0.00,10.00,14.00,1.02,2.74,0.00,0.00,0.00,0.00
2018-01-06 00:57:22,97.05,0.00,2.60,0.00,0.00,0.00,0.30,0.00,0.00,0.05,6.80,2456.20,2204.40,0.00,0.00,0.00,2744.00,6385.40,0.00,16360.40,0.00,0.00,0.00,0.00,32.80,0.00,32.80,0.00,5488.00,12027308,0,4405832,26.81,19316,2642044,2409380,14.66,2145660,2039332,409708,1523844,99492,3296,8080,31404,0,0,0.00,0,0.00,5,401,6.00,4.56,4.05,0,32.80,0.00,5488.00,167.32,1.02,31.20,1.44,4.72,2183.20,1338.40,17391.88,8049.42,0.00,0.00,0.00,1.42
2018-01-06 00:57:27,98.35,0.00,1.55,0.00,0.00,0.00,0.10,0.00,0.00,0.00,1.60,2370.60,1647.00,0.00,0.00,0.00,74.40,552.80,0.00,3286.80,0.00,0.00,0.00,0.00,2.40,0.00,2.40,0.00,148.80,12010352,0,4422788,26.91,19324,2656908,2409380,14.66,2142384,2058560,449872,1525056,99800,3360,8112,31404,0,0,0.00,0,0.00,6,407,5.84,4.55,4.05,0,2.40,0.00,148.80,62.00,0.00,0.00,0.00,0.00,169.80,924.40,11.44,8020.98,0.00,0.00,0.00,0.66
2018-01-06 00:57:32,60.74,0.00,1.51,0.00,0.10,0.00,0.05,0.00,0.00,37.59,8.00,2124.80,1853.80,0.00,0.00,0.80,1916.80,2775.00,0.00,56093.00,0.00,0.00,0.00,0.00,17.20,0.20,17.00,1.60,3833.60,13058008,0,3375132,20.54,19332,2326004,1527764,9.30,1114576,2050096,122400,819552,91260,2544,5416,31404,0,0,0.00,0,0.00,1,304,5.86,4.57,4.06,0,17.20,1.60,3833.60,222.98,0.18,10.60,0.33,0.56,98.80,512.60,7.34,4296.92,0.00,0.00,0.00,0.35
2018-01-06 00:57:37,7.58,0.00,0.25,0.05,0.05,0.00,0.00,0.00,0.00,92.07,2.59,676.05,689.42,0.00,0.00,0.00,665.07,322.75,0.00,17255.69,0.00,0.00,0.00,0.00,6.39,0.00,6.39,0.00,1330.14,13398440,0,3034700,18.47,19344,2219700,1210724,7.37,777748,2051428,13044,590128,87960,2264,4512,31404,0,0,0.00,0,0.00,1,269,5.47,4.51,4.04,0,6.39,0.00,1330.14,208.25,0.02,3.25,0.38,0.24,8.38,10.58,0.85,2.40,0.00,0.00,0.00,0.00
2018-01-06 00:57:42,0.05,0.00,0.05,0.00,0.00,0.00,0.00,0.00,0.00,99.90,0.40,275.80,186.60,0.00,0.00,0.00,35.20,16.00,0.00,58.00,0.00,0.00,0.00,0.00,2.00,0.00,2.00,0.00,70.40,13398440,0,3034700,18.47,19356,2219724,1210724,7.37,777880,2051452,13060,590260,87956,2264,4512,31404,0,0,0.00,0,0.00,1,269,5.03,4.44,4.02,0,2.00,0.00,70.40,35.20,0.00,0.00,0.00,0.00,8.20,9.60,2.97,3.79,0.00,0.00,0.00,0.00
2018-01-06 00:57:47,0.05,0.00,0.30,0.00,0.00,0.00,0.00,0.00,0.00,99.65,0.40,280.20,199.20,0.00,0.00,2.40,37.60,21.80,0.00,30536.20,0.00,0.00,0.00,0.00,1.40,0.40,1.00,3.20,75.20,14006096,0,2427044,14.77,19364,1620052,1210724,7.37,777900,1451760,13240,590264,79684,2264,4512,31404,0,0,0.00,0,0.00,0,270,4.63,4.37,4.00,0,1.60,4.80,75.20,50.00,0.00,0.00,0.00,0.00,16.20,17.20,52.14,56.99,0.00,0.00,0.00,0.00
2018-01-06 00:57:52,85.75,0.00,4.06,0.00,0.05,0.00,0.00,0.00,0.00,10.14,32.60,3915.60,1739.80,0.00,0.00,4.00,109.60,24263.60,0.00,61521.80,0.00,0.00,0.00,0.00,3.20,0.60,2.60,9.60,219.20,14499264,0,1933876,11.77,19400,628484,2339436,14.24,1240104,514600,14208,1109240,56796,3000,7028,31404,0,0,0.00,0,0.00,13,365,4.58,4.36,4.00,0,3.00,8.00,219.20,75.73,0.00,0.27,0.27,0.08,27.40,30.60,24.78,6.10,0.00,0.00,0.00,0.00
2018-01-06 00:57:57,97.25,0.00,2.40,0.00,0.00,0.00,0.10,0.00,0.00,0.25,8.80,3523.40,2008.00,0.00,0.00,0.00,1972.00,3028.40,0.00,982.40,0.00,0.00,0.00,0.00,25.20,0.00,25.20,0.00,3944.00,14033780,0,2399360,14.60,19412,628992,2388688,14.54,1704668,515100,4980,1571372,57708,3256,8112,31404,0,0,0.00,0,0.00,4,393,5.09,4.47,4.03,0,25.20,0.00,3944.00,156.51,0.39,15.40,0.19,0.48,13.40,18.80,3.71,2.74,0.00,0.00,0.00,0.00
2018-01-06 00:58:02,97.90,0.00,1.90,0.00,0.00,0.00,0.20,0.00,0.00,0.00,0.00,3758.80,1821.20,0.00,0.00,0.00,692.80,113.80,0.00,526.60,0.00,0.00,0.00,0.00,7.00,0.00,7.00,0.00,1385.60,14041240,0,2391900,14.56,19424,629016,2388688,14.54,1697820,515124,1700,1564508,57780,3208,8112,31404,0,0,0.00,0,0.00,8,387,5.00,4.46,4.03,0,7.00,0.00,1385.60,197.94,0.02,3.31,0.23,0.16,5.80,8.40,0.46,1.97,0.00,0.00,0.00,0.00
2018-01-06 00:58:07,98.85,0.00,1.15,0.00,0.00,0.00,0.00,0.00,0.00,0.00,0.00,1137.40,1311.20,0.00,0.00,0.00,17.60,30.80,0.00,449.60,0.00,0.00,0.00,0.00,0.60,0.00,0.60,0.00,35.20,14028120,0,2405020,14.64,19436,650220,2388688,14.54,1711204,515140,22936,1556800,57824,3176,8112,31404,0,0,0.00,0,0.00,4,383,5.16,4.50,4.05,0,0.60,0.00,35.20,58.67,0.00,0.00,0.00,0.00,6.60,10.20,0.54,2.56,0.00,0.00,0.00,0.00
2018-01-06 00:58:12,98.25,0.00,1.75,0.00,0.00,0.00,0.00,0.00,0.00,0.00,0.00,780.60,1229.60,0.00,0.00,0.00,12.80,23.20,0.00,58.00,0.00,0.00,0.00,0.00,0.60,0.00,0.60,0.00,25.60,13868460,0,2564680,15.61,19444,809892,2388688,14.54,1870748,515184,182604,1557024,59060,3176,8112,31404,0,0,0.00,0,0.00,6,382,5.07,4.50,4.05,0,0.60,0.00,25.60,42.67,0.00,0.00,0.00,0.00,7.00,10.60,0.59,3.09,0.00,0.00,0.00,0.00
2018-01-06 00:58:17,97.80,0.00,2.10,0.05,0.00,0.00,0.00,0.00,0.00,0.05,3.20,1321.40,1332.60,0.00,0.00,0.00,19.20,210.60,0.00,179.20,0.00,0.00,0.00,0.00,0.60,0.00,0.60,0.00,38.40,13712020,0,2721120,16.56,19452,957804,2388688,14.54,2022128,515280,330544,1560232,62500,3240,8132,31404,0,0,0.00,0,0.00,4,391,4.98,4.49,4.05,0,0.60,0.00,38.40,64.00,0.00,0.00,0.00,0.00,5.60,8.00,0.46,2.10,0.00,0.00,0.00,0.00
2018-01-06 00:58:22,90.52,0.00,3.86,0.00,0.00,0.00,0.05,0.00,0.00,5.57,26.80,2235.80,1714.40,0.00,0.00,0.00,252.00,11933.20,0.00,63090.20,0.00,0.00,0.00,0.00,11.60,0.00,11.60,0.00,504.00,14592164,0,1840976,11.20,19480,843732,2265784,13.79,1144880,514784,215940,796444,62392,2864,5960,31404,0,0,0.00,0,0.00,11,339,4.91,4.48,4.05,0,11.60,0.00,504.00,43.45,0.02,2.07,0.07,0.08,28.20,31.60,4.91,5.16,0.00,0.00,0.00,0.00
2018-01-06 00:58:27,96.85,0.00,3.05,0.00,0.00,0.00,0.00,0.00,0.00,0.10,12.80,2272.20,1579.00,0.00,0.00,0.00,83.20,13825.60,0.00,8320.80,0.00,0.00,0.00,0.00,7.00,0.00,7.00,0.00,166.40,13956440,0,2476700,15.07,19492,844256,2350048,14.30,1779624,515188,216268,1431012,62220,3032,7444,31404,0,0,0.00,0,0.00,10,383,5.31,4.57,4.08,0,7.00,0.00,166.40,23.77,0.00,0.00,0.00,0.00,18.00,24.00,3.88,3.34,0.00,0.00,0.00,0.00
2018-01-06 00:58:32,98.55,0.00,1.30,0.00,0.00,0.00,0.15,0.00,0.00,0.00,1.80,4453.80,2049.00,0.00,0.00,0.00,16.80,506.40,0.00,758.40,0.00,0.00,0.00,0.00,1.40,0.00,1.40,0.00,33.60,13838980,0,2594160,15.79,19500,844348,2350048,14.30,1893572,515292,216352,1545024,62944,3208,8060,31404,0,0,0.00,0,0.00,7,387,5.61,4.64,4.11,0,1.40,0.00,33.60,24.00,0.00,0.00,0.00,0.00,8.20,10.80,1.31,1.88,0.00,0.00,0.00,0.00
2018-01-06 00:58:37,98.15,0.00,1.70,0.00,0.00,0.00,0.15,0.00,0.00,0.00,0.00,2506.40,1787.20,0.00,0.00,0.00,40.80,540.00,0.00,574.60,0.00,0.00,0.00,0.00,0.80,0.00,0.80,0.00,81.60,13838292,0,2594848,15.79,19500,844376,2350048,14.30,1894372,515316,216180,1545876,62736,3208,8060,31404,0,0,0.00,0,0.00,6,384,5.48,4.63,4.11,0,0.80,0.00,81.60,102.00,0.00,0.00,0.00,0.00,6.40,9.80,0.52,2.54,0.00,0.00,0.00,0.00
2018-01-06 00:58:43,98.70,0.00,1.30,0.00,0.00,0.00,0.00,0.00,0.00,0.00,0.00,670.00,1308.20,0.00,0.00,0.00,918.40,30.40,0.00,251.40,0.00,0.00,0.00,0.00,8.00,0.00,8.00,0.00,1836.80,13718524,0,2714616,16.52,19516,966220,2350048,14.30,2011308,519676,333480,1545796,62760,3176,8060,31404,0,0,0.00,0,0.00,5,383,5.36,4.62,4.11,0,8.00,0.00,1836.80,229.60,0.01,1.80,0.60,0.48,57.00,113.60,3.92,904.16,0.00,0.00,0.00,0.07
2018-01-06 00:58:48,98.00,0.00,1.95,0.00,0.00,0.00,0.00,0.00,0.00,0.05,2.80,1105.60,1702.60,0.00,0.00,1.60,42136.00,238.80,0.00,780.60,0.00,0.00,0.00,0.00,330.80,0.40,330.40,3.20,84272.00,13602040,0,2831100,17.23,19524,1077636,2350048,14.30,2118016,526624,237152,1548204,65020,3232,8076,31404,0,0,0.00,0,0.00,7,392,5.41,4.65,4.12,0,330.80,3.20,84272.00,254.76,35.85,108.39,1.04,34.48,132.60,219.40,8.97,1809.59,0.00,0.00,0.00,0.15
2018-01-06 00:58:53,98.05,0.00,1.85,0.00,0.00,0.00,0.00,0.00,0.00,0.10,0.40,1381.40,1347.60,0.00,0.00,0.00,10.40,99.40,0.00,676.80,0.00,0.00,0.00,0.00,0.60,0.00,0.60,0.00,20.80,13464368,0,2968772,18.07,19532,1223004,2350048,14.30,2252600,526676,381812,1537476,68788,3232,8068,31404,0,0,0.00,0,0.00,5,390,5.30,4.64,4.12,0,0.60,0.00,20.80,34.67,0.00,0.00,0.00,0.00,6.00,8.80,0.50,2.49,0.00,0.00,0.00,0.00
2018-01-06 00:58:58,88.73,0.00,3.66,0.00,0.05,0.00,0.05,0.00,0.00,7.52,30.20,2260.60,1985.80,0.00,0.00,0.00,2788.00,20457.20,0.00,68493.60,0.00,0.00,0.00,0.00,25.20,0.00,25.20,0.00,5576.00,14194652,0,2238488,13.62,19564,1056784,2291892,13.95,1511404,539560,202352,974808,67112,2848,6496,31404,0,0,0.00,0,0.00,8,346,5.20,4.62,4.12,0,25.20,0.00,5576.00,221.27,0.06,2.51,0.38,0.96,221.20,349.40,17.93,2711.76,0.00,0.00,0.00,0.22
2018-01-06 00:59:03,96.24,0.00,3.36,0.00,0.00,0.00,0.20,0.00,0.00,0.20,18.00,2754.00,1930.80,0.00,0.00,0.00,3644.00,9059.80,0.00,17807.80,0.00,0.00,0.00,0.00,37.40,0.00,37.40,0.00,7288.00,13852936,0,2580204,15.70,19572,1051176,2333740,14.20,1827804,566312,187248,1323436,66712,3096,7260,31404,0,0,0.00,0,0.00,9,375,5.34,4.66,4.13,0,37.40,0.00,7288.00,194.87,0.11,2.84,0.88,3.28,304.80,866.60,24.73,7224.21,0.00,0.00,0.00,0.59
2018-01-06 00:59:08,91.62,0.00,4.06,0.00,0.05,0.00,0.05,0.00,0.00,4.21,26.80,2689.00,2077.80,0.00,0.00,2.40,3337.60,20359.80,0.00,48136.20,0.00,0.00,0.00,0.00,29.00,0.60,28.40,4.80,6675.20,14121256,0,2311884,14.07,19600,1053196,2288288,13.92,1533500,591652,180032,1052364,66452,2896,6732,31404,0,0,0.00,0,0.00,9,361,5.31,4.67,4.14,1,29.00,4.80,6675.20,230.34,0.10,3.59,0.52,1.52,270.60,747.80,96.12,6010.17,0.00,0.00,0.00,0.49
2018-01-06 00:59:13,85.19,0.00,2.51,0.00,0.00,0.00,0.10,0.00,0.00,12.20,19.80,2576.00,2339.80,0.00,0.00,0.00,1018.40,9369.20,0.00,46086.60,0.00,0.00,0.00,0.00,10.20,0.00,10.20,0.00,2036.80,14407724,0,2025416,12.33,19616,1062000,1740916,10.59,1242356,598944,184236,760120,66724,3264,5640,31404,0,0,0.00,0,0.00,1,321,5.93,4.81,4.18,0,10.20,0.00,2036.80,199.69,0.04,3.53,0.47,0.48,1087.60,324.60,9091.11,25.24,0.00,0.00,0.00,0.74
2018-01-06 00:59:18,29.45,0.00,1.05,0.05,0.10,0.00,0.05,0.00,0.00,69.29,6.20,1050.40,1337.20,0.00,0.00,0.00,58.40,4770.40,0.00,15714.60,0.00,0.00,0.00,0.00,1.20,0.00,1.20,0.00,116.80,14444040,0,1989100,12.10,19628,1064696,1474680,8.97,1205676,598592,186936,719928,65592,2544,5224,31404,0,0,0.00,0,0.00,0,304,5.53,4.75,4.17,0,1.20,0.00,116.80,97.33,0.00,2.00,0.67,0.08,51.40,56.20,6.28,6.96,0.00,0.00,0.00,0.00
2018-01-06 00:59:23,11.67,0.00,0.60,2.82,0.05,0.00,0.00,0.00,0.00,84.86,4.80,637.80,945.40,0.00,0.00,0.00,33171.20,4473.20,0.00,1963.80,0.00,0.00,0.00,0.00,260.20,0.00,260.20,0.00,66342.40,14329440,0,2103700,12.80,19644,1064784,1739172,10.58,1318340,598680,21332,836696,65780,2680,5688,31404,0,0,0.00,0,0.00,1,323,5.09,4.67,4.14,0,260.20,0.00,66342.40,254.97,20.38,78.32,0.62,16.24,11.60,13.80,1.68,2.54,0.00,0.00,0.00,0.00
2018-01-06 00:59:28,34.57,0.00,1.21,0.00,0.05,0.00,0.00,0.00,0.00,64.17,14.20,1273.40,1630.80,0.00,0.00,1.60,629.60,8068.40,0.00,17757.60,0.00,0.00,0.00,0.00,7.40,0.40,7.00,3.20,1259.20,14261492,0,2171648,13.22,19664,1064048,2010660,12.24,1380304,606592,21292,905344,65464,2632,5644,31404,0,0,0.00,0,0.00,3,340,4.76,4.61,4.13,0,7.40,3.20,1259.20,170.59,0.02,3.03,0.43,0.32,201.40,331.40,640.43,2399.92,0.00,0.00,0.00,0.20
2018-01-06 00:59:33,77.25,0.00,2.72,0.00,0.10,0.00,0.10,0.00,0.00,19.83,19.20,1892.60,2363.40,0.00,0.00,0.00,640.00,16501.40,0.00,27408.00,0.00,0.00,0.00,0.00,7.00,0.00,7.00,0.00,1280.00,14072000,0,2361140,14.37,19684,1065316,2319928,14.12,1549744,625904,21788,1090652,65548,3088,6860,31404,0,0,0.00,0,0.00,6,374,4.86,4.63,4.14,0,7.00,0.00,1280.00,182.86,0.02,2.74,0.46,0.32,1284.40,731.60,9809.77,2424.83,0.00,0.00,0.00,0.80
2018-01-06 00:59:38,59.40,0.00,2.27,0.50,0.10,0.00,0.20,0.00,0.00,37.53,14.40,1811.00,2497.40,0.00,0.00,0.80,2483.20,11355.00,0.00,25002.40,0.00,0.00,0.00,0.00,31.60,0.20,31.40,1.60,4966.40,13965116,0,2468024,15.02,19700,1065900,2345384,14.27,1637544,644292,12704,1196228,65724,3224,7224,31404,0,0,0.00,0,0.00,1,391,4.95,4.65,4.15,0,31.60,1.60,4966.40,157.22,1.55,49.09,0.76,2.40,1293.80,696.80,10032.87,2424.87,0.00,0.00,0.00,0.82
2018-01-06 00:59:43,73.96,0.00,1.56,0.00,0.00,0.00,0.20,0.00,0.00,24.28,3.80,1339.80,2015.40,0.00,0.00,1.60,653.60,1937.00,0.00,9079.80,0.00,0.00,0.00,0.00,7.20,0.40,6.80,3.20,1307.20,13806756,0,2626384,15.98,19712,1174968,2361812,14.37,1767720,673740,128424,1247212,65320,3072,7552,31404,0,0,0.00,0,0.00,5,370,4.72,4.61,4.14,0,7.20,3.20,1307.20,182.00,0.03,3.89,0.33,0.24,1439.00,1148.60,10756.32,6038.09,0.00,0.00,0.00,0.88
2018-01-06 00:59:48,97.30,0.00,2.50,0.05,0.00,0.00,0.10,0.00,0.00,0.05,6.20,1811.40,1718.20,0.00,0.00,0.00,1240.80,6625.80,0.00,5701.60,0.00,0.00,0.00,0.00,12.20,0.00,12.20,0.00,2481.60,13569784,0,2863356,17.42,19724,1271624,2378208,14.47,1982832,691656,231792,1383440,67992,3272,7708,31404,0,0,0.00,0,0.00,13,399,4.98,4.66,4.16,0,12.20,0.00,2481.60,203.41,0.09,7.08,0.26,0.32,194.40,707.20,13.84,6010.24,0.00,0.00,0.00,0.49
2018-01-06 00:59:53,97.85,0.00,1.95,0.00,0.00,0.00,0.15,0.00,0.00,0.05,2.20,4850.00,1583.00,0.00,0.00,0.00,29.60,4996.20,0.00,6778.80,0.00,0.00,0.00,0.00,0.60,0.00,0.60,0.00,59.20,13504112,0,2929028,17.82,19732,1327144,2410808,14.67,1993744,743900,287356,1391932,68964,3368,7848,31404,0,0,0.00,0,0.00,4,410,5.46,4.77,4.19,0,0.60,0.00,59.20,98.67,0.00,0.00,0.00,0.00,5.40,8.00,0.44,2.24,0.00,0.00,0.00,0.00
2018-01-06 00:59:58,98.30,0.00,1.60,0.00,0.00,0.00,0.10,0.00,0.00,0.00,0.20,5866.00,1276.80,0.00,0.00,0.00,9.60,294.60,0.00,3210.00,0.00,0.00,0.00,0.00,1.20,0.00,1.20,0.00,19.20,13398812,0,3034328,18.46,19740,1418688,2410808,14.67,2011148,830320,378888,1404320,71308,3376,7864,31404,0,0,0.00,0,0.00,6,407,5.58,4.81,4.21,0,1.20,0.00,19.20,16.00,0.00,0.00,0.00,0.00,6.40,10.00,0.52,2.60,0.00,0.00,0.00,0.00
2018-01-06 01:00:03,98.15,0.00,1.70,0.00,0.00,0.00,0.15,0.00,0.00,0.00,0.00,5701.80,1552.20,0.00,0.00,0.00,74.40,51.60,0.00,2359.40,0.00,0.00,0.00,0.00,5.20,0.00,5.20,0.00,148.80,13304376,0,3128764,19.04,19752,1510456,2410808,14.67,2016596,917252,470372,1404524,73688,3368,7864,31404,0,0,0.00,0,0.00,4,407,5.70,4.84,4.22,0,5.20,0.00,148.80,28.62,0.00,0.00,0.00,0.00,5.60,8.40,0.47,2.50,0.00,0.00,0.00,0.00
2018-01-06 01:00:08,98.35,0.00,1.50,0.00,0.00,0.00,0.15,0.00,0.00,0.00,0.00,5624.80,1566.40,0.00,0.00,0.00,670.40,50.60,0.00,2373.20,0.00,0.00,0.00,0.00,9.80,0.00,9.80,0.00,1340.80,13209708,0,3223432,19.62,19764,1602552,2410808,14.67,2021860,1004480,559284,1404692,76040,3368,7864,31404,0,0,0.00,0,0.00,5,406,5.72,4.86,4.23,0,9.80,0.00,1340.80,136.82,0.02,2.37,0.24,0.24,5.60,8.00,0.45,2.24,0.00,0.00,0.00,0.00
2018-01-06 01:00:13,97.40,0.00,2.35,0.00,0.00,0.00,0.25,0.00,0.00,0.00,0.00,5565.47,2082.44,0.00,0.00,0.80,45363.67,48.50,0.00,2850.10,0.00,0.00,0.00,0.00,366.07,0.20,365.87,1.60,90727.35,13121660,0,3311480,20.15,19772,1688928,2410808,14.67,2017932,1094344,422196,1404716,78180,3360,7868,31404,0,0,0.00,0,0.00,4,406,5.66,4.86,4.24,0,366.07,1.60,90727.35,247.85,39.27,107.28,0.81,29.62,93.21,214.37,6.37,1801.86,0.00,0.00,0.00,0.15
2018-01-06 01:00:18,90.82,0.00,3.46,0.20,0.05,0.00,0.20,0.00,0.00,5.27,19.60,5239.40,2748.40,0.00,0.00,0.80,30720.80,8106.60,0.00,49213.00,0.00,0.00,0.00,0.00,215.20,0.20,215.00,1.60,54708.80,13786512,0,2646628,16.11,19792,1527060,2297540,13.98,1277620,1173124,340840,904328,75608,2832,6272,31404,0,0,0.00,0,0.00,7,349,5.61,4.87,4.24,1,215.20,1.60,54708.80,254.23,13.97,50.78,0.46,9.84,137.00,447.20,12.00,3615.98,0.00,0.00,0.00,0.30
2018-01-06 01:00:23,95.89,0.00,3.71,0.05,0.00,0.00,0.20,0.00,0.00,0.15,19.60,2678.80,2878.40,0.00,0.00,2.40,68068.80,15489.20,0.00,24117.80,0.00,0.00,0.00,0.00,560.20,0.60,559.60,4.80,142870.40,13567564,0,2865576,17.44,19812,1509976,2305136,14.03,1423544,1221812,980,1130076,74184,2968,7028,31404,0,0,0.00,0,0.00,10,383,5.96,4.95,4.27,0,560.20,4.80,142870.40,255.04,106.07,194.77,1.39,77.92,1413.60,1606.60,9510.21,9645.89,0.00,0.00,0.00,0.79
2018-01-06 01:00:28,96.35,0.00,2.95,0.00,0.00,0.00,0.45,0.00,0.00,0.25,6.40,2064.80,2880.00,0.00,0.00,0.00,52.80,1715.00,0.00,18578.20,0.00,0.00,0.00,0.00,0.80,0.00,0.80,0.00,105.60,13381652,0,3051488,18.57,19824,1650832,2322024,14.13,1561648,1296756,174828,1188712,73204,3080,7396,31404,0,0,0.00,0,0.00,5,371,6.13,5.00,4.29,0,0.80,0.00,105.60,132.00,0.00,0.00,0.00,0.00,3821.00,2924.60,28430.26,17489.78,0.00,0.00,0.00,2.33
2018-01-06 01:00:33,97.30,0.00,2.55,0.00,0.00,0.00,0.10,0.00,0.00,0.05,5.60,2327.00,1693.40,0.00,0.00,0.00,21.60,12791.80,0.00,11248.20,0.00,0.00,0.00,0.00,0.80,0.00,0.80,0.00,43.20,13029812,0,3403328,20.71,19836,1703588,2387284,14.53,1887420,1313684,233420,1481832,74920,3304,7928,31404,0,0,0.00,0,0.00,8,399,6.12,5.02,4.30,0,0.80,0.00,43.20,54.00,0.00,0.00,0.00,0.00,123.40,437.60,9.06,3617.99,0.00,0.00,0.00,0.30
2018-01-06 01:00:38,97.65,0.00,2.20,0.00,0.00,0.00,0.15,0.00,0.00,0.00,2.40,5240.60,1806.60,0.00,0.00,0.00,13.60,1661.80,0.00,5266.80,0.00,0.00,0.00,0.00,0.40,0.00,0.40,0.00,27.20,12965452,0,3467688,21.10,19844,1772128,2387284,14.53,1891552,1378020,301964,1478724,76420,3384,8020,31404,0,0,0.00,0,0.00,4,411,6.43,5.10,4.33,0,0.40,0.00,27.20,68.00,0.00,2.00,2.00,0.08,5.80,8.80,0.49,2.60,0.00,0.00,0.00,0.00
2018-01-06 01:00:43,97.65,0.00,2.15,0.00,0.00,0.00,0.20,0.00,0.00,0.00,0.00,5879.20,1650.40,0.00,0.00,0.00,5.60,162.40,0.00,3251.40,0.00,0.00,0.00,0.00,0.40,0.00,0.40,0.00,11.20,12881684,0,3551456,21.61,19852,1863152,2387284,14.53,1887160,1463896,392988,1469332,78728,3368,8032,31404,0,0,0.00,0,0.00,4,407,6.31,5.10,4.34,0,0.40,0.00,11.20,28.00,0.00,2.00,2.00,0.08,6.00,9.20,0.48,2.25,0.00,0.00,0.00,0.00
2018-01-06 01:00:48,97.75,0.00,1.95,0.00,0.00,0.00,0.30,0.00,0.00,0.00,0.00,5649.00,1684.20,0.00,0.00,0.00,80.00,50.60,0.00,3236.80,0.00,0.00,0.00,0.00,10.00,0.00,10.00,0.00,160.00,12796784,0,3636356,22.13,19860,1947572,2387284,14.53,1868756,1564588,482524,1466720,80620,3368,8036,31404,0,0,0.00,0,0.00,8,406,6.21,5.10,4.34,0,10.00,0.00,160.00,16.00,0.00,0.40,0.16,0.16,128.40,491.00,8.85,4199.82,0.00,0.00,0.00,0.34
2018-01-06 01:00:53,97.80,0.00,2.00,0.00,0.00,0.00,0.15,0.00,0.00,0.05,0.00,5762.20,1813.80,0.00,0.00,0.00,141.60,50.20,0.00,2463.00,0.00,0.00,0.00,0.00,11.00,0.00,11.00,0.00,283.20,12704764,0,3728376,22.69,19868,2038752,2387284,14.53,1873060,1650224,573152,1466184,83116,3360,8036,31404,0,0,0.00,0,0.00,4,406,6.03,5.08,4.34,0,11.00,0.00,283.20,25.75,0.01,1.24,0.07,0.08,5.80,8.40,0.49,2.58,0.00,0.00,0.00,0.00
2018-01-06 01:00:58,97.85,0.00,1.95,0.00,0.00,0.00,0.20,0.00,0.00,0.00,0.00,5876.00,2353.80,0.00,0.00,704.80,45332.80,44.00,0.00,2883.80,0.00,0.00,0.00,0.00,331.80,6.20,325.60,1409.60,83099.20,12612272,0,3820868,23.25,19876,2128084,2387284,14.53,1878280,1734768,436896,1466264,85824,3360,8044,31404,0,0,0.00,0,0.00,7,406,6.03,5.10,4.35,1,332.00,1409.60,83150.40,254.70,36.28,99.27,0.77,25.60,88.80,282.40,6.08,2393.45,0.00,0.00,0.00,0.20
2018-01-06 01:01:03,57.06,0.00,2.01,0.00,0.05,0.00,0.30,0.00,0.00,40.58,11.00,4367.00,2112.00,0.00,0.00,0.00,189.60,1267.60,0.00,59315.80,0.00,0.00,0.00,0.00,31.80,0.00,31.80,0.00,7945.60,13694800,0,2738340,16.66,19884,1958592,1157564,7.04,748300,1789200,493792,558932,83220,2520,4468,31404,0,0,0.00,0,0.00,0,270,5.87,5.08,4.34,0,31.60,0.00,7894.40,249.82,3.37,211.90,1.39,4.40,27.40,34.80,3.04,7.44,0.00,0.00,0.00,0.00
2018-01-06 01:01:08,0.05,0.00,0.30,20.36,0.15,0.00,0.00,0.00,0.00,79.14,0.00,303.20,941.80,0.00,0.00,2.40,98715.20,10.40,0.00,43.20,0.00,0.00,0.00,0.00,773.80,0.60,773.20,4.80,197430.40,13695024,0,2738116,16.66,19896,1958612,1157564,7.04,748108,1789268,424,558900,82644,2272,4452,31404,0,0,0.00,0,0.00,0,270,5.48,5.01,4.33,0,773.80,4.80,197430.40,255.15,122.27,158.01,1.14,87.84,3.80,5.00,0.30,0.97,0.00,0.00,0.00,0.00
2018-01-06 01:01:13,0.00,0.00,0.00,0.05,0.00,0.00,0.00,0.00,0.00,99.95,0.00,251.20,166.40,0.00,0.00,0.00,17.60,8.80,0.00,33.80,0.00,0.00,0.00,0.00,0.40,0.00,0.40,0.00,35.20,13695040,0,2738100,16.66,19904,1958636,1157564,7.04,748136,1789296,488,558904,82624,2272,4452,31404,0,0,0.00,0,0.00,0,270,5.04,4.93,4.30,0,0.40,0.00,35.20,88.00,0.00,0.00,0.00,0.00,4.20,5.60,0.33,1.10,0.00,0.00,0.00,0.00
2018-01-06 01:01:18,0.05,0.00,0.05,0.00,0.05,0.00,0.00,0.00,0.00,99.85,0.60,283.20,203.40,0.00,0.00,0.00,0.00,22.00,0.00,69.40,0.00,0.00,0.00,0.00,0.00,0.00,0.00,0.00,0.00,13695316,0,2737824,16.66,19904,1958368,1157564,7.04,748148,1789124,516,558904,82616,2264,4452,31404,0,0,0.00,0,0.00,0,271,4.63,4.84,4.28,0,0.00,0.00,0.00,0.00,0.00,0.00,0.00,0.00,7.20,8.80,1.76,2.58,0.00,0.00,0.00,0.00
2018-01-06 01:01:23,8.43,0.00,1.15,0.00,0.05,0.00,0.00,0.00,0.00,90.37,27.00,829.20,675.60,0.00,0.00,0.00,62.40,9030.20,0.00,18728.00,0.00,0.00,0.00,0.00,7.00,0.00,7.00,0.00,124.80,13947444,0,2485696,15.13,19932,1617120,2208956,13.44,835532,1447748,828,648796,82136,2280,5548,31404,0,0,0.00,0,0.00,6,353,4.26,4.76,4.26,0,7.00,0.00,124.80,17.83,0.00,0.11,0.11,0.08,25.20,22.60,74.94,2.74,0.00,0.00,0.00,0.01
2018-01-06 01:01:28,96.85,0.00,2.65,0.00,0.00,0.00,0.00,0.00,0.00,0.50,6.40,2145.20,1429.00,0.00,0.00,0.00,82.40,16501.40,0.00,10882.80,0.00,0.00,0.00,0.00,1.20,0.00,1.20,0.00,164.80,13518712,0,2914428,17.74,19948,1617244,2290696,13.94,1264820,1447940,1584,1075628,82420,3040,7080,31404,0,0,0.00,0,0.00,13,370,4.88,4.88,4.30,0,1.20,0.00,164.80,137.33,0.00,0.00,0.00,0.00,12.60,16.20,1.46,2.47,0.00,0.00,0.00,0.00
2018-01-06 01:01:33,97.70,0.00,2.05,0.00,0.00,0.00,0.20,0.00,0.00,0.05,8.00,5204.40,1930.20,0.00,0.00,0.00,72.80,1484.40,0.00,769.40,0.00,0.00,0.00,0.00,2.80,0.00,2.80,0.00,145.60,13074796,0,3358344,20.44,19960,1617748,2290696,13.94,1704540,1448436,2076,1515268,83280,3264,8000,31404,0,0,0.00,0,0.00,8,392,5.45,5.00,4.34,0,2.80,0.00,145.60,52.00,0.00,0.00,0.00,0.00,14.00,19.60,3.75,2.80,0.00,0.00,0.00,0.00
2018-01-06 01:01:38,97.95,0.00,1.90,0.00,0.00,0.00,0.15,0.00,0.00,0.00,0.00,2601.60,1516.00,0.00,0.00,0.00,21.60,78.80,0.00,103.40,0.00,0.00,0.00,0.00,0.60,0.00,0.60,0.00,43.20,13074936,0,3358204,20.44,19968,1617772,2290696,13.94,1704864,1448456,1928,1515628,83276,3216,8000,31404,0,0,0.00,0,0.00,5,388,5.82,5.09,4.37,0,0.60,0.00,43.20,72.00,0.00,0.00,0.00,0.00,5.60,8.40,0.47,2.45,0.00,0.00,0.00,0.00
2018-01-06 01:01:43,97.50,0.00,2.45,0.00,0.00,0.00,0.05,0.00,0.00,0.00,0.00,2124.60,1436.20,0.00,0.00,0.00,10.40,47.00,0.00,184.60,0.00,0.00,0.00,0.00,0.40,0.00,0.40,0.00,20.80,12853776,0,3579364,21.78,19976,1836804,2290696,13.94,1924524,1448480,220952,1516228,86468,3184,8004,31404,0,0,0.00,0,0.00,6,384,5.67,5.07,4.37,0,0.40,0.00,20.80,52.00,0.00,0.00,0.00,0.00,6.00,9.00,0.47,2.02,0.00,0.00,0.00,0.00
2018-01-06 01:01:48,98.65,0.00,1.25,0.00,0.00,0.00,0.10,0.00,0.00,0.00,0.00,1831.40,1436.80,0.00,0.00,0.00,9.60,137.60,0.00,98.60,0.00,0.00,0.00,0.00,0.80,0.00,0.80,0.00,19.20,12849736,0,3583404,21.81,19984,1836828,2290696,13.94,1928912,1448484,220976,1520624,86432,3184,8008,31404,0,0,0.00,0,0.00,5,384,5.94,5.13,4.39,0,0.80,0.00,19.20,24.00,0.00,0.00,0.00,0.00,6.60,10.40,0.58,3.23,0.00,0.00,0.00,0.00
2018-01-06 01:01:53,97.10,0.00,2.90,0.00,0.00,0.00,0.00,0.00,0.00,0.00,3.20,873.00,1469.80,0.00,0.00,0.00,21689.60,1783.60,0.00,1384.40,0.00,0.00,0.00,0.00,187.40,0.00,187.40,0.00,43379.20,12546724,0,3886416,23.65,19992,2123636,2307680,14.04,2224396,1448536,398964,1530044,93180,3232,8028,31404,0,0,0.00,0,0.00,5,392,5.94,5.15,4.40,0,187.40,0.00,43379.20,231.48,6.76,36.08,0.29,5.36,5.80,8.60,0.49,2.48,0.00,0.00,0.00,0.00
2018-01-06 01:01:58,96.70,0.00,3.30,0.00,0.00,0.00,0.00,0.00,0.00,0.00,0.00,1413.60,1666.80,0.00,0.00,0.00,30448.80,22.80,0.00,249.40,0.00,0.00,0.00,0.00,210.60,0.00,210.60,0.00,53832.00,12253280,0,4179860,25.44,20000,2411844,2307680,14.04,2509240,1448564,535624,1526504,100944,3248,8056,31404,0,0,0.00,0,0.00,4,392,5.79,5.13,4.40,1,210.80,0.00,53883.20,255.61,13.42,50.18,0.45,9.44,5.00,7.20,0.41,1.91,0.00,0.00,0.00,0.00
2018-01-06 01:02:03,74.92,0.00,3.98,8.46,0.05,0.00,0.00,0.00,0.00,12.59,27.20,2159.40,2460.20,0.00,0.00,2.40,91615.20,11275.80,0.00,75479.40,0.00,0.00,0.00,0.00,716.80,0.60,716.20,4.80,183128.00,13323356,0,3109784,18.92,20032,2084072,2228712,13.56,1447756,1447996,204904,791648,93972,2632,5956,31404,0,0,0.00,0,0.00,10,340,5.72,5.13,4.40,1,716.80,4.80,183128.00,255.49,140.28,192.64,1.39,99.92,30.60,32.40,5.23,5.45,0.00,0.00,0.00,0.00
2018-01-06 01:02:08,96.55,0.00,3.30,0.00,0.00,0.00,0.10,0.00,0.00,0.05,13.60,2490.20,1815.60,0.00,0.00,0.00,21341.60,15175.00,0.00,8882.40,0.00,0.00,0.00,0.00,195.00,0.00,195.00,0.00,49851.20,12807204,0,3625936,22.06,20044,2078008,2310156,14.06,1960324,1451368,99504,1313692,94388,3024,7408,31404,0,0,0.00,0,0.00,9,383,6.47,5.29,4.46,0,194.80,0.00,49800.00,255.65,33.35,197.07,1.40,27.20,75.20,247.40,7.75,1927.38,0.00,0.00,0.00,0.16
2018-01-06 01:02:13,97.75,0.00,2.00,0.00,0.00,0.00,0.20,0.00,0.00,0.05,1.20,4888.80,2508.80,0.00,0.00,0.80,19655.20,912.20,0.00,2011.80,0.00,0.00,0.00,0.00,154.60,0.20,154.40,1.60,39310.40,12592556,0,3840584,23.37,20056,2071012,2310156,14.06,2168916,1453892,1436,1531756,94652,3216,8032,31404,0,0,0.00,0,0.00,10,388,6.59,5.33,4.48,0,154.60,1.60,39310.40,254.28,6.98,45.17,0.35,5.44,64.20,228.80,5.09,1920.17,0.00,0.00,0.00,0.16
2018-01-06 01:02:18,97.70,0.00,2.15,0.00,0.00,0.00,0.15,0.00,0.00,0.00,0.00,1924.60,1495.00,0.00,0.00,0.00,15.20,63.80,0.00,100.60,0.00,0.00,0.00,0.00,0.40,0.00,0.40,0.00,30.40,12592400,0,3840740,23.37,20064,2071032,2310156,14.06,2169412,1453908,1468,1532244,94880,3216,8032,31404,0,0,0.00,0,0.00,4,385,7.02,5.45,4.52,0,0.40,0.00,30.40,76.00,0.00,0.00,0.00,0.00,6.20,9.60,0.52,2.61,0.00,0.00,0.00,0.00
2018-01-06 01:02:23,96.80,0.00,2.90,0.00,0.00,0.00,0.25,0.00,0.00,0.05,0.00,2621.60,1777.00,0.00,0.00,0.00,8.00,151.80,0.00,213.20,0.00,0.00,0.00,0.00,0.40,0.00,0.40,0.00,16.00,12370032,0,4063108,24.73,20072,2290068,2310156,14.06,2390452,1453948,220504,1534284,98248,3176,8036,31404,0,0,0.00,0,0.00,7,383,6.78,5.42,4.52,0,0.40,0.00,16.00,40.00,0.00,2.00,2.00,0.08,5.60,8.40,0.46,2.18,0.00,0.00,0.00,0.00
2018-01-06 01:02:28,98.75,0.00,1.20,0.00,0.00,0.00,0.05,0.00,0.00,0.00,0.00,1209.20,1582.80,0.00,0.00,0.00,126.40,23.20,0.00,1975.60,0.00,0.00,0.00,0.00,9.80,0.00,9.80,0.00,252.80,12378552,0,4054588,24.67,20080,2280156,2310156,14.06,2372196,1462264,229484,1534848,97736,3168,8036,31404,0,0,0.00,0,0.00,4,381,6.80,5.45,4.53,0,9.80,0.00,252.80,25.80,0.00,0.16,0.08,0.08,221.60,668.00,14.74,5755.48,0.00,0.00,0.00,0.47
2018-01-06 01:02:33,96.70,0.00,3.30,0.00,0.00,0.00,0.00,0.00,0.00,0.00,3.20,1018.20,1338.40,0.00,0.00,0.00,15.20,1804.40,0.00,1295.40,0.00,0.00,0.00,0.00,0.40,0.00,0.40,0.00,30.40,12046340,0,4386800,26.69,20088,2595296,2326672,14.16,2698224,1462784,545032,1545768,105228,3232,8096,31404,0,0,0.00,0,0.00,4,390,6.57,5.42,4.53,0,0.40,0.00,30.40,76.00,0.00,0.00,0.00,0.00,6.00,9.00,0.51,2.58,0.00,0.00,0.00,0.00
2018-01-06 01:02:38,96.35,0.00,3.40,0.00,0.00,0.00,0.15,0.00,0.00,0.10,0.00,1546.40,1720.80,0.00,0.00,0.00,98.40,27.40,0.00,3337.20,0.00,0.00,0.00,0.00,11.00,0.00,11.00,0.00,196.80,11793560,0,4639580,28.23,20096,2852256,2326672,14.16,2928460,1478392,833536,1535248,112140,3232,8076,31404,0,0,0.00,0,0.00,4,390,6.37,5.40,4.52,0,11.00,0.00,196.80,17.89,0.01,1.16,0.07,0.08,292.00,1100.00,19.35,9572.22,0.00,0.00,0.00,0.78
2018-01-06 01:02:43,47.50,0.00,3.34,0.05,0.10,0.00,0.10,0.00,0.00,48.91,19.80,1982.20,2592.40,0.00,0.00,0.80,21591.20,7976.80,0.00,81440.00,0.00,0.00,0.00,0.00,175.80,0.20,175.60,1.60,43182.40,13024012,0,3409128,20.75,20120,2479196,1663656,10.12,1601292,1588296,359896,690272,102884,2288,4860,31404,0,0,0.00,0,0.00,7,306,6.18,5.38,4.52,0,175.80,1.60,43182.40,245.64,0.92,5.22,0.37,6.48,1078.60,2730.20,73.28,23574.01,0.00,0.00,0.00,1.93
2018-01-06 01:02:48,93.89,0.00,3.76,0.00,0.00,0.00,0.50,0.00,0.00,1.85,18.56,2404.79,2678.24,0.00,0.00,0.00,5736.53,14835.93,0.00,24009.78,0.00,0.00,0.00,0.00,46.31,0.00,46.31,0.00,11473.05,12427132,0,4006008,24.38,20148,2499836,2328352,14.17,2140184,1641704,368376,1261684,103492,3064,7256,31404,0,0,0.00,0,0.00,12,379,6.32,5.42,4.54,0,46.31,0.00,11473.05,247.76,0.21,4.48,0.41,1.92,4129.74,1476.85,34934.04,5796.45,0.00,0.00,0.00,2.86
2018-01-06 01:02:53,82.78,0.00,4.45,0.00,0.00,0.00,0.45,0.00,0.00,12.31,7.00,1867.40,2601.00,0.00,0.00,0.00,10100.80,3523.40,0.00,22271.20,0.00,0.00,0.00,0.00,81.80,0.00,81.80,0.00,20201.60,11874516,0,4558624,27.74,20160,2773020,2422192,14.74,2612496,1716556,607960,1536184,108764,3360,8096,31404,0,0,0.00,0,0.00,4,406,6.30,5.43,4.55,0,81.80,0.00,20201.60,246.96,0.44,5.43,0.37,3.04,4219.80,2232.80,34974.81,10185.61,0.00,0.00,0.00,2.87
2018-01-06 01:02:58,6.52,0.00,0.55,0.00,0.05,0.00,0.00,0.00,0.00,92.88,0.00,654.60,564.20,0.00,0.00,0.00,32.00,35.40,0.00,210.00,0.00,0.00,0.00,0.00,1.00,0.00,1.00,0.00,64.00,11827612,0,4605528,28.03,20172,2819056,2422192,14.74,2656160,1716576,653992,1535620,110176,3360,8096,31404,0,0,0.00,0,0.00,0,406,5.79,5.34,4.52,0,1.00,0.00,64.00,64.00,0.00,0.00,0.00,0.00,9.80,16.60,1.32,4.36,0.00,0.00,0.00,0.00
2018-01-06 01:03:03,1.05,0.00,0.15,0.00,0.05,0.00,0.00,0.00,0.00,98.75,0.00,702.80,583.60,0.00,0.00,0.00,108.00,23.20,0.00,214.00,0.00,0.00,0.00,0.00,8.60,0.00,8.60,0.00,216.00,11817852,0,4615288,28.09,20180,2819080,2422192,14.74,2667440,1716584,653488,1544788,110196,3360,8120,31404,0,0,0.00,0,0.00,0,406,5.65,5.32,4.52,0,8.60,0.00,216.00,25.12,0.00,0.00,0.00,0.00,9.80,16.80,1.33,4.68,0.00,0.00,0.00,0.00
2018-01-06 01:03:08,0.96,0.00,0.20,9.02,0.10,0.00,0.00,0.00,0.00,89.72,0.00,796.20,1057.80,0.00,0.00,1.60,56103.20,13.80,0.00,1825.00,0.00,0.00,0.00,0.00,441.80,0.40,441.40,3.20,112206.40,11817752,0,4615388,28.09,20188,2819108,2422192,14.74,2667516,1716592,373084,1544840,110172,3360,8120,31404,0,0,0.00,0,0.00,0,406,5.20,5.23,4.50,0,441.80,3.20,112206.40,253.98,56.28,127.40,0.93,41.28,451.40,332.80,3816.08,24.97,0.00,0.00,0.00,0.31
2018-01-06 01:03:13,86.45,0.00,2.31,0.00,0.00,0.00,0.05,0.00,0.00,11.19,5.80,2193.40,1922.20,0.00,0.00,0.00,29.60,2356.40,0.00,6605.00,0.00,0.00,0.00,0.00,2.00,0.00,2.00,0.00,59.20,11722920,0,4710220,28.66,20196,2895248,2414788,14.69,2749816,1726296,468004,1560492,111948,3296,8168,31404,0,0,0.00,0,0.00,10,399,5.42,5.28,4.51,0,2.00,0.00,59.20,29.60,0.00,0.00,0.00,0.00,579.60,921.60,3834.02,5601.94,0.00,0.00,0.00,0.46
2018-01-06 01:03:18,98.25,0.00,1.60,0.00,0.00,0.00,0.15,0.00,0.00,0.00,2.20,2124.40,1784.40,0.00,0.00,0.80,18772.80,4628.60,0.00,6888.40,0.00,0.00,0.00,0.00,156.40,0.20,156.20,1.60,37545.60,11733932,0,4699208,28.60,20204,2866464,2414788,14.69,2720788,1744732,376640,1579092,110868,3392,8192,31404,0,0,0.00,0,0.00,5,410,6.03,5.40,4.56,0,156.40,1.60,37545.60,240.07,5.38,34.40,0.28,4.40,221.20,1115.80,14.91,9696.19,0.00,0.00,0.00,0.79
2018-01-06 01:03:23,98.75,0.00,1.25,0.00,0.00,0.00,0.00,0.00,0.00,0.00,0.00,2107.40,1728.40,0.00,0.00,1.60,48668.80,159.00,0.00,626.00,0.00,0.00,0.00,0.00,353.00,0.40,352.60,3.20,90027.20,11729484,0,4703656,28.62,20212,2873156,2414788,14.69,2719568,1751312,140020,1577408,110964,3392,8200,31404,0,0,0.00,0,0.00,6,409,6.11,5.43,4.57,1,353.00,3.20,90027.20,255.04,41.67,103.33,0.83,29.28,6.00,8.60,0.48,2.37,0.00,0.00,0.00,0.00
2018-01-06 01:03:28,90.75,0.00,3.17,0.00,0.05,0.00,0.15,0.00,0.00,5.88,29.60,2707.40,2584.40,0.00,0.00,0.80,7227.20,16748.80,0.00,84917.20,0.00,0.00,0.00,0.00,86.40,0.20,86.20,1.60,21764.80,12928032,0,3505108,21.33,20244,2373996,2235316,13.60,1510364,1775260,13312,893480,98856,2808,6284,31404,0,0,0.00,0,0.00,12,345,5.94,5.41,4.57,0,86.40,1.60,21764.80,251.93,14.06,222.85,1.38,11.92,425.00,1362.20,33.12,11605.93,0.00,0.00,0.00,0.95
2018-01-06 01:03:33,94.74,0.00,4.21,0.00,0.00,0.00,0.85,0.00,0.00,0.20,14.00,3460.40,3918.60,0.00,0.00,0.00,72.00,8423.00,0.00,41851.40,0.00,0.00,0.00,0.00,1.60,0.00,1.60,0.00,144.00,12511740,0,3921400,23.86,20256,2291312,2351364,14.31,1802888,1902884,58260,1394648,94060,3216,7392,31404,0,0,0.00,0,0.00,9,383,6.02,5.43,4.58,0,1.60,0.00,144.00,90.00,0.00,0.00,0.00,0.00,7507.60,6053.00,58594.53,40126.72,0.00,0.00,0.00,4.80
2018-01-06 01:03:38,95.25,0.00,4.20,0.05,0.00,0.00,0.35,0.00,0.00,0.15,3.00,1524.80,2127.60,0.00,0.00,0.00,71.20,480.60,0.00,12389.20,0.00,0.00,0.00,0.00,1.60,0.00,1.60,0.00,142.40,11974484,0,4458656,27.13,20268,2620196,2443416,14.87,2293188,1945488,423316,1598596,99036,3160,8124,31404,0,0,0.00,0,0.00,5,378,6.02,5.44,4.59,0,1.60,0.00,142.40,89.00,0.00,0.00,0.00,0.00,2483.20,1667.00,19545.86,11470.41,0.00,0.00,0.00,1.60
2018-01-06 01:03:43,97.80,0.00,2.20,0.00,0.00,0.00,0.00,0.00,0.00,0.00,6.40,2378.40,1597.80,0.00,0.00,0.00,74.40,1981.40,0.00,3651.60,0.00,0.00,0.00,0.00,8.60,0.00,8.60,0.00,148.80,11926672,0,4506468,27.42,20276,2659432,2443416,14.87,2328440,1953636,479956,1602768,100824,3328,8204,31404,0,0,0.00,0,0.00,13,408,6.10,5.47,4.60,0,8.60,0.00,148.80,17.30,0.00,0.00,0.00,0.00,173.40,606.60,12.06,5157.63,0.00,0.00,0.00,0.42
2018-01-06 01:03:48,98.70,0.00,1.10,0.00,0.00,0.00,0.20,0.00,0.00,0.00,0.40,2146.40,1822.20,0.00,0.00,0.00,648.00,2462.00,0.00,5580.80,0.00,0.00,0.00,0.00,6.60,0.00,6.60,0.00,1296.00,11947372,0,4485768,27.30,20284,2620752,2443416,14.87,2279632,1983520,480904,1621836,99984,3392,8268,31404,0,0,0.00,0,0.00,4,410,6.01,5.46,4.61,0,6.60,0.00,1296.00,196.36,0.02,3.15,0.24,0.16,274.40,1594.40,18.16,13925.52,0.00,0.00,0.00,1.14
2018-01-06 01:03:53,92.18,0.00,1.45,0.00,0.05,0.00,0.05,0.00,0.00,6.27,2.60,2344.20,1712.00,0.00,0.00,2238.40,1889.60,377.60,0.00,21060.40,0.00,0.00,0.00,0.00,34.60,18.60,16.00,4476.80,3779.20,12331000,0,4102140,24.96,20292,2509752,2106408,12.82,1894132,1988820,362184,1352960,98032,3104,7312,31404,0,0,0.00,0,0.00,6,372,5.85,5.44,4.60,0,34.60,4476.80,3779.20,238.61,0.21,6.13,0.32,1.12,136.60,451.00,9.36,3821.62,0.00,0.00,0.00,0.31
2018-01-06 01:03:58,7.55,0.00,0.81,0.00,0.00,0.00,0.00,0.00,0.00,91.65,8.40,955.60,829.20,0.00,0.00,0.00,58.40,912.20,0.00,59893.40,0.00,0.00,0.00,0.00,1.40,0.00,1.40,0.00,116.80,13516316,0,2916824,17.75,20304,2160672,1103140,6.71,720044,1989168,13136,528236,88584,2296,4556,31404,0,0,0.00,0,0.00,0,270,5.38,5.35,4.58,0,1.40,0.00,116.80,83.43,0.00,0.57,0.57,0.08,20.60,25.40,2.27,5.43,0.00,0.00,0.00,0.00
2018-01-06 01:04:03,0.00,0.00,0.00,0.00,0.00,0.00,0.00,0.00,0.00,100.00,0.00,260.60,165.00,0.00,0.00,0.00,21.60,9.40,0.00,32.40,0.00,0.00,0.00,0.00,2.60,0.00,2.60,0.00,43.20,13516556,0,2916584,17.75,20316,2160700,1103140,6.71,720048,1989152,13088,528184,88544,2272,4416,31404,0,0,0.00,0,0.00,0,270,4.95,5.26,4.55,0,2.60,0.00,43.20,16.62,0.00,0.00,0.00,0.00,4.20,5.60,0.33,1.10,0.00,0.00,0.00,0.00
2018-01-06 01:04:08,0.05,0.00,0.00,0.00,0.00,0.00,0.00,0.00,0.00,99.95,0.00,258.20,165.20,0.00,0.00,0.00,49.60,11.00,0.00,33.40,0.00,0.00,0.00,0.00,1.60,0.00,1.60,0.00,99.20,13516564,0,2916576,17.75,20328,2160720,1103140,6.71,720060,1989172,12968,528184,88532,2272,4416,31404,0,0,0.00,0,0.00,0,270,4.55,5.17,4.53,0,1.60,0.00,99.20,62.00,0.00,0.50,0.50,0.08,3.80,5.00,0.29,0.98,0.00,0.00,0.00,0.00
2018-01-06 01:04:13,0.05,0.00,0.75,0.00,0.05,0.00,0.05,0.00,0.00,99.10,2.00,404.00,368.40,0.00,0.00,0.00,57.60,48.40,0.00,52053.00,0.00,0.00,0.00,0.00,1.20,0.00,1.20,0.00,115.20,14551880,0,1881260,11.45,20336,1149400,1103140,6.71,666972,1033268,13168,530468,63104,2288,4420,31404,0,0,0.00,0,0.00,0,272,4.19,5.08,4.50,0,1.20,0.00,115.20,96.00,0.00,0.00,0.00,0.00,29.20,31.60,75.65,79.46,0.00,0.00,0.00,0.01
2018-01-06 01:04:18,38.94,0.00,1.86,0.00,0.00,0.00,0.00,0.00,0.00,59.20,27.40,1307.00,1087.60,0.00,0.00,0.00,2617.60,14492.00,0.00,30346.00,0.00,0.00,0.00,0.00,27.20,0.00,27.20,0.00,5235.20,14769764,0,1663376,10.12,20368,632332,2193188,13.35,969428,516484,1636,833212,57532,2912,6196,31404,0,0,0.00,0,0.00,12,350,3.85,5.00,4.48,0,27.20,0.00,5235.20,192.47,0.34,12.53,0.26,0.72,27.60,28.60,4.88,80.79,0.00,0.00,0.00,0.01
2018-01-06 01:04:23,96.05,0.00,3.20,0.00,0.00,0.00,0.00,0.00,0.00,0.75,14.40,2617.00,1587.00,0.00,0.00,0.00,24.80,11452.80,0.00,6257.00,0.00,0.00,0.00,0.00,0.60,0.00,0.60,0.00,49.60,14105668,0,2327472,14.16,20380,632840,2274580,13.84,1632728,516840,2148,1496544,57900,3152,7424,31404,0,0,0.00,0,0.00,4,393,3.87,4.98,4.48,0,0.60,0.00,49.60,82.67,0.00,0.00,0.00,0.00,20.80,27.40,4.74,3.61,0.00,0.00,0.00,0.00
2018-01-06 01:04:28,98.65,0.00,1.25,0.00,0.00,0.00,0.10,0.00,0.00,0.00,0.00,4882.80,1672.60,0.00,0.00,0.00,12.80,110.20,0.00,1011.60,0.00,0.00,0.00,0.00,0.80,0.00,0.80,0.00,25.60,14096904,0,2336236,14.22,20388,632872,2274580,13.84,1638680,516848,2168,1502268,58452,3208,8000,31404,0,0,0.00,0,0.00,17,387,4.12,5.02,4.49,0,0.80,0.00,25.60,32.00,0.00,0.00,0.00,0.00,5.60,8.00,0.45,1.56,0.00,0.00,0.00,0.00
2018-01-06 01:04:33,98.00,0.00,1.85,0.00,0.00,0.00,0.15,0.00,0.00,0.00,0.00,2179.00,1432.60,0.00,0.00,0.00,9.60,83.60,0.00,169.60,0.00,0.00,0.00,0.00,1.20,0.00,1.20,0.00,19.20,14098516,0,2334624,14.21,20388,632904,2274580,13.84,1638208,516868,2176,1501892,58304,3208,8000,31404,0,0,0.00,0,0.00,4,383,4.75,5.13,4.53,0,1.20,0.00,19.20,16.00,0.00,0.00,0.00,0.00,6.60,10.40,0.55,2.66,0.00,0.00,0.00,0.00
2018-01-06 01:04:38,98.45,0.00,1.55,0.00,0.00,0.00,0.00,0.00,0.00,0.00,0.00,662.20,1271.60,0.00,0.00,0.00,437.60,45.00,0.00,151.80,0.00,0.00,0.00,0.00,21.60,0.00,21.60,0.00,875.20,13946816,0,2486324,15.13,20396,785708,2274580,13.84,1790568,516948,152888,1502048,58352,3176,8000,31404,0,0,0.00,0,0.00,6,383,4.69,5.11,4.53,0,21.60,0.00,875.20,40.52,0.07,3.15,0.11,0.24,6.00,8.80,0.50,2.48,0.00,0.00,0.00,0.00
2018-01-06 01:04:43,98.35,0.00,1.50,0.05,0.00,0.00,0.00,0.00,0.00,0.10,3.20,1072.40,1298.60,0.00,0.00,0.00,25.60,222.20,0.00,89.40,0.00,0.00,0.00,0.00,0.40,0.00,0.40,0.00,51.20,13841336,0,2591804,15.77,20404,883584,2274580,13.84,1893888,517020,250900,1507756,60380,3272,8024,31404,0,0,0.00,0,0.00,4,392,4.63,5.09,4.53,0,0.40,0.00,51.20,128.00,0.00,2.00,2.00,0.08,5.80,8.80,0.49,2.56,0.00,0.00,0.00,0.00
2018-01-06 01:04:48,97.85,0.00,2.10,0.05,0.00,0.00,0.00,0.00,0.00,0.00,0.00,1423.00,1463.60,0.00,0.00,0.00,16.80,52.60,0.00,381.40,0.00,0.00,0.00,0.00,0.40,0.00,0.40,0.00,33.60,13695192,0,2737948,16.66,20412,1029400,2274580,13.84,2035992,517016,396472,1503636,64124,3240,8020,31404,0,0,0.00,0,0.00,4,391,4.58,5.08,4.52,0,0.40,0.00,33.60,84.00,0.00,0.00,0.00,0.00,5.80,8.80,0.49,2.57,0.00,0.00,0.00,0.00
2018-01-06 01:04:53,82.51,0.00,3.32,0.00,0.05,0.00,0.00,0.00,0.00,14.12,30.20,2383.40,1894.00,0.00,0.00,0.00,16039.20,19431.00,0.00,66582.80,0.00,0.00,0.00,0.00,127.60,0.00,127.60,0.00,32078.40,14398440,0,2034700,12.38,20440,847696,2204736,13.42,1330628,516568,215772,983444,62992,2840,6456,31404,0,0,0.00,0,0.00,8,347,4.70,5.09,4.53,0,127.60,0.00,32078.40,251.40,4.68,36.70,0.29,3.68,31.00,32.00,5.16,4.64,0.00,0.00,0.00,0.00
2018-01-06 01:04:58,97.55,0.00,2.30,0.00,0.00,0.00,0.05,0.00,0.00,0.10,11.20,3166.00,2013.20,0.00,0.00,0.80,43152.80,7954.40,0.00,4207.00,0.00,0.00,0.00,0.00,344.80,0.20,344.60,1.60,86305.60,13858152,0,2574988,15.67,20452,848216,2270064,13.81,1873916,517040,956,1522356,63556,3208,8020,31404,0,0,0.00,0,0.00,8,387,5.36,5.22,4.58,0,344.80,1.60,86305.60,250.31,35.82,103.88,0.79,27.12,17.00,24.00,4.41,3.43,0.00,0.00,0.00,0.00
2018-01-06 01:05:03,98.05,0.00,1.75,0.00,0.00,0.00,0.20,0.00,0.00,0.00,0.40,4063.00,2219.00,0.00,0.00,0.00,26.40,447.20,0.00,806.80,0.00,0.00,0.00,0.00,0.60,0.00,0.60,0.00,52.80,13849388,0,2583752,15.72,20464,848244,2270064,13.81,1880196,517068,1116,1528420,63816,3208,8048,31404,0,0,0.00,0,0.00,8,387,5.33,5.22,4.58,0,0.60,0.00,52.80,88.00,0.00,0.00,0.00,0.00,5.60,8.60,0.48,2.15,0.00,0.00,0.00,0.00
2018-01-06 01:05:08,98.50,0.00,1.45,0.00,0.00,0.00,0.05,0.00,0.00,0.00,0.00,1629.40,1465.40,0.00,0.00,0.00,14.40,40.80,0.00,82.60,0.00,0.00,0.00,0.00,0.40,0.00,0.40,0.00,28.80,13848840,0,2584300,15.73,20472,848268,2270064,13.81,1880552,517088,1176,1528900,63904,3176,8048,31404,0,0,0.00,0,0.00,5,383,5.55,5.27,4.60,0,0.40,0.00,28.80,72.00,0.00,0.00,0.00,0.00,6.00,9.00,0.48,2.08,0.00,0.00,0.00,0.00
2018-01-06 01:05:13,98.00,0.00,1.90,0.00,0.00,0.00,0.05,0.00,0.00,0.05,0.00,882.20,1364.40,0.00,0.00,0.00,4.00,45.00,0.00,886.60,0.00,0.00,0.00,0.00,0.40,0.00,0.40,0.00,8.00,13696536,0,2736604,16.65,20480,1002144,2270064,13.81,2027552,524352,160980,1529348,63920,3176,8048,31404,0,0,0.00,0,0.00,6,382,5.50,5.26,4.60,0,0.40,0.00,8.00,20.00,0.00,0.00,0.00,0.00,139.80,319.80,9.40,2711.04,0.00,0.00,0.00,0.22
2018-01-06 01:05:18,98.40,0.00,1.60,0.00,0.00,0.00,0.00,0.00,0.00,0.00,3.20,1152.80,1357.20,0.00,0.00,0.00,10.40,180.20,0.00,114.80,0.00,0.00,0.00,0.00,0.40,0.00,0.40,0.00,20.80,13577836,0,2855304,17.38,20488,1113828,2286128,13.91,2142836,524700,272640,1533416,66264,3248,8072,31404,0,0,0.00,0,0.00,5,390,5.54,5.27,4.61,0,0.40,0.00,20.80,52.00,0.00,0.00,0.00,0.00,6.00,9.40,0.52,2.88,0.00,0.00,0.00,0.00
2018-01-06 01:05:23,98.35,0.00,1.65,0.00,0.00,0.00,0.00,0.00,0.00,0.00,0.00,1418.60,1439.00,0.00,0.00,0.00,37.60,63.80,0.00,316.40,0.00,0.00,0.00,0.00,3.00,0.00,3.00,0.00,75.20,13431868,0,3001272,18.26,20496,1261652,2286128,13.91,2285544,524752,420404,1528768,69992,3232,8068,31404,0,0,0.00,0,0.00,4,390,5.42,5.25,4.60,0,3.00,0.00,75.20,25.07,0.00,0.00,0.00,0.00,4.60,6.80,0.38,1.94,0.00,0.00,0.00,0.00
2018-01-06 01:05:28,86.29,0.00,3.47,0.00,0.05,0.00,0.10,0.00,0.00,10.10,32.00,2654.40,1994.40,0.00,0.00,0.00,3684.00,23879.80,0.00,73059.80,0.00,0.00,0.00,0.00,31.40,0.00,31.40,0.00,7368.00,14147468,0,2285672,13.91,20528,1054968,2191928,13.34,1542628,544488,198016,1021892,68108,2880,6768,31404,0,0,0.00,0,0.00,13,355,5.38,5.25,4.60,0,31.40,0.00,7368.00,234.65,0.09,2.85,0.43,1.36,307.20,562.00,24.14,4517.61,0.00,0.00,0.00,0.37
2018-01-06 01:05:33,83.24,0.00,2.91,0.00,0.05,0.00,0.05,0.00,0.00,13.75,19.60,3676.20,1933.80,0.00,0.00,0.80,1924.00,3818.20,0.00,50567.40,0.00,0.00,0.00,0.00,25.80,0.20,25.60,1.60,3848.00,14636956,0,1796184,10.93,20540,1062168,1084836,6.60,1052436,557968,200016,528420,68000,3248,4936,31404,0,0,0.00,0,0.00,0,270,5.59,5.29,4.62,0,25.80,1.60,3848.00,149.21,0.04,1.71,0.28,0.72,146.00,460.20,13.81,3617.30,0.00,0.00,0.00,0.30
2018-01-06 01:05:38,92.90,0.00,3.20,0.00,0.00,0.00,0.05,0.00,0.00,3.85,21.60,2398.80,1858.40,0.00,0.00,0.00,4540.80,22383.60,0.00,10575.00,0.00,0.00,0.00,0.00,37.60,0.00,37.60,0.00,9081.60,14114104,0,2319036,14.11,20572,1052168,2224160,13.53,1537556,592668,178248,1059620,67280,2952,6988,31404,0,0,0.00,0,0.00,11,358,5.95,5.37,4.65,0,37.60,0.00,9081.60,241.53,0.09,2.51,0.43,1.60,300.80,1059.20,23.31,9027.30,0.00,0.00,0.00,0.74
2018-01-06 01:05:43,70.91,0.00,2.46,0.00,0.00,0.00,0.00,0.00,0.00,26.63,19.00,2723.80,1644.80,0.00,0.00,0.00,52.80,4192.60,0.00,51170.60,0.00,0.00,0.00,0.00,2.20,0.00,2.20,0.00,105.60,14639400,0,1793740,10.92,20584,1063756,1080664,6.58,1015904,592548,189728,524176,66616,2456,4456,31404,0,0,0.00,0,0.00,0,270,5.87,5.37,4.65,0,2.20,0.00,105.60,48.00,0.05,22.55,22.18,4.88,63.60,71.40,9.29,8.65,0.00,0.00,0.00,0.00
2018-01-06 01:05:48,25.95,0.00,0.80,0.05,0.05,0.00,0.00,0.00,0.00,73.14,7.60,761.20,976.80,0.00,0.00,0.00,45.60,6488.80,0.00,2808.80,0.00,0.00,0.00,0.00,0.80,0.00,0.80,0.00,91.20,14386012,0,2047128,12.46,20604,1063692,1372208,8.35,1270188,592628,189792,778608,66528,2448,5100,31404,0,0,0.00,0,0.00,1,299,5.40,5.28,4.63,0,0.80,0.00,91.20,114.00,0.00,1.00,1.00,0.08,21.00,18.20,97.84,2.28,0.00,0.00,0.00,0.01
2018-01-06 01:05:53,73.72,0.00,1.66,0.50,0.10,0.00,0.10,0.00,0.00,23.92,13.40,1567.40,2715.80,0.00,0.00,0.00,33199.20,9561.40,0.00,8953.60,0.00,0.00,0.00,0.00,261.00,0.00,261.00,0.00,66398.40,14077556,0,2355584,14.33,20624,1066800,1936000,11.78,1573896,592912,27120,1081468,66784,2728,6232,31404,0,0,0.00,0,0.00,4,334,5.05,5.21,4.61,0,261.00,0.00,66398.40,254.40,20.44,78.32,0.63,16.32,1137.40,325.20,9840.65,22.70,0.00,0.00,0.00,0.81
2018-01-06 01:05:58,85.81,0.00,2.21,0.00,0.00,0.00,0.10,0.00,0.00,11.88,12.40,1549.40,2032.60,0.00,0.00,0.80,641.60,10227.20,0.00,31021.00,0.00,0.00,0.00,0.00,7.60,0.20,7.40,1.60,1283.20,14220080,0,2213060,13.47,20640,1088636,1678588,10.21,1431044,595768,46040,917440,67140,2880,6012,31404,0,0,0.00,0,0.00,4,319,4.88,5.17,4.60,0,7.60,1.60,1283.20,169.05,0.02,2.63,0.21,0.16,317.40,176.60,2055.74,596.32,0.00,0.00,0.00,0.17
2018-01-06 01:06:03,49.32,0.00,1.51,0.00,0.05,0.00,0.05,0.00,0.00,49.07,9.60,1140.40,1629.20,0.00,0.00,0.00,84.80,4975.60,0.00,15494.60,0.00,0.00,0.00,0.00,8.20,0.00,8.20,0.00,169.60,14224840,0,2208300,13.44,20660,1156816,1657028,10.08,1422104,595716,113888,846656,66584,2512,5636,31404,0,0,0.00,0,0.00,5,317,4.81,5.15,4.60,0,8.20,0.00,169.60,20.68,0.00,0.00,0.00,0.00,217.60,86.40,1646.57,7.86,0.00,0.00,0.00,0.13
2018-01-06 01:06:08,92.17,0.00,3.71,0.00,0.05,0.00,0.15,0.00,0.00,3.92,23.20,2240.20,2369.60,0.00,0.00,1.60,6741.60,16871.00,0.00,37444.00,0.00,0.00,0.00,0.00,56.40,0.40,56.00,3.20,13483.20,14312368,0,2120772,12.91,20684,1121076,1930036,11.74,1300380,635580,53376,794564,66668,2952,6008,31404,0,0,0.00,0,0.00,7,329,4.83,5.15,4.60,0,56.40,3.20,13483.20,239.12,0.82,14.58,0.88,4.96,560.80,1185.80,664.88,9755.84,0.00,0.00,0.00,0.80
2018-01-06 01:06:13,94.79,0.00,3.06,0.00,0.05,0.00,0.40,0.00,0.00,1.70,18.00,2237.00,2464.60,0.00,0.00,0.80,1303.20,12248.40,0.00,13171.00,0.00,0.00,0.00,0.00,12.80,0.20,12.60,1.60,2606.40,13807664,0,2625476,15.98,20704,1115596,2255896,13.73,1775804,662972,48004,1302488,66484,3192,7604,31404,0,0,0.00,0,0.00,8,396,5.00,5.18,4.61,0,12.80,1.60,2606.40,203.75,0.04,3.38,0.37,0.48,1421.80,874.40,10663.07,4674.43,0.00,0.00,0.00,0.87
2018-01-06 01:06:18,89.70,0.00,3.06,0.00,0.00,0.00,0.20,0.00,0.00,7.03,16.00,2183.80,2389.40,0.00,0.00,1.60,2134.40,11173.40,0.00,34599.00,0.00,0.00,0.00,0.00,19.60,0.40,19.20,3.20,4268.80,13928112,0,2505028,15.24,20724,1204412,2252604,13.71,1622444,696804,138780,1094708,66096,3000,7124,31404,0,0,0.00,0,0.00,7,364,5.16,5.21,4.62,0,19.60,3.20,4268.80,217.96,0.57,28.90,1.02,2.00,1294.20,1114.00,8824.85,6708.22,0.00,0.00,0.00,0.72
2018-01-06 01:06:23,96.80,0.00,3.00,0.00,0.00,0.00,0.20,0.00,0.00,0.00,9.20,2346.00,2128.60,0.00,0.00,0.00,488.80,8168.80,0.00,14870.20,0.00,0.00,0.00,0.00,5.60,0.00,5.60,0.00,977.60,13683172,0,2749968,16.73,20736,1290280,2285356,13.91,1841112,719696,222392,1250468,67972,3184,7560,31404,0,0,0.00,0,0.00,5,384,5.23,5.22,4.63,0,5.60,0.00,977.60,174.57,0.02,2.71,0.29,0.16,2172.20,721.40,18788.36,51.15,0.00,0.00,0.00,1.54
2018-01-06 01:06:28,97.40,0.00,2.50,0.00,0.00,0.00,0.05,0.00,0.00,0.05,4.00,3779.60,1750.00,0.00,0.00,0.00,618.40,5687.20,0.00,6010.20,0.00,0.00,0.00,0.00,6.20,0.00,6.20,0.00,1236.80,13459952,0,2973188,18.09,20744,1380652,2334336,14.21,2022132,758912,309788,1380192,70508,3336,7796,31404,0,0,0.00,0,0.00,8,404,5.21,5.22,4.63,0,6.20,0.00,1236.80,199.48,0.02,3.74,0.26,0.16,9.40,14.00,0.98,3.34,0.00,0.00,0.00,0.00
2018-01-06 01:06:33,97.85,0.00,1.80,0.00,0.00,0.00,0.20,0.00,0.00,0.15,1.00,5512.40,2138.00,0.00,0.00,0.00,603.20,1465.00,0.00,3932.00,0.00,0.00,0.00,0.00,6.40,0.00,6.40,0.00,1206.40,13377524,0,3055616,18.59,20752,1459544,2334336,14.21,2029184,833820,385744,1383184,72508,3368,7852,31404,0,0,0.00,0,0.00,5,407,5.35,5.25,4.65,0,6.40,0.00,1206.40,188.50,0.02,3.38,0.37,0.24,6.00,9.20,0.50,2.55,0.00,0.00,0.00,0.00
2018-01-06 01:06:38,97.35,0.00,2.25,0.00,0.00,0.00,0.40,0.00,0.00,0.00,0.20,5744.40,2531.80,0.00,0.00,0.80,5704.80,138.40,0.00,2578.60,0.00,0.00,0.00,0.00,56.60,0.20,56.40,1.60,11409.60,13277872,0,3155268,19.20,20760,1552144,2334336,14.21,2037960,921272,449948,1387004,74904,3360,7868,31404,0,0,0.00,0,0.00,4,406,5.33,5.24,4.65,0,56.60,1.60,11409.60,201.61,1.20,21.16,0.24,1.36,5.40,8.20,0.44,2.26,0.00,0.00,0.00,0.00
2018-01-06 01:06:43,97.70,0.00,2.05,0.00,0.00,0.00,0.25,0.00,0.00,0.00,0.00,5717.80,2474.20,0.00,0.00,0.00,114.40,52.20,0.00,2658.00,0.00,0.00,0.00,0.00,6.20,0.00,6.20,0.00,228.80,13187128,0,3246012,19.75,20768,1644016,2334336,14.21,2039364,1007996,541392,1383212,77276,3360,7860,31404,0,0,0.00,0,0.00,5,406,5.22,5.22,4.64,0,6.20,0.00,228.80,36.90,0.00,0.00,0.00,0.00,5.60,8.40,0.47,2.50,0.00,0.00,0.00,0.00
2018-01-06 01:06:48,97.40,0.00,2.10,0.00,0.00,0.00,0.50,0.00,0.00,0.00,0.00,5779.00,2649.80,0.00,0.00,0.00,23936.00,50.00,0.00,3345.20,0.00,0.00,0.00,0.00,190.80,0.00,190.80,0.00,47872.00,13098936,0,3334204,20.29,20776,1727988,2334336,14.21,2026100,1107056,513520,1384944,79104,3360,7864,31404,0,0,0.00,0,0.00,4,406,5.12,5.20,4.64,0,190.80,0.00,47872.00,250.90,7.24,37.96,0.32,6.16,149.20,478.60,10.31,4063.11,0.00,0.00,0.00,0.33
2018-01-06 01:06:53,93.90,0.00,3.35,0.00,0.00,0.00,0.30,0.00,0.00,2.45,14.60,5045.00,2581.00,0.00,0.00,0.00,59424.00,9450.60,0.00,31495.20,0.00,0.00,0.00,0.00,439.20,0.00,439.20,0.00,111833.60,13358516,0,3074624,18.71,20808,1676336,2265524,13.79,1700544,1174976,282968,1179360,78452,3088,7128,31404,0,0,0.00,0,0.00,7,374,5.19,5.22,4.65,1,439.20,0.00,111833.60,254.63,56.06,111.27,0.94,41.12,77.80,257.00,7.14,2035.05,0.00,0.00,0.00,0.17
2018-01-06 01:06:58,94.45,0.00,4.00,0.00,0.00,0.00,0.80,0.00,0.00,0.75,18.20,4552.40,3647.20,0.00,0.00,0.00,12786.40,10486.00,0.00,52028.60,0.00,0.00,0.00,0.00,128.00,0.00,128.00,0.00,32587.20,13729320,0,2703820,16.45,20824,1544132,1931828,11.76,1199688,1312148,262772,947224,72828,3088,6460,31404,0,0,0.00,0,0.00,3,339,5.42,5.26,4.67,0,128.00,0.00,32587.20,254.59,22.44,231.50,1.39,17.76,3123.20,4130.40,18846.68,30934.82,0.00,0.00,0.00,2.53
2018-01-06 01:07:03,94.64,0.00,4.00,0.00,0.00,0.00,0.20,0.00,0.00,1.15,11.40,2007.40,2390.40,0.00,0.00,0.80,49424.80,8290.80,0.00,11425.00,0.00,0.00,0.00,0.00,387.60,0.20,387.40,1.60,98849.60,13395224,0,3037916,18.49,20844,1645016,2243196,13.65,1501692,1341572,130384,1177176,72968,3088,7352,31404,0,0,0.00,0,0.00,11,378,5.62,5.31,4.68,0,387.60,1.60,98849.60,255.03,45.75,118.03,0.88,33.92,1304.60,1013.40,9406.15,6321.13,0.00,0.00,0.00,0.77
2018-01-06 01:07:08,97.25,0.00,2.45,0.00,0.00,0.00,0.20,0.00,0.00,0.10,5.60,2827.80,1908.40,0.00,0.00,0.80,19.20,9988.00,0.00,11708.60,0.00,0.00,0.00,0.00,0.80,0.20,0.60,1.60,38.40,13216572,0,3216568,19.57,20856,1725896,2291700,13.95,1652788,1367104,211268,1274060,74976,3232,7608,31404,0,0,0.00,0,0.00,6,393,6.14,5.42,4.72,0,0.80,1.60,38.40,50.00,0.00,0.00,0.00,0.00,1096.80,350.80,9387.86,25.68,0.00,0.00,0.00,0.77
2018-01-06 01:07:13,97.40,0.00,2.50,0.00,0.00,0.00,0.10,0.00,0.00,0.00,2.60,4434.60,1412.60,0.00,0.00,0.00,79.20,5683.20,0.00,6445.20,0.00,0.00,0.00,0.00,9.00,0.00,9.00,0.00,158.40,13053344,0,3379796,20.57,20864,1816088,2307852,14.04,1760636,1420560,301128,1345208,77424,3352,7752,31404,0,0,0.00,0,0.00,8,405,6.12,5.43,4.73,0,9.00,0.00,158.40,17.60,0.00,0.09,0.09,0.08,7.80,12.00,0.75,3.02,0.00,0.00,0.00,0.00
2018-01-06 01:07:18,98.00,0.00,1.80,0.00,0.00,0.00,0.20,0.00,0.00,0.00,0.80,5482.60,1759.20,0.00,0.00,0.00,44.00,598.00,0.00,3049.60,0.00,0.00,0.00,0.00,0.80,0.00,0.80,0.00,88.00,12961428,0,3471712,21.13,20872,1898020,2307852,14.04,1772428,1497764,382900,1352544,79464,3368,7824,31404,0,0,0.00,0,0.00,4,407,6.11,5.44,4.74,0,0.80,0.00,88.00,110.00,0.00,0.00,0.00,0.00,6.20,9.60,0.52,2.74,0.00,0.00,0.00,0.00
2018-01-06 01:07:23,98.00,0.00,1.85,0.00,0.00,0.00,0.15,0.00,0.00,0.00,0.00,5829.80,1482.20,0.00,0.00,0.80,6.40,140.40,0.00,3379.80,0.00,0.00,0.00,0.00,1.00,0.20,0.80,1.60,12.80,12871552,0,3561588,21.67,20880,1983636,2291604,13.95,1760244,1598288,474644,1355680,81544,3360,7832,31404,0,0,0.00,0,0.00,6,406,5.95,5.41,4.73,0,1.00,1.60,12.80,14.40,0.00,0.00,0.00,0.00,123.80,475.80,8.64,4064.34,0.00,0.00,0.00,0.33
2018-01-06 01:07:28,98.10,0.00,1.75,0.00,0.00,0.00,0.15,0.00,0.00,0.00,0.00,5640.00,1499.80,0.00,0.00,0.00,116.80,70.60,0.00,2797.20,0.00,0.00,0.00,0.00,8.60,0.00,8.60,0.00,233.60,12773412,0,3659728,22.27,20888,2074200,2291604,13.95,1769560,1684504,564868,1359676,84088,3360,7844,31404,0,0,0.00,0,0.00,7,406,5.79,5.39,4.73,0,8.60,0.00,233.60,27.16,0.02,2.14,0.09,0.08,5.20,8.00,0.45,2.48,0.00,0.00,0.00,0.00
2018-01-06 01:07:33,97.20,0.00,2.30,0.05,0.00,0.00,0.40,0.00,0.00,0.05,0.40,5724.40,1908.20,0.00,0.00,570.40,22780.80,66.60,0.00,2821.20,0.00,0.00,0.00,0.00,190.20,7.20,183.00,1140.80,45561.60,12680580,0,3752560,22.84,20896,2164880,2291604,13.95,1774028,1769616,542084,1359504,86660,3368,7848,31404,0,0,0.00,0,0.00,5,408,5.65,5.37,4.73,0,190.20,1140.80,45561.60,245.54,7.14,37.54,0.30,5.76,66.20,245.60,4.75,2033.34,0.00,0.00,0.00,0.17
2018-01-06 01:07:38,48.09,0.00,1.88,12.26,0.31,0.00,0.15,0.00,0.00,37.30,7.60,4508.60,3627.80,0.00,0.00,0.00,68497.60,961.40,0.00,40739.40,0.00,0.00,0.00,0.00,506.20,0.00,506.20,0.00,129219.20,13379988,0,3053152,18.58,20912,2059432,1383816,8.42,1021400,1830688,261448,772568,83572,2544,5356,31404,0,0,0.00,0,0.00,3,304,5.43,5.33,4.72,1,506.20,0.00,129219.20,255.27,69.62,131.75,1.00,50.56,18.20,22.20,2.04,5.22,0.00,0.00,0.00,0.00
2018-01-06 01:07:43,0.75,0.00,0.20,6.88,0.00,0.00,0.00,0.00,0.00,92.17,2.80,461.00,618.80,0.00,0.00,0.80,26946.40,313.40,0.00,15041.00,0.00,0.00,0.00,0.00,242.20,0.20,242.00,1.60,61668.80,13673956,0,2759184,16.79,20928,2002868,1060904,6.46,727484,1831324,123860,535012,82088,2272,4468,31404,0,0,0.00,0,0.00,0,270,5.08,5.26,4.70,0,242.20,1.60,61668.80,254.63,45.34,199.29,1.39,33.60,9.00,11.00,0.92,2.28,0.00,0.00,0.00,0.00
2018-01-06 01:07:48,0.00,0.00,0.15,1.00,0.10,0.00,0.00,0.00,0.00,98.75,0.00,271.80,362.80,0.00,0.00,1.60,24719.20,10.40,0.00,34.40,0.00,0.00,0.00,0.00,201.40,0.40,201.00,3.20,49438.40,13673956,0,2759184,16.79,20932,2002904,1060904,6.46,727488,1831336,304,535012,82080,2272,4468,31404,0,0,0.00,0,0.00,0,270,4.67,5.17,4.67,0,201.40,3.20,49438.40,245.49,7.72,38.34,0.35,6.96,4.00,5.40,0.31,1.08,0.00,0.00,0.00,0.00
2018-01-06 01:07:53,0.05,0.00,0.00,0.05,0.00,0.00,0.00,0.00,0.00,99.90,1.40,335.20,270.00,0.00,0.00,0.00,44.00,35.00,0.00,104.40,0.00,0.00,0.00,0.00,1.00,0.00,1.00,0.00,88.00,13674052,0,2759088,16.79,20940,2002928,1060904,6.46,727512,1831360,200,535160,82080,2272,4468,31404,0,0,0.00,0,0.00,0,271,4.30,5.08,4.65,0,1.00,0.00,88.00,88.00,0.00,0.00,0.00,0.00,15.60,17.20,22.25,23.09,0.00,0.00,0.00,0.00
2018-01-06 01:07:58,0.05,0.00,0.25,0.00,0.00,0.00,0.00,0.00,0.00,99.70,0.60,295.20,216.20,0.00,0.00,0.00,12.00,20.60,0.00,19292.80,0.00,0.00,0.00,0.00,0.40,0.00,0.40,0.00,24.00,14057064,0,2376076,14.46,20948,1621028,1060904,6.46,727460,1449844,656,535080,81044,2288,4468,31404,0,0,0.00,0,0.00,1,272,3.95,5.00,4.62,0,0.40,0.00,24.00,60.00,0.00,0.00,0.00,0.00,17.20,18.20,52.24,56.12,0.00,0.00,0.00,0.00
2018-01-06 01:08:03,75.94,0.00,2.91,0.00,0.05,0.00,0.00,0.00,0.00,21.10,32.40,1999.80,1569.40,0.00,0.00,0.00,50.40,21735.40,0.00,8135.00,0.00,0.00,0.00,0.00,1.40,0.00,1.40,0.00,100.80,13575400,0,2857740,17.39,20988,1621624,2197368,13.37,1206064,1450124,1496,1013576,81844,2976,6780,31404,0,0,0.00,0,0.00,13,366,3.80,4.95,4.61,0,1.40,0.00,100.80,72.00,0.00,0.57,0.57,0.08,37.60,39.20,6.11,82.05,0.00,0.00,0.00,0.01
2018-01-06 01:08:08,97.20,0.00,2.55,0.00,0.00,0.00,0.15,0.00,0.00,0.10,9.60,4091.20,1801.60,0.00,0.00,0.00,71.20,3125.60,0.00,1925.40,0.00,0.00,0.00,0.00,2.20,0.00,2.20,0.00,142.40,13076448,0,3356692,20.43,21000,1622116,2262968,13.77,1701948,1450612,2096,1509472,82508,3264,8040,31404,0,0,0.00,0,0.00,4,394,4.21,5.02,4.63,0,2.20,0.00,142.40,64.73,0.00,1.09,0.36,0.08,14.20,19.00,3.75,2.64,0.00,0.00,0.00,0.00
2018-01-06 01:08:13,97.25,0.00,2.50,0.00,0.00,0.00,0.25,0.00,0.00,0.00,0.00,3951.80,2052.20,0.00,0.00,0.00,34.40,100.00,0.00,340.00,0.00,0.00,0.00,0.00,1.60,0.00,1.60,0.00,68.80,13079140,0,3354000,20.41,21012,1622136,2262968,13.77,1699036,1450632,2128,1506528,82408,3216,8040,31404,0,0,0.00,0,0.00,4,388,4.36,5.03,4.64,0,1.60,0.00,68.80,43.00,0.00,0.00,0.00,0.00,5.40,8.20,0.44,2.00,0.00,0.00,0.00,0.00
2018-01-06 01:08:18,97.75,0.00,2.20,0.00,0.00,0.00,0.05,0.00,0.00,0.00,0.00,721.80,1259.60,0.00,0.00,0.00,13.60,45.20,0.00,67.00,0.00,0.00,0.00,0.00,0.40,0.00,0.40,0.00,27.20,12889952,0,3543188,21.56,21020,1809132,2262968,13.77,1885936,1450696,189124,1506700,85396,3184,8040,31404,0,0,0.00,0,0.00,4,384,4.33,5.02,4.63,0,0.40,0.00,27.20,68.00,0.00,0.00,0.00,0.00,6.80,10.60,0.56,2.68,0.00,0.00,0.00,0.00
2018-01-06 01:08:23,97.85,0.00,1.90,0.00,0.00,0.00,0.25,0.00,0.00,0.00,0.00,3210.80,2067.20,0.00,0.00,0.80,21759.20,151.20,0.00,196.20,0.00,0.00,0.00,0.00,187.60,0.20,187.40,1.60,43518.40,12855644,0,3577496,21.77,21028,1841236,2262968,13.77,1920544,1450680,112816,1509080,86364,3184,8040,31404,0,0,0.00,0,0.00,4,384,4.30,5.00,4.63,0,187.60,1.60,43518.40,231.98,6.42,34.21,0.28,5.28,5.60,8.40,0.47,2.46,0.00,0.00,0.00,0.00
2018-01-06 01:08:28,98.10,0.00,1.90,0.00,0.00,0.00,0.00,0.00,0.00,0.00,0.00,638.80,1428.80,0.00,0.00,0.00,22527.20,15.00,0.00,267.80,0.00,0.00,0.00,0.00,176.40,0.00,176.40,0.00,45054.40,12646172,0,3786968,23.04,21036,2049624,2262968,13.77,2124872,1450728,208672,1505260,90812,3152,8036,31404,0,0,0.00,0,0.00,6,380,4.28,4.98,4.63,0,176.40,0.00,45054.40,255.41,6.93,39.28,0.30,5.28,5.80,8.80,0.49,2.57,0.00,0.00,0.00,0.00
2018-01-06 01:08:33,96.65,0.00,3.25,0.05,0.00,0.00,0.00,0.00,0.00,0.05,3.20,1389.80,1365.80,0.00,0.00,0.00,18.40,1191.00,0.00,408.40,0.00,0.00,0.00,0.00,0.40,0.00,0.40,0.00,36.80,12373768,0,4059372,24.70,21044,2299424,2262968,13.77,2390072,1450804,458500,1521444,97568,3248,8072,31404,0,0,0.00,0,0.00,6,392,4.58,5.03,4.65,0,0.40,0.00,36.80,92.00,0.00,0.00,0.00,0.00,5.60,8.60,0.48,2.56,0.00,0.00,0.00,0.00
2018-01-06 01:08:38,89.78,0.00,4.26,0.00,0.00,0.00,0.05,0.00,0.00,5.91,11.80,1801.80,1605.00,0.00,0.00,0.00,5.60,3702.60,0.00,56606.00,0.00,0.00,0.00,0.00,0.40,0.00,0.40,0.00,11.20,13161652,0,3271488,19.91,21052,2199940,1627568,9.90,1607124,1450628,523216,836712,96584,3176,6056,31404,0,0,0.00,0,0.00,7,319,4.53,5.01,4.64,0,0.40,0.00,11.20,28.00,0.00,0.00,0.00,0.00,21.20,24.00,2.76,4.19,0.00,0.00,0.00,0.00
2018-01-06 01:08:43,95.95,0.00,3.55,0.00,0.00,0.00,0.00,0.00,0.00,0.50,22.40,2257.20,1695.80,0.00,0.00,0.00,61.60,20734.80,0.00,27513.40,0.00,0.00,0.00,0.00,1.00,0.00,1.00,0.00,123.20,12952244,0,3480896,21.18,21080,2089068,2171352,13.21,1816012,1450472,468056,1156504,93364,2968,6988,31404,0,0,0.00,0,0.00,13,366,4.65,5.03,4.65,0,1.00,0.00,123.20,123.20,0.00,0.80,0.80,0.08,20.00,24.80,4.38,3.66,0.00,0.00,0.00,0.00
2018-01-06 01:08:48,92.02,0.00,2.46,0.00,0.05,0.00,0.50,0.00,0.00,4.97,7.78,4105.99,2857.09,0.00,0.00,0.00,3831.54,3812.57,0.00,7558.48,0.00,0.00,0.00,0.00,30.94,0.00,30.94,0.00,7663.07,12669540,0,3763600,22.90,21092,2089460,2220528,13.51,2078212,1469920,449368,1437584,94244,3256,7904,31404,0,0,0.00,0,0.00,5,393,4.84,5.06,4.66,0,30.94,0.00,7663.07,247.69,0.15,5.03,0.41,1.28,1206.99,512.18,9707.38,1942.14,0.00,0.00,0.00,0.80
2018-01-06 01:08:53,87.19,0.00,1.25,0.00,0.00,0.00,0.10,0.00,0.00,11.46,0.00,1789.60,1649.80,0.00,0.00,0.00,16.80,66.60,0.00,170.00,0.00,0.00,0.00,0.00,1.00,0.00,1.00,0.00,33.60,12634168,0,3798972,23.12,21100,2126264,2220528,13.51,2113276,1469936,486164,1436412,94444,3256,7904,31404,0,0,0.00,0,0.00,7,392,5.01,5.10,4.68,0,1.00,0.00,33.60,33.60,0.00,0.00,0.00,0.00,6.60,10.20,0.66,2.56,0.00,0.00,0.00,0.00
2018-01-06 01:08:58,83.83,0.00,2.17,0.00,0.05,0.00,0.35,0.00,0.00,13.60,0.00,2537.60,2239.00,0.00,0.00,0.00,123.20,116.80,0.00,242.80,0.00,0.00,0.00,0.00,9.20,0.00,9.20,0.00,246.40,12501932,0,3931208,23.92,21108,2253788,2220528,13.51,2243260,1469996,613188,1438408,97336,3224,7908,31404,0,0,0.00,0,0.00,4,389,5.01,5.09,4.68,0,9.20,0.00,246.40,26.78,0.00,0.17,0.09,0.08,7.60,12.60,0.78,3.63,0.00,0.00,0.00,0.00
2018-01-06 01:09:03,74.45,0.00,1.90,11.62,0.05,0.00,0.05,0.00,0.00,11.92,1.40,787.80,1816.20,0.00,0.00,4.00,72408.80,57.60,0.00,1360.20,0.00,0.00,0.00,0.00,538.20,1.00,537.20,8.00,137153.60,12269380,0,4163760,25.34,21120,2434640,2220528,13.51,2468308,1472640,439400,1485652,101772,3208,8004,31404,0,0,0.00,0,0.00,3,390,4.85,5.06,4.67,1,538.40,8.00,137204.80,254.85,75.10,128.46,1.02,54.96,227.60,323.00,1450.21,1935.97,0.00,0.00,0.00,0.16
2018-01-06 01:09:08,75.36,0.00,3.21,1.20,0.05,0.00,0.00,0.00,0.00,20.17,1.00,1363.40,1746.40,0.00,0.00,1.60,17216.80,100.00,0.00,1711.80,0.00,0.00,0.00,0.00,166.20,0.40,165.80,3.20,42097.60,11993036,0,4440104,27.02,21128,2703064,2220528,13.51,2733556,1477284,636076,1487184,108404,3264,8024,31404,0,0,0.00,0,0.00,5,394,4.70,5.03,4.66,0,166.00,3.20,42046.40,253.31,38.02,264.83,1.88,31.28,228.60,490.40,491.22,3836.70,0.00,0.00,0.00,0.31
2018-01-06 01:09:13,78.70,0.00,4.28,0.00,0.00,0.00,0.10,0.00,0.00,16.92,27.40,2266.40,2379.20,0.00,0.00,0.00,8675.20,17853.80,0.00,66100.20,0.00,0.00,0.00,0.00,77.40,0.00,77.40,0.00,17350.40,12659652,0,3773488,22.96,21156,2408500,2179924,13.27,2031476,1519732,308248,1121604,101524,3008,7072,31404,0,0,0.00,0,0.00,10,380,4.64,5.01,4.66,0,77.40,0.00,17350.40,224.17,0.32,4.10,0.32,2.48,682.60,1158.40,1001.98,9110.97,0.00,0.00,0.00,0.75
2018-01-06 01:09:18,58.16,0.00,2.99,0.00,0.10,0.00,1.01,0.00,0.00,37.73,6.80,2889.80,3733.40,0.00,0.00,0.80,7184.00,4183.00,0.00,37539.00,0.00,0.00,0.00,0.00,60.20,0.20,60.00,1.60,14368.00,12196776,0,4236364,25.78,21172,2476320,2309800,14.06,2422872,1590508,353088,1516576,101668,3360,7996,31404,0,0,0.00,0,0.00,5,406,4.67,5.01,4.66,0,60.20,1.60,14368.00,238.70,0.25,4.17,0.33,2.00,7114.20,3100.00,60599.96,6859.17,0.00,0.00,0.00,4.96
2018-01-06 01:09:23,59.90,0.00,2.70,0.00,0.05,0.00,0.00,0.00,0.00,37.35,0.00,729.00,1113.20,0.00,0.00,0.00,1451.20,44.60,0.00,765.80,0.00,0.00,0.00,0.00,12.00,0.00,12.00,0.00,2902.40,11901112,0,4532028,27.58,21180,2762292,2309800,14.06,2699980,1601084,638000,1517364,110116,3360,8108,31404,0,0,0.00,0,0.00,0,406,4.62,4.99,4.65,0,12.00,0.00,2902.40,241.87,0.06,4.60,0.40,0.48,110.00,399.60,7.93,3357.76,0.00,0.00,0.00,0.28
2018-01-06 01:09:28,2.03,0.00,0.25,0.00,0.10,0.00,0.10,0.00,0.00,97.51,0.20,2182.80,3073.20,0.00,0.00,0.80,9138.40,51.40,0.00,5848.40,0.00,0.00,0.00,0.00,74.80,0.20,74.60,1.60,18276.80,11944908,0,4488232,27.31,21200,2721520,2328984,14.17,2592416,1665280,592824,1515044,108572,3368,8104,31404,0,0,0.00,0,0.00,1,407,4.25,4.91,4.63,0,74.80,1.60,18276.80,244.36,0.36,4.78,0.39,2.88,880.80,3813.80,58.36,33347.14,0.00,0.00,0.00,2.73
2018-01-06 01:09:33,0.86,0.00,0.30,0.00,0.10,0.00,0.00,0.00,0.00,98.74,0.00,1134.80,1206.80,0.00,0.00,0.00,1523.20,20.60,0.00,1220.40,0.00,0.00,0.00,0.00,20.00,0.00,20.00,0.00,3046.40,11937208,0,4495932,27.36,21200,2714588,2328984,14.17,2579708,1675168,584964,1529348,108204,3368,8132,31404,0,0,0.00,0,0.00,0,407,3.91,4.83,4.60,0,20.00,0.00,3046.40,152.32,0.06,2.84,0.24,0.48,158.20,697.20,10.88,5996.72,0.00,0.00,0.00,0.49
2018-01-06 01:09:38,0.56,0.00,0.20,6.03,0.10,0.00,0.00,0.00,0.00,93.10,0.00,1726.20,2161.80,0.00,0.00,8.00,42376.80,11.20,0.00,1351.20,0.00,0.00,0.00,0.00,334.40,2.00,332.40,16.00,84753.60,11937412,0,4495728,27.36,21216,2714624,2328984,14.17,2589480,1675196,373212,1528844,108228,3368,8132,31404,0,0,0.00,0,0.00,0,407,3.68,4.76,4.59,0,334.40,16.00,84753.60,253.50,39.42,117.89,0.92,30.64,321.00,1164.00,21.36,10112.41,0.00,0.00,0.00,0.83
2018-01-06 01:09:43,1.66,0.00,0.15,0.00,0.05,0.00,0.00,0.00,0.00,98.14,0.00,784.40,662.40,0.00,0.00,0.00,76.80,29.00,0.00,955.00,0.00,0.00,0.00,0.00,8.40,0.00,8.40,0.00,153.60,11937604,0,4495536,27.36,21224,2714656,2328984,14.17,2589448,1675224,373040,1528896,108232,3360,8132,31404,0,0,0.00,0,0.00,1,406,3.38,4.68,4.56,0,8.40,0.00,153.60,18.29,0.00,0.29,0.10,0.08,231.20,177.00,1915.39,15.09,0.00,0.00,0.00,0.16
2018-01-06 01:09:48,1.56,0.00,0.25,0.05,0.05,0.00,0.00,0.00,0.00,98.09,0.60,776.80,770.60,0.00,0.00,0.00,120.80,90.00,0.00,1486.40,0.00,0.00,0.00,0.00,2.60,0.00,2.60,0.00,241.60,11949504,0,4483636,27.28,21232,2704848,2328984,14.17,2571316,1681988,372680,1527056,107768,3352,8136,31404,0,0,0.00,0,0.00,0,406,3.11,4.61,4.54,0,2.60,0.00,241.60,92.92,0.00,0.00,0.00,0.00,127.00,398.20,9.32,3351.60,0.00,0.00,0.00,0.27
2018-01-06 01:09:53,52.29,0.00,1.61,0.00,0.00,0.00,0.00,0.00,0.00,46.10,4.40,1683.60,1824.80,0.00,0.00,1.60,67174.40,327.60,0.00,3040.00,0.00,0.00,0.00,0.00,497.80,0.40,497.40,3.20,127232.00,11845568,0,4587572,27.92,21244,2800408,2328984,14.17,2675416,1682024,132560,1535856,110248,3240,8156,31404,0,0,0.00,0,0.00,7,392,2.86,4.53,4.51,1,498.00,3.20,127283.20,255.60,70.91,121.52,0.99,49.52,680.80,506.60,5738.65,37.56,0.00,0.00,0.00,0.47
2018-01-06 01:09:58,97.95,0.00,1.85,0.00,0.00,0.00,0.20,0.00,0.00,0.00,3.60,2281.20,1837.20,0.00,0.00,0.00,7324.00,7431.40,0.00,8767.20,0.00,0.00,0.00,0.00,86.00,0.00,86.00,0.00,21764.80,11850148,0,4582992,27.89,21256,2765612,2328984,14.17,2648508,1702732,96628,1564384,108960,3392,8196,31404,0,0,0.00,0,0.00,4,410,3.35,4.60,4.54,0,85.80,0.00,21713.60,253.07,11.33,253.17,1.38,11.84,224.60,1289.00,15.21,11201.21,0.00,0.00,0.00,0.92
2018-01-06 01:10:03,99.20,0.00,0.75,0.00,0.00,0.00,0.00,0.00,0.00,0.05,0.00,2024.00,1394.60,0.00,0.00,0.00,23.20,209.20,0.00,1679.60,0.00,0.00,0.00,0.00,1.00,0.00,1.00,0.00,46.40,11856180,0,4576960,27.85,21268,2771380,2328984,14.17,2638404,1708044,102412,1554116,108968,3392,8232,31404,0,0,0.00,0,0.00,6,410,3.40,4.59,4.53,0,1.00,0.00,46.40,46.40,0.00,0.00,0.00,0.00,5.80,8.20,0.47,2.26,0.00,0.00,0.00,0.00
2018-01-06 01:10:08,91.06,0.00,2.71,0.00,0.05,0.00,0.15,0.00,0.00,6.02,19.60,2840.00,2034.20,0.00,0.00,0.00,105.60,8409.20,0.00,80750.40,0.00,0.00,0.00,0.00,7.00,0.00,7.00,0.00,211.20,13219404,0,3213736,19.56,21284,2297828,1574176,9.58,1278756,1720060,12756,679900,97120,3048,5368,31404,0,0,0.00,0,0.00,2,307,3.45,4.58,4.53,0,7.00,0.00,211.20,30.17,0.00,0.00,0.00,0.00,165.00,459.20,13.31,3682.19,0.00,0.00,0.00,0.30
2018-01-06 01:10:13,94.49,0.00,3.75,0.00,0.00,0.00,0.45,0.00,0.00,1.30,19.00,2465.00,2927.40,0.00,0.00,0.80,60.80,17455.60,0.00,24436.40,0.00,0.00,0.00,0.00,1.20,0.20,1.00,1.60,121.60,12770672,0,3662468,22.29,21308,2244052,2217624,13.49,1666644,1781664,31448,1183692,93896,3000,7324,31404,0,0,0.00,0,0.00,15,375,3.66,4.61,4.54,0,1.20,1.60,121.60,102.67,0.00,0.67,0.67,0.08,2839.00,3252.80,20211.16,23673.30,0.00,0.00,0.00,1.94
2018-01-06 01:10:18,93.65,0.00,5.30,0.00,0.00,0.00,1.00,0.00,0.00,0.05,7.00,2084.80,3317.00,0.00,0.00,0.00,40.00,2985.40,0.00,36324.60,0.00,0.00,0.00,0.00,0.80,0.00,0.80,0.00,80.00,12304008,0,4129132,25.13,21320,2454080,2251312,13.70,2026544,1886668,319844,1438048,95304,3128,8000,31404,0,0,0.00,0,0.00,5,379,3.92,4.65,4.55,0,0.80,0.00,80.00,100.00,0.00,0.00,0.00,0.00,7429.60,4243.00,60462.32,26810.30,0.00,0.00,0.00,4.95
2018-01-06 01:10:23,96.60,0.00,3.30,0.05,0.00,0.00,0.00,0.00,0.00,0.05,5.60,2120.60,1463.40,0.00,0.00,0.00,23.20,4091.40,0.00,5823.40,0.00,0.00,0.00,0.00,1.00,0.00,1.00,0.00,46.40,12070508,0,4362632,26.55,21332,2605400,2313252,14.08,2246588,1894048,480432,1513928,99864,3296,8160,31404,0,0,0.00,0,0.00,9,401,3.93,4.64,4.55,0,1.00,0.00,46.40,46.40,0.00,0.00,0.00,0.00,110.20,399.60,7.76,3348.64,0.00,0.00,0.00,0.27
2018-01-06 01:10:28,98.30,0.00,1.50,0.00,0.00,0.00,0.15,0.00,0.00,0.05,2.00,2215.60,1723.60,0.00,0.00,0.00,21.60,5467.20,0.00,7366.60,0.00,0.00,0.00,0.00,2.00,0.00,2.00,0.00,43.20,12070252,0,4362888,26.55,21340,2571612,2313252,14.08,2223976,1915608,482304,1546480,99356,3400,8236,31404,0,0,0.00,0,0.00,5,411,4.18,4.68,4.56,0,2.00,0.00,43.20,21.60,0.00,0.00,0.00,0.00,222.60,1285.00,14.95,11185.64,0.00,0.00,0.00,0.92
2018-01-06 01:10:33,98.10,0.00,1.40,0.00,0.00,0.00,0.15,0.00,0.00,0.35,1.80,2250.20,1582.20,0.00,0.00,0.00,2521.60,456.80,0.00,9165.40,0.00,0.00,0.00,0.00,22.00,0.00,22.00,0.00,5043.20,12223364,0,4209776,25.62,21348,2450416,2313252,14.08,2064844,1927256,360020,1520372,96864,3392,8244,31404,0,0,0.00,0,0.00,6,397,4.16,4.66,4.56,0,22.00,0.00,5043.20,229.24,0.33,15.09,0.33,0.72,94.40,395.80,6.58,3345.56,0.00,0.00,0.00,0.27
2018-01-06 01:10:38,30.05,0.00,1.06,0.05,0.10,0.00,0.00,0.00,0.00,68.74,9.20,1466.40,1477.00,0.00,0.00,2856.00,59.20,1195.60,0.00,70321.00,0.00,0.00,0.00,0.00,24.80,23.20,1.60,5712.00,118.40,13588856,0,2844284,17.31,21360,2105460,1040104,6.33,707072,1931752,13316,511992,86852,2280,4456,31404,0,0,0.00,0,0.00,0,271,3.99,4.62,4.54,0,24.80,5712.00,118.40,235.10,0.08,3.35,0.32,0.80,89.60,473.00,6.82,3932.46,0.00,0.00,0.00,0.32
2018-01-06 01:10:43,0.05,0.00,0.00,0.00,0.00,0.00,0.00,0.00,0.00,99.95,0.00,251.00,163.40,0.00,0.00,0.00,114.40,7.80,0.00,37.40,0.00,0.00,0.00,0.00,7.60,0.00,7.60,0.00,228.80,13589136,0,2844004,17.31,21372,2105484,1040104,6.33,707072,1931764,12900,511992,86792,2280,4456,31404,0,0,0.00,0,0.00,0,271,3.67,4.54,4.52,0,7.60,0.00,228.80,30.11,0.02,2.00,0.11,0.08,4.60,6.00,0.35,1.12,0.00,0.00,0.00,0.00
2018-01-06 01:10:48,0.00,0.00,0.00,0.00,0.00,0.00,0.00,0.00,0.00,100.00,0.00,263.60,174.20,0.00,0.00,0.00,26.40,10.80,0.00,40.20,0.00,0.00,0.00,0.00,1.40,0.00,1.40,0.00,52.80,13589136,0,2844004,17.31,21380,2105508,1040104,6.33,707084,1931784,12848,511992,86792,2280,4456,31404,0,0,0.00,0,0.00,0,270,3.37,4.47,4.50,0,1.40,0.00,52.80,37.71,0.00,0.00,0.00,0.00,4.60,6.00,0.35,1.12,0.00,0.00,0.00,0.00
2018-01-06 06:23:14,70.53,0.00,0.94,1.78,0.04,0.00,0.08,0.00,0.00,26.63,2.63,2518.30,1934.97,0.00,0.00,3289.65,7734.10,1483.70,0.09,8068.00,1512.03,46.09,1548.95,99.41,103.14,40.92,62.22,6579.30,15468.21,14430772,0,2002368,12.18,21288,1222196,1188504,7.23,749828,1070604,490020,577096,66216,2216,4276,31404,0,0,0.00,0,0.00,1,269,4.06,3.70,3.89,0,103.14,6579.30,15468.21,213.76,10.88,105.49,0.80,8.22,238.65,278.37,1406.81,1913.04,0.00,0.00,0.00,0.16
2018-01-06 06:23:19,0.25,0.00,0.05,0.00,0.00,0.00,0.00,0.00,0.00,99.70,0.20,284.40,191.00,0.00,0.00,0.80,84.80,589.40,0.00,3872.60,0.00,0.00,0.00,0.00,8.20,0.20,8.00,1.60,169.60,14504880,0,1928260,11.73,21296,1170328,1188504,7.23,722896,1022164,489796,553444,65980,2240,3464,31404,0,0,0.00,0,0.00,0,266,3.74,3.64,3.87,0,8.20,1.60,169.60,20.88,0.00,0.00,0.00,0.00,3.00,4.20,0.31,0.58,0.00,0.00,0.00,0.00
2018-01-06 06:23:24,1.91,0.00,0.85,0.00,0.00,0.00,0.00,0.00,0.00,97.24,28.80,618.00,551.80,0.00,0.00,30.40,44.80,15485.40,0.00,7584.60,0.00,0.00,0.00,0.00,10.00,7.60,2.40,60.80,89.60,14548264,0,1884876,11.47,21408,1118536,1220968,7.43,731084,970860,489924,562012,65848,2288,4468,31404,0,0,0.00,0,0.00,0,272,3.44,3.58,3.85,0,10.00,60.80,89.60,15.04,0.00,0.16,0.16,0.16,15.40,16.80,3.21,2.93,0.00,0.00,0.00,0.00
2018-01-06 06:23:29,0.05,0.00,0.20,9.90,0.10,0.00,0.00,0.00,0.00,89.75,0.40,319.80,635.40,0.00,0.00,0.80,58906.40,306.00,0.00,155.40,0.00,0.00,0.00,0.00,435.20,0.20,435.00,1.60,111195.20,14547252,0,1885888,11.48,21416,1118560,1220968,7.43,731124,970884,195580,562076,65904,2304,4444,31404,0,0,0.00,0,0.00,0,272,3.24,3.54,3.84,1,435.20,1.60,111195.20,255.51,57.75,122.94,0.94,40.72,8.20,9.00,0.82,1.84,0.00,0.00,0.00,0.00
2018-01-06 06:23:34,0.20,0.00,0.25,10.18,0.10,0.00,0.05,0.00,0.00,89.22,0.80,663.80,907.20,0.00,0.00,1.60,39056.80,24.40,0.00,2308.60,0.00,0.00,0.00,0.00,332.40,0.40,332.00,3.20,84731.20,14525200,0,1907940,11.61,21436,1142892,1220968,7.43,732832,993504,24676,562016,65896,2288,4468,31404,0,0,0.00,0,0.00,0,272,2.98,3.48,3.82,0,332.40,3.20,84731.20,254.92,63.25,203.06,1.39,46.24,568.40,230.20,4896.57,17.76,0.00,0.00,0.00,0.40
2018-01-06 06:23:39,30.69,0.00,1.50,0.00,0.05,0.00,0.00,0.00,0.00,67.75,27.00,1192.80,901.80,0.00,0.00,0.00,4.00,13394.20,0.00,3543.80,0.00,0.00,0.00,0.00,0.20,0.00,0.20,0.00,8.00,14259840,0,2173300,13.23,21456,1143828,2273452,13.83,992516,994404,25700,821636,67188,2944,6224,31404,0,0,0.00,0,0.00,11,348,3.31,3.54,3.83,0,0.20,0.00,8.00,40.00,0.00,0.00,0.00,0.00,26.20,23.40,75.03,2.91,0.00,0.00,0.00,0.01
2018-01-06 06:23:44,97.20,0.00,2.60,0.00,0.00,0.00,0.05,0.00,0.00,0.15,14.40,2542.80,1522.20,0.00,0.00,0.00,63.20,14708.20,0.00,9863.40,0.00,0.00,0.00,0.00,1.20,0.00,1.20,0.00,126.40,13566672,0,2866468,17.44,21468,1144300,2339100,14.23,1683980,994744,26344,1513136,67824,3160,7216,31404,0,0,0.00,0,0.00,10,395,3.44,3.56,3.84,0,1.20,0.00,126.40,105.33,0.00,0.00,0.00,0.00,20.40,27.40,4.72,3.70,0.00,0.00,0.00,0.00
2018-01-06 06:23:49,98.60,0.00,1.20,0.00,0.00,0.00,0.10,0.00,0.00,0.10,0.00,4143.20,1964.40,0.00,0.00,0.00,63.20,115.00,0.00,1377.80,0.00,0.00,0.00,0.00,1.60,0.00,1.60,0.00,126.40,13542720,0,2890420,17.59,21480,1144344,2339100,14.23,1705424,994756,26228,1534360,68412,3256,8080,31404,0,0,0.00,0,0.00,9,389,3.49,3.57,3.84,0,1.60,0.00,126.40,79.00,0.00,0.00,0.00,0.00,5.80,8.20,0.45,1.51,0.00,0.00,0.00,0.00
2018-01-06 06:23:54,97.65,0.00,2.25,0.00,0.00,0.00,0.10,0.00,0.00,0.00,0.00,2445.60,1480.60,0.00,0.00,0.00,12.80,145.80,0.00,169.40,0.00,0.00,0.00,0.00,1.00,0.00,1.00,0.00,25.60,13541568,0,2891572,17.60,21488,1144368,2339100,14.23,1706036,994776,26232,1535088,68612,3224,8100,31404,0,0,0.00,0,0.00,5,385,3.53,3.58,3.84,0,1.00,0.00,25.60,25.60,0.00,0.00,0.00,0.00,7.40,11.20,0.60,2.72,0.00,0.00,0.00,0.00
2018-01-06 06:23:59,98.30,0.00,1.70,0.00,0.00,0.00,0.00,0.00,0.00,0.00,0.00,619.80,1220.40,0.00,0.00,0.00,89.60,31.80,0.00,50.20,0.00,0.00,0.00,0.00,10.40,0.00,10.40,0.00,179.20,13405208,0,3027932,18.43,21496,1280436,2339100,14.23,1841860,994844,161928,1535080,70140,3192,8100,31404,0,0,0.00,0,0.00,5,385,3.64,3.60,3.85,0,10.40,0.00,179.20,17.23,0.02,1.69,0.08,0.08,6.40,9.40,0.53,2.61,0.00,0.00,0.00,0.00
2018-01-06 06:24:04,98.40,0.00,1.40,0.00,0.00,0.00,0.20,0.00,0.00,0.00,0.00,3429.00,1751.00,0.00,0.00,0.80,4866.40,143.00,0.00,127.00,0.00,0.00,0.00,0.00,39.20,0.20,39.00,1.60,9732.80,13377564,0,3055576,18.59,21504,1305616,2339100,14.23,1869516,994840,162812,1537328,71332,3192,8100,31404,0,0,0.00,0,0.00,9,385,4.07,3.69,3.87,0,39.20,1.60,9732.80,248.33,4.01,102.41,2.08,8.16,6.00,8.00,0.46,1.88,0.00,0.00,0.00,0.00
2018-01-06 06:24:09,98.90,0.00,1.00,0.00,0.00,0.00,0.05,0.00,0.00,0.05,0.00,1227.40,1275.20,0.00,0.00,0.00,72.00,18.40,0.00,58.20,0.00,0.00,0.00,0.00,1.20,0.00,1.20,0.00,144.00,13375672,0,3057468,18.61,21512,1307396,2339100,14.23,1871188,994860,164392,1537340,71348,3184,8100,31404,0,0,0.00,0,0.00,5,384,4.07,3.70,3.88,0,1.20,0.00,144.00,120.00,0.00,0.00,0.00,0.00,6.60,9.60,0.54,2.62,0.00,0.00,0.00,0.00
2018-01-06 06:24:14,97.85,0.00,2.05,0.05,0.00,0.00,0.05,0.00,0.00,0.00,0.00,1750.60,1422.80,0.00,0.00,0.00,158.40,35.80,0.00,500.00,0.00,0.00,0.00,0.00,10.20,0.00,10.20,0.00,316.80,13215164,0,3217976,19.58,21520,1466868,2339100,14.23,2026972,994912,323236,1533572,75612,3184,8100,31404,0,0,0.00,0,0.00,5,384,4.06,3.70,3.88,0,10.20,0.00,316.80,31.06,0.01,1.10,0.08,0.08,6.60,9.60,0.54,2.62,0.00,0.00,0.00,0.00
2018-01-06 06:24:19,98.95,0.00,1.00,0.00,0.00,0.00,0.00,0.00,0.00,0.05,0.20,699.80,1248.20,0.00,0.00,0.00,119.20,19.60,0.00,87.60,0.00,0.00,0.00,0.00,2.80,0.00,2.80,0.00,238.40,13129492,0,3303648,20.10,21528,1551568,2339100,14.23,2110984,994948,407488,1533300,77412,3168,8096,31404,0,0,0.00,0,0.00,4,382,4.06,3.71,3.88,0,2.80,0.00,238.40,85.14,0.00,0.00,0.00,0.00,11.00,15.00,0.85,39.57,0.00,0.00,0.00,0.00
2018-01-06 06:24:24,97.90,0.00,2.00,0.00,0.00,0.00,0.00,0.00,0.00,0.10,3.20,1294.80,1368.60,0.00,0.00,0.00,49.60,151.60,0.00,82.20,0.00,0.00,0.00,0.00,1.00,0.00,1.00,0.00,99.20,12977624,0,3455516,21.03,21536,1696964,2339100,14.23,2258968,995004,552720,1535544,80732,3248,8128,31404,0,0,0.00,0,0.00,6,392,4.05,3.71,3.88,0,1.00,0.00,99.20,99.20,0.00,0.00,0.00,0.00,7.40,10.40,0.59,2.68,0.00,0.00,0.00,0.00
2018-01-06 06:24:29,97.85,0.00,2.05,0.00,0.00,0.00,0.00,0.00,0.00,0.10,0.00,1262.60,1567.40,0.00,0.00,0.80,16141.60,17.20,0.00,42.60,0.00,0.00,0.00,0.00,126.80,0.20,126.60,1.60,32283.20,12823608,0,3609532,21.96,21544,1847200,2339100,14.23,2408568,995048,622372,1535608,84576,3248,8128,31404,0,0,0.00,0,0.00,5,392,4.05,3.72,3.88,0,126.80,1.60,32283.20,254.61,4.61,36.32,0.29,3.68,6.00,8.40,0.48,2.14,0.00,0.00,0.00,0.00
2018-01-06 06:24:34,97.90,0.00,2.05,0.05,0.00,0.00,0.00,0.00,0.00,0.00,0.00,1303.80,1572.00,0.00,0.00,0.80,16160.00,17.80,0.00,39.60,0.00,0.00,0.00,0.00,131.20,0.20,131.00,1.60,32320.00,12670492,0,3762648,22.90,21552,1996552,2339100,14.23,2558528,995052,690972,1535668,88400,3248,8128,31404,0,0,0.00,0,0.00,4,392,4.04,3.72,3.88,0,131.20,1.60,32320.00,246.35,4.91,37.40,0.29,3.76,6.00,8.60,0.49,2.35,0.00,0.00,0.00,0.00
2018-01-06 06:24:39,79.62,0.00,3.46,0.00,0.00,0.00,0.05,0.00,0.00,16.87,30.40,2471.80,1643.20,0.00,0.00,0.00,12.80,19525.00,0.00,77943.20,0.00,0.00,0.00,0.00,0.80,0.00,0.80,0.00,25.60,13606788,0,2826352,17.20,21580,1580228,2319152,14.11,1633348,994612,436600,1026348,79236,2896,6784,31404,0,0,0.00,0,0.00,7,348,4.20,3.76,3.89,0,0.80,0.00,25.60,32.00,0.00,0.00,0.00,0.00,32.80,35.20,5.36,4.89,0.00,0.00,0.00,0.00
2018-01-06 06:24:44,97.05,0.00,2.55,0.00,0.00,0.00,0.20,0.00,0.00,0.20,11.20,3068.20,1700.20,0.00,0.00,0.00,1881.60,7070.80,0.00,4067.00,0.00,0.00,0.00,0.00,15.60,0.00,15.60,0.00,3763.20,13068588,0,3364552,20.47,21592,1577664,2400584,14.61,2154824,1000424,428248,1564276,79580,3208,8088,31404,0,0,0.00,0,0.00,10,387,4.35,3.80,3.90,0,15.60,0.00,3763.20,241.23,0.07,4.56,0.41,0.64,96.20,232.60,9.58,1835.11,0.00,0.00,0.00,0.15
2018-01-06 06:24:49,97.95,0.00,1.55,0.00,0.00,0.00,0.40,0.00,0.00,0.10,0.00,4098.60,2126.40,0.00,0.00,0.00,3672.00,302.80,0.00,1658.00,0.00,0.00,0.00,0.00,31.00,0.00,31.00,0.00,7344.00,13079156,0,3353984,20.41,21604,1572568,2400584,14.61,2137468,1013836,410056,1557084,79912,3208,8108,31404,0,0,0.00,0,0.00,11,387,4.56,3.85,3.92,0,31.00,0.00,7344.00,236.90,0.13,4.21,0.39,1.20,118.20,427.20,7.91,3662.95,0.00,0.00,0.00,0.30
2018-01-06 06:24:54,98.25,0.00,1.65,0.00,0.00,0.00,0.10,0.00,0.00,0.00,0.00,1730.80,1949.80,0.00,0.00,3.20,66924.80,80.00,0.00,859.00,0.00,0.00,0.00,0.00,497.60,0.80,496.80,6.40,126784.00,13089348,0,3343792,20.35,21620,1567480,2400584,14.61,2131900,1009108,75756,1551964,79968,3176,8104,31404,0,0,0.00,0,0.00,5,383,4.59,3.87,3.92,1,497.60,6.40,126784.00,254.80,70.30,135.42,0.99,49.28,7.00,10.40,0.55,2.39,0.00,0.00,0.00,0.00
2018-01-06 06:24:59,95.50,0.00,1.95,2.45,0.00,0.00,0.05,0.00,0.00,0.05,0.00,1058.60,1545.20,0.00,0.00,1.60,14885.60,68.20,0.00,322.40,0.00,0.00,0.00,0.00,145.60,0.40,145.20,3.20,36836.80,12942704,0,3490436,21.24,21640,1713636,2400584,14.61,2283528,1004436,152504,1552876,82032,3176,8104,31404,0,0,0.00,0,0.00,5,383,4.71,3.90,3.93,0,145.60,3.20,36836.80,253.02,36.26,269.07,2.28,33.20,6.20,8.80,0.50,2.29,0.00,0.00,0.00,0.00
2018-01-06 06:25:04,97.50,0.00,2.15,0.00,0.00,0.00,0.30,0.00,0.00,0.05,8.60,3309.40,2190.20,0.00,0.00,5709.60,19.20,5686.80,58.40,1521.60,0.00,0.00,0.00,0.00,114.80,114.20,0.60,11419.20,38.40,12904444,0,3528696,21.47,21996,1745616,2420920,14.73,2295688,1027392,162488,1555340,82428,3216,8364,31404,0,0,0.00,0,0.00,8,388,4.81,3.94,3.95,0,114.80,11419.20,38.40,99.80,0.17,1.47,0.82,9.44,6.20,9.00,0.51,2.51,0.00,0.00,0.00,0.00
2018-01-06 06:25:09,98.80,0.00,1.20,0.00,0.00,0.00,0.00,0.00,0.00,0.00,0.00,1007.80,1416.40,0.00,0.00,0.00,84.00,17.80,0.00,52.80,0.00,0.00,0.00,0.00,8.80,0.00,8.80,0.00,168.00,12854412,0,3578728,21.78,22004,1796096,2420920,14.73,2345532,1027380,212728,1555432,83316,3216,8364,31404,0,0,0.00,0,0.00,5,388,4.74,3.94,3.95,0,8.80,0.00,168.00,19.09,0.00,0.00,0.00,0.00,5.80,8.00,0.46,1.96,0.00,0.00,0.00,0.00
2018-01-06 06:25:14,98.50,0.00,1.35,0.00,0.00,0.00,0.10,0.00,0.00,0.05,0.00,1701.80,1591.40,0.00,0.00,0.00,98.40,33.00,0.00,2064.40,0.00,0.00,0.00,0.00,10.40,0.00,10.40,0.00,196.80,12761412,0,3671728,22.34,22012,1886584,2420920,14.73,2429536,1034428,323192,1555548,85624,3216,8364,31404,0,0,0.00,0,0.00,4,388,4.68,3.94,3.95,0,10.40,0.00,196.80,18.92,0.01,1.31,0.08,0.08,243.40,640.40,16.21,5491.48,0.00,0.00,0.00,0.45
2018-01-06 06:25:19,98.55,0.00,1.40,0.00,0.00,0.00,0.05,0.00,0.00,0.00,2.00,1093.00,1347.60,0.00,0.00,0.00,120.80,91.00,0.00,100.80,0.00,0.00,0.00,0.00,3.00,0.00,3.00,0.00,241.60,12663176,0,3769964,22.94,22020,1983020,2420920,14.73,2526472,1034468,419148,1556476,87772,3232,8368,31404,0,0,0.00,0,0.00,4,392,4.79,3.97,3.96,0,3.00,0.00,241.60,80.53,0.00,0.00,0.00,0.00,6.60,9.60,0.54,2.69,0.00,0.00,0.00,0.00
2018-01-06 06:25:24,97.85,0.00,2.10,0.00,0.00,0.00,0.05,0.00,0.00,0.00,1.20,1211.40,1507.40,0.00,0.00,0.00,20.80,72.80,0.00,1195.60,0.00,0.00,0.00,0.00,0.60,0.00,0.60,0.00,41.60,12525280,0,3907860,23.78,22036,2116480,2420920,14.73,2655684,1040136,565184,1557560,90840,3280,8388,31404,0,0,0.00,0,0.00,4,396,4.73,3.97,3.96,0,0.60,0.00,41.60,69.33,0.00,0.00,0.00,0.00,133.20,426.60,8.85,3665.02,0.00,0.00,0.00,0.30
2018-01-06 06:25:29,97.30,0.00,2.50,0.05,0.00,0.00,0.15,0.00,0.00,0.00,0.00,1335.60,1669.60,0.00,0.00,0.80,8074.40,17.20,0.00,1818.00,0.00,0.00,0.00,0.00,63.60,0.20,63.40,1.60,16148.80,12392636,0,4040504,24.59,22044,2246928,2420920,14.73,2776640,1048844,673924,1557580,93480,3280,8388,31404,0,0,0.00,0,0.00,4,396,4.83,4.01,3.97,0,63.60,1.60,16148.80,253.94,2.08,32.72,0.30,1.92,206.40,638.00,13.75,5495.14,0.00,0.00,0.00,0.45
2018-01-06 06:25:34,94.49,0.00,3.05,0.00,0.05,0.00,0.15,0.00,0.00,2.25,11.40,1926.20,2171.60,0.00,0.00,1.60,32406.40,3184.20,0.00,45568.60,0.00,0.00,0.00,0.00,255.40,0.40,255.00,3.20,64812.80,13034852,0,3398288,20.68,22052,2054528,2061832,12.55,2098176,1089204,441068,1110640,90324,3176,7080,31404,0,0,0.00,0,0.00,3,349,5.00,4.06,3.98,0,255.40,3.20,64812.80,253.78,10.27,40.20,0.56,14.40,699.20,982.00,47.51,8244.67,0.00,0.00,0.00,0.68
2018-01-06 06:25:39,86.36,0.00,3.07,0.00,0.05,0.00,0.10,0.00,0.00,10.42,20.20,2369.60,2499.00,0.00,0.00,4096.80,11875.20,16487.20,0.00,40991.40,0.00,0.00,0.00,0.00,128.40,32.20,96.20,8193.60,23750.40,13129344,0,3303796,20.10,22084,1989540,2299828,14.00,1925004,1168852,337108,1084492,87428,2968,7164,31404,0,0,0.00,0,0.00,11,358,5.16,4.11,4.00,0,128.40,8193.60,23750.40,248.79,0.54,4.22,0.36,4.56,858.00,1399.40,59.73,11899.73,0.00,0.00,0.00,0.97
2018-01-06 06:25:44,96.30,0.00,3.00,0.00,0.00,0.00,0.65,0.00,0.00,0.05,13.00,2887.00,2980.00,0.00,0.00,724.00,9172.80,9799.80,0.00,31110.20,0.00,0.00,0.00,0.00,89.60,6.00,83.60,1448.00,18345.60,12787388,0,3645752,22.19,22104,1988920,2350020,14.30,2187988,1248172,302396,1425328,86816,3344,7904,31404,0,0,0.00,0,0.00,6,406,5.87,4.27,4.05,0,89.60,1448.00,18345.60,220.91,0.38,4.21,0.36,3.20,5580.80,1908.60,47522.04,7392.28,0.00,0.00,0.00,3.89
2018-01-06 06:25:49,93.90,0.00,3.00,0.05,0.00,0.00,0.05,0.00,0.00,3.00,7.20,1190.60,1474.00,0.00,0.00,0.00,1466.40,4492.40,0.00,16399.20,0.00,0.00,0.00,0.00,15.20,0.00,15.20,0.00,2932.80,12653412,0,3779728,23.00,22120,2203496,2384996,14.51,2312600,1254804,510660,1342436,91220,3256,7864,31404,0,0,0.00,0,0.00,7,394,5.88,4.30,4.06,0,15.20,0.00,2932.80,192.95,0.03,2.11,0.58,0.88,170.20,169.20,638.05,1155.88,0.00,0.00,0.00,0.09
2018-01-06 06:25:54,60.75,0.00,2.21,1.26,0.05,0.00,0.05,0.00,0.00,35.68,4.00,1570.60,2414.20,0.00,0.00,1.60,44171.20,2592.40,0.00,13708.20,0.00,0.00,0.00,0.00,347.20,0.40,346.80,3.20,88342.40,12353808,0,4079332,24.82,22132,2326036,2432396,14.80,2588884,1273568,412508,1514368,94748,3392,8320,31404,0,0,0.00,0,0.00,1,410,5.49,4.24,4.05,0,347.20,3.20,88342.40,254.45,36.98,106.51,0.80,27.84,1846.60,587.00,16047.83,41.92,0.00,0.00,0.00,1.31
2018-01-06 06:25:59,8.09,0.00,0.35,0.50,0.05,0.00,0.05,0.00,0.00,90.95,0.00,636.60,636.00,0.00,0.00,1.60,14085.60,25.20,0.00,640.60,0.00,0.00,0.00,0.00,111.20,0.40,110.80,3.20,28171.20,12320408,0,4112732,25.03,22144,2363368,2432396,14.80,2620968,1273592,379472,1509100,95868,3392,8308,31404,0,0,0.00,0,0.00,0,410,5.05,4.17,4.03,0,111.20,3.20,28171.20,253.37,4.17,37.47,0.75,8.32,10.20,17.00,1.35,4.40,0.00,0.00,0.00,0.00
2018-01-06 06:26:04,1.46,0.00,0.15,0.00,0.05,0.00,0.05,0.00,0.00,98.28,0.00,1027.40,1147.40,0.00,0.00,0.00,180.80,29.00,0.00,5026.00,0.00,0.00,0.00,0.00,2.20,0.00,2.20,0.00,361.60,12323036,0,4110104,25.01,22152,2342644,2432396,14.80,2602720,1289308,378636,1527664,95488,3392,8344,31404,0,0,0.00,0,0.00,0,410,4.65,4.10,4.00,0,2.20,0.00,361.60,164.36,0.00,1.45,0.36,0.08,846.60,1316.00,5502.99,7531.97,0.00,0.00,0.00,0.62
2018-01-06 06:26:09,1.66,0.00,0.15,0.00,0.05,0.00,0.05,0.00,0.00,98.09,0.40,773.60,807.00,0.00,0.00,2.40,257.60,305.60,0.00,2983.20,0.00,0.00,0.00,0.00,7.60,0.60,7.00,4.80,515.20,12327928,0,4105212,24.98,22164,2323984,2448444,14.90,2578816,1308260,377644,1540940,94352,3408,8620,31404,0,0,0.00,0,0.00,0,412,4.27,4.04,3.98,0,7.60,4.80,515.20,68.42,0.00,0.11,0.11,0.08,468.40,1035.00,1845.65,7507.21,0.00,0.00,0.00,0.61
2018-01-06 06:26:14,1.96,0.00,0.25,0.00,0.00,0.00,0.05,0.00,0.00,97.74,0.00,765.60,633.20,0.00,0.00,0.00,136.80,20.20,0.00,1451.60,0.00,0.00,0.00,0.00,8.40,0.00,8.40,0.00,273.60,12326472,0,4106668,24.99,22172,2325952,2448444,14.90,2581396,1308472,379084,1541864,94032,3392,8348,31404,0,0,0.00,0,0.00,1,401,3.93,3.97,3.96,0,8.40,0.00,273.60,32.57,0.01,1.05,0.10,0.08,276.40,204.40,2285.98,17.14,0.00,0.00,0.00,0.19
2018-01-06 06:26:19,88.93,0.00,2.60,0.00,0.00,0.00,0.15,0.00,0.00,8.31,6.40,2070.60,2181.00,0.00,0.00,2.40,57088.80,10966.80,0.00,7762.40,0.00,0.00,0.00,0.00,455.00,0.60,454.40,4.80,114177.60,12140084,0,4293056,26.12,22180,2398732,2464608,15.00,2756824,1317952,179392,1654344,95768,3360,8520,31404,0,0,0.00,0,0.00,12,406,4.34,4.05,3.99,0,455.00,4.80,114177.60,250.95,57.69,126.79,0.93,42.32,250.00,555.40,1378.93,3762.44,0.00,0.00,0.00,0.31
2018-01-06 06:26:24,97.50,0.00,2.15,0.00,0.00,0.00,0.35,0.00,0.00,0.00,1.60,5075.20,2227.20,0.00,0.00,5.60,18336.80,2055.40,0.00,7162.40,0.00,0.00,0.00,0.00,145.60,1.40,144.20,11.20,36673.60,12136476,0,4296664,26.15,22188,2450988,2464608,15.00,2692516,1385356,151940,1605784,96688,3424,8560,31404,0,0,0.00,0,0.00,5,414,4.47,4.09,4.00,0,145.60,11.20,36673.60,251.96,4.73,32.52,0.48,7.04,85.80,435.60,5.77,3752.51,0.00,0.00,0.00,0.31
2018-01-06 06:26:29,97.70,0.00,1.95,0.00,0.00,0.00,0.30,0.00,0.00,0.05,0.00,5620.80,2040.20,0.00,0.00,0.00,5.60,339.00,0.00,2728.00,0.00,0.00,0.00,0.00,0.40,0.00,0.40,0.00,11.20,12037412,0,4395728,26.75,22196,2541336,2464608,15.00,2703868,1470928,242368,1612152,99164,3392,8572,31404,0,0,0.00,0,0.00,4,410,4.43,4.08,4.00,0,0.40,0.00,11.20,28.00,0.00,0.00,0.00,0.00,7.00,10.60,0.56,2.65,0.00,0.00,0.00,0.00
2018-01-06 06:26:34,98.00,0.00,1.90,0.00,0.00,0.00,0.10,0.00,0.00,0.00,0.00,5589.20,1814.80,0.00,0.00,0.00,4.80,58.00,0.00,2320.80,0.00,0.00,0.00,0.00,0.40,0.00,0.40,0.00,9.60,11944108,0,4489032,27.32,22204,2631500,2464608,15.00,2709012,1556000,332532,1612372,101684,3392,8572,31404,0,0,0.00,0,0.00,4,410,4.40,4.08,4.00,0,0.40,0.00,9.60,24.00,0.00,0.00,0.00,0.00,5.40,7.80,0.44,2.24,0.00,0.00,0.00,0.00
2018-01-06 06:26:39,97.55,0.00,2.05,0.00,0.00,0.00,0.25,0.00,0.00,0.15,0.00,5615.00,1868.00,0.00,0.00,0.00,15.20,57.00,0.00,3670.40,0.00,0.00,0.00,0.00,0.80,0.00,0.80,0.00,30.40,11861892,0,4571248,27.82,22212,2721856,2447268,14.89,2703796,1641628,422596,1601996,104232,3392,8560,31404,0,0,0.00,0,0.00,7,410,4.45,4.10,4.00,0,0.80,0.00,30.40,38.00,0.00,0.00,0.00,0.00,5.60,8.20,0.46,2.35,0.00,0.00,0.00,0.00
2018-01-06 06:26:44,97.55,0.00,2.25,0.00,0.00,0.00,0.15,0.00,0.00,0.05,0.00,5522.80,1982.80,0.00,0.00,0.00,59.20,52.40,0.00,2348.60,0.00,0.00,0.00,0.00,2.00,0.00,2.00,0.00,118.40,11768080,0,4665060,28.39,22220,2812856,2447268,14.89,2708716,1727644,513596,1601944,106736,3360,8564,31404,0,0,0.00,0,0.00,5,406,4.49,4.11,4.01,0,2.00,0.00,118.40,59.20,0.00,0.00,0.00,0.00,6.20,9.20,0.52,2.72,0.00,0.00,0.00,0.00
2018-01-06 06:26:49,97.65,0.00,2.15,0.00,0.00,0.00,0.20,0.00,0.00,0.00,1.40,5509.00,2292.00,0.00,0.00,0.80,24586.40,106.00,0.00,2395.00,0.00,0.00,0.00,0.00,170.00,0.20,169.80,1.60,43233.60,11673540,0,4759600,28.96,22228,2903888,2447268,14.89,2714652,1813716,480944,1602560,109504,3384,8564,31404,0,0,0.00,0,0.00,9,409,4.53,4.13,4.02,0,170.40,1.60,43336.00,254.33,6.40,37.52,0.29,4.96,10.60,14.80,1.01,2.93,0.00,0.00,0.00,0.00
2018-01-06 06:26:54,97.00,0.00,2.65,0.05,0.00,0.00,0.30,0.00,0.00,0.00,1.80,5784.00,3035.80,0.00,0.00,3.20,92856.00,94.80,0.00,2308.80,0.00,0.00,0.00,0.00,731.00,0.80,730.20,6.40,185612.80,11582592,0,4850548,29.52,22236,2991704,2447268,14.89,2720804,1895504,105904,1602928,111796,3376,8564,31404,0,0,0.00,0,0.00,4,408,4.57,4.14,4.02,6,730.60,6.40,185510.40,253.92,140.93,189.11,1.37,100.00,7.20,11.60,0.79,3.36,0.00,0.00,0.00,0.00
2018-01-06 06:26:59,97.25,0.00,2.40,0.00,0.00,0.00,0.30,0.00,0.00,0.05,0.00,5639.00,2247.80,0.00,0.00,0.00,4927.20,111.80,0.00,2436.80,0.00,0.00,0.00,0.00,62.60,0.00,62.60,0.00,15892.80,11488300,0,4944840,30.09,22252,3082912,2447268,14.89,2728812,1980156,172312,1604324,114552,3368,8564,31404,0,0,0.00,0,0.00,5,407,4.52,4.14,4.02,0,62.60,0.00,15892.80,253.88,6.70,151.48,1.38,8.64,6.00,9.00,0.50,2.56,0.00,0.00,0.00,0.00
2018-01-06 06:27:04,96.80,0.00,2.85,0.00,0.00,0.00,0.25,0.00,0.00,0.10,0.00,5679.60,2052.60,0.00,0.00,0.00,4.00,40.00,0.00,2663.80,0.00,0.00,0.00,0.00,0.40,0.00,0.40,0.00,8.00,11394892,0,5038248,30.66,22260,3171232,2447268,14.89,2734512,2064308,262108,1606208,116916,3344,8568,31404,0,0,0.00,0,0.00,4,404,4.80,4.20,4.04,0,0.40,0.00,8.00,20.00,0.00,0.00,0.00,0.00,47.00,85.20,3.25,666.21,0.00,0.00,0.00,0.05
2018-01-06 06:27:09,96.60,0.00,3.05,0.00,0.00,0.00,0.35,0.00,0.00,0.00,0.00,6009.20,2016.40,0.00,0.00,0.00,4.00,40.40,0.00,4902.40,0.00,0.00,0.00,0.00,0.40,0.00,0.40,0.00,8.00,11338676,0,5094464,31.00,22268,3226964,2447268,14.89,2687176,2167332,351268,1606244,117892,3344,8568,31404,0,0,0.00,0,0.00,4,404,4.74,4.20,4.04,0,0.40,0.00,8.00,20.00,0.00,0.00,0.00,0.00,228.40,1215.80,15.15,10588.00,0.00,0.00,0.00,0.87
2018-01-06 06:27:14,93.78,0.00,4.02,0.00,0.00,0.00,0.10,0.00,0.00,2.11,18.00,4582.20,2212.40,0.00,0.00,0.00,62.40,12290.80,0.00,64357.20,0.00,0.00,0.00,0.00,1.20,0.00,1.20,0.00,124.80,12201632,0,4231508,25.75,22292,2936460,2019072,12.29,1780760,2219960,404632,1041824,110540,2872,6780,31404,0,0,0.00,0,0.00,7,346,4.92,4.25,4.06,0,1.20,0.00,124.80,104.00,0.00,0.67,0.67,0.08,82.00,283.80,7.69,2223.19,0.00,0.00,0.00,0.18
2018-01-06 06:27:19,94.08,0.00,4.32,0.00,0.00,0.00,0.65,0.00,0.00,0.95,20.16,2946.71,3824.15,0.00,0.00,0.00,104.59,14067.47,0.00,52491.82,0.00,0.00,0.00,0.00,2.20,0.00,2.20,0.00,209.18,12122108,0,4311032,26.23,22312,2749720,2375940,14.46,1766216,2322064,440196,1316476,103172,3104,7832,31404,0,0,0.00,0,0.00,7,368,5.17,4.31,4.08,0,2.20,0.00,209.18,95.27,0.00,0.00,0.00,0.00,5144.11,4816.57,37557.84,35250.32,0.00,0.00,0.00,3.08
2018-01-06 06:27:24,95.70,0.00,3.85,0.00,0.00,0.00,0.45,0.00,0.00,0.00,7.00,2087.60,3180.60,0.00,0.00,0.80,40462.40,1832.60,0.00,22903.80,0.00,0.00,0.00,0.00,318.40,0.20,318.20,1.60,80924.80,11739124,0,4694016,28.56,22332,2871212,2464888,15.00,2081188,2387064,406460,1575348,104032,3160,8444,31404,0,0,0.00,0,0.00,4,379,5.07,4.30,4.08,0,318.40,1.60,80924.80,254.17,31.75,99.71,0.89,28.24,4656.00,2668.40,37610.44,15071.96,0.00,0.00,0.00,3.08
2018-01-06 06:27:29,97.25,0.00,2.55,0.05,0.05,0.00,0.05,0.00,0.00,0.05,2.80,1261.80,1705.00,0.00,0.00,1.60,40483.20,4353.80,0.00,4008.40,0.00,0.00,0.00,0.00,328.00,0.40,327.60,3.20,80966.40,11531780,0,4901360,29.83,22340,3060456,2464888,15.00,2281044,2389344,393680,1587972,109168,3216,8468,31404,0,0,0.00,0,0.00,11,389,5.31,4.37,4.10,0,328.00,3.20,80966.40,246.86,33.09,100.89,0.74,24.24,9.80,14.60,1.01,3.33,0.00,0.00,0.00,0.00
2018-01-06 06:27:34,97.30,0.00,2.50,0.00,0.00,0.00,0.15,0.00,0.00,0.05,4.40,3462.40,2024.00,0.00,0.00,0.00,12.80,7376.60,0.00,7733.20,0.00,0.00,0.00,0.00,0.40,0.00,0.40,0.00,25.60,11407400,0,5025740,30.58,22348,3126408,2440300,14.85,2359780,2432784,482832,1643816,111212,3360,8584,31404,0,0,0.00,0,0.00,10,409,5.60,4.44,4.13,0,0.40,0.00,25.60,64.00,0.00,0.00,0.00,0.00,189.60,868.80,12.91,7495.94,0.00,0.00,0.00,0.61
2018-01-06 06:27:39,97.85,0.00,2.00,0.00,0.00,0.00,0.15,0.00,0.00,0.00,0.80,5020.00,1706.20,0.00,0.00,0.00,5.60,3423.60,0.00,4851.80,0.00,0.00,0.00,0.00,0.40,0.00,0.40,0.00,11.20,11317444,0,5115696,31.13,22356,3199760,2456380,14.95,2378088,2502248,556000,1658924,112520,3408,8644,31404,0,0,0.00,0,0.00,4,411,5.47,4.43,4.13,0,0.40,0.00,11.20,28.00,0.00,2.00,2.00,0.08,7.00,10.40,0.57,2.73,0.00,0.00,0.00,0.00
2018-01-06 06:27:44,97.90,0.00,1.90,0.00,0.00,0.00,0.20,0.00,0.00,0.00,0.00,5644.60,1546.40,0.00,0.00,0.00,31.20,218.40,0.00,3655.40,0.00,0.00,0.00,0.00,3.80,0.00,3.80,0.00,62.40,11246948,0,5186192,31.56,22364,3289532,2456380,14.95,2361600,2587048,645696,1637484,115012,3384,8620,31404,0,0,0.00,0,0.00,4,409,5.36,4.43,4.12,0,3.80,0.00,62.40,16.42,0.00,0.00,0.00,0.00,6.20,9.20,0.50,2.41,0.00,0.00,0.00,0.00
2018-01-06 06:27:49,97.80,0.00,2.15,0.00,0.00,0.00,0.05,0.00,0.00,0.00,0.00,5526.00,1709.80,0.00,0.00,0.00,18433.60,50.60,0.00,2932.20,0.00,0.00,0.00,0.00,152.80,0.00,152.80,0.00,36867.20,11165100,0,5268040,32.06,22372,3380564,2456380,14.95,2354960,2673304,645084,1625844,117540,3384,8596,31404,0,0,0.00,0,0.00,4,409,5.41,4.45,4.14,0,152.80,0.00,36867.20,241.28,5.36,35.07,0.27,4.16,5.80,8.40,0.48,2.44,0.00,0.00,0.00,0.00
2018-01-06 06:27:54,97.65,0.00,2.15,0.00,0.00,0.00,0.20,0.00,0.00,0.00,0.00,5667.40,1887.00,0.00,0.00,0.80,36699.20,46.80,0.00,2332.60,0.00,0.00,0.00,0.00,289.00,0.20,288.80,1.60,73398.40,11071704,0,5361436,32.63,22380,3471616,2456380,14.95,2360032,2758828,552500,1625924,120032,3384,8596,31404,0,0,0.00,0,0.00,6,409,5.38,4.46,4.14,0,289.00,1.60,73398.40,253.98,25.85,89.44,0.69,20.00,5.60,8.20,0.46,2.35,0.00,0.00,0.00,0.00
2018-01-06 06:27:59,97.60,0.00,2.20,0.00,0.00,0.00,0.20,0.00,0.00,0.00,1.00,5591.00,2197.00,0.00,0.00,3.20,51252.00,80.00,0.00,3120.40,0.00,0.00,0.00,0.00,372.40,0.80,371.60,6.40,94940.80,10989160,0,5443980,33.13,22388,3551936,2456380,14.95,2346328,2852908,386392,1625984,122088,3392,8600,31404,0,0,0.00,0,0.00,5,411,5.43,4.49,4.15,4,372.60,6.40,94992.00,254.96,45.48,97.48,0.86,31.92,86.20,440.60,5.95,3752.67,0.00,0.00,0.00,0.31
2018-01-06 06:28:04,97.25,0.00,2.45,0.00,0.00,0.00,0.30,0.00,0.00,0.00,1.00,5585.40,1798.00,0.00,0.00,0.00,5781.60,140.40,0.00,3416.60,0.00,0.00,0.00,0.00,80.00,0.00,80.00,0.00,19126.40,10903712,0,5529428,33.65,22400,3636052,2456380,14.95,2332048,2950220,448104,1624664,124172,3416,8592,31404,0,0,0.00,0,0.00,5,413,5.31,4.48,4.15,0,79.80,0.00,19075.20,239.04,9.93,239.25,1.30,10.40,141.40,444.40,10.16,3781.34,0.00,0.00,0.00,0.31
2018-01-06 06:28:09,96.85,0.00,2.85,0.00,0.00,0.00,0.30,0.00,0.00,0.00,1.20,5546.00,2698.00,0.00,0.00,1893.60,83364.80,68.00,0.00,4345.80,0.00,0.00,0.00,0.00,668.20,16.00,652.20,3787.20,166729.60,10833684,0,5599456,34.07,22408,3703212,2456380,14.95,2318296,3031932,120412,1624760,126460,3416,8592,31404,0,0,0.00,0,0.00,6,412,5.53,4.54,4.17,0,668.20,3787.20,166729.60,255.19,99.12,148.34,1.06,71.12,101.00,443.20,6.89,3752.82,0.00,0.00,0.00,0.31
2018-01-06 06:28:14,97.35,0.00,2.45,0.00,0.00,0.00,0.20,0.00,0.00,0.00,0.00,5624.60,1904.00,0.00,0.00,0.00,10.40,40.00,0.00,2631.60,0.00,0.00,0.00,0.00,0.60,0.00,0.60,0.00,20.80,10744632,0,5688508,34.62,22416,3793948,2456380,14.95,2320280,3115964,211028,1620544,128808,3400,8588,31404,0,0,0.00,0,0.00,4,411,5.40,4.53,4.17,0,0.60,0.00,20.80,34.67,0.00,0.00,0.00,0.00,6.00,9.00,0.50,2.56,0.00,0.00,0.00,0.00
2018-01-06 06:28:19,97.75,0.00,2.15,0.00,0.00,0.00,0.10,0.00,0.00,0.00,0.00,5631.20,1894.60,0.00,0.00,0.00,24.00,47.20,0.00,2352.80,0.00,0.00,0.00,0.00,1.20,0.00,1.20,0.00,48.00,10651196,0,5781944,35.18,22424,3884832,2456380,14.95,2326404,3200616,301912,1620252,131332,3360,8588,31404,0,0,0.00,0,0.00,7,406,5.29,4.52,4.17,0,1.20,0.00,48.00,40.00,0.00,0.00,0.00,0.00,6.20,9.20,0.50,2.49,0.00,0.00,0.00,0.00
2018-01-06 06:28:24,82.64,0.00,2.55,0.00,0.05,0.00,0.20,0.00,0.00,14.56,5.40,5362.00,2348.40,0.00,0.00,0.00,45.60,618.20,0.00,39515.00,0.00,0.00,0.00,0.00,1.20,0.00,1.20,0.00,91.20,11310340,0,5122800,31.17,22436,3764292,1802520,10.97,1597780,3277464,385284,1089036,128652,2824,6664,31404,0,0,0.00,0,0.00,2,339,5.03,4.48,4.16,0,1.20,0.00,91.20,76.00,0.00,0.00,0.00,0.00,16.20,20.80,1.72,4.86,0.00,0.00,0.00,0.00
2018-01-06 06:28:29,16.94,0.00,1.01,0.00,0.10,0.00,0.00,0.00,0.00,81.96,5.60,1829.00,1663.40,0.00,0.00,0.00,33.60,608.20,0.00,39794.40,0.00,0.00,0.00,0.00,0.40,0.00,0.40,0.00,67.20,12068400,0,4364740,26.56,22436,3559860,1156080,7.04,828876,3295448,404560,542140,122572,2368,4884,31404,0,0,0.00,0,0.00,0,273,4.63,4.40,4.13,0,0.40,0.00,67.20,168.00,0.00,0.00,0.00,0.00,15.40,18.40,1.64,3.82,0.00,0.00,0.00,0.00
2018-01-06 06:28:34,0.00,0.00,0.15,4.57,0.05,0.00,0.00,0.00,0.00,95.23,0.00,272.20,484.80,0.00,0.00,1.60,40452.80,7.80,0.00,40.40,0.00,0.00,0.00,0.00,318.40,0.40,318.00,3.20,80905.60,12068748,0,4364392,26.56,22448,3559884,1156080,7.04,828752,3295444,202580,541864,122412,2296,4700,31404,0,0,0.00,0,0.00,1,273,4.25,4.33,4.11,0,318.40,3.20,80905.60,254.11,31.71,99.59,0.76,24.16,4.40,5.60,0.33,1.03,0.00,0.00,0.00,0.00
2018-01-06 06:28:39,0.05,0.00,0.15,1.15,0.05,0.00,0.00,0.00,0.00,98.60,0.00,275.60,354.40,0.00,0.00,0.80,26573.60,10.60,0.00,37.60,0.00,0.00,0.00,0.00,185.80,0.20,185.60,1.60,45952.00,12068868,0,4364272,26.56,22456,3559908,1156080,7.04,828760,3295456,70016,541860,122288,2296,4700,31404,0,0,0.00,0,0.00,0,273,3.99,4.28,4.09,1,186.20,1.60,46054.40,247.35,7.59,35.25,0.29,5.36,4.60,6.00,0.35,1.13,0.00,0.00,0.00,0.00
2018-01-06 06:28:44,0.00,0.00,0.05,4.92,0.05,0.00,0.00,0.00,0.00,94.98,0.00,265.60,306.00,0.00,0.00,0.80,13922.40,7.80,0.00,37.40,0.00,0.00,0.00,0.00,138.20,0.20,138.00,1.60,35040.00,12068892,0,4364248,26.56,22464,3559928,1156080,7.04,828772,3295476,232,541860,122264,2296,4700,31404,0,0,0.00,0,0.00,1,273,3.67,4.21,4.07,0,137.80,1.60,34937.60,253.55,21.39,162.68,1.36,18.80,4.40,5.80,0.34,1.12,0.00,0.00,0.00,0.00
2018-01-06 06:28:49,0.05,0.00,0.00,0.00,0.05,0.00,0.00,0.00,0.00,99.90,0.00,255.20,170.60,0.00,0.00,0.00,10.40,9.80,0.00,34.80,0.00,0.00,0.00,0.00,0.60,0.00,0.60,0.00,20.80,12068908,0,4364232,26.56,22472,3559952,1156080,7.04,828784,3295496,256,541860,122248,2296,4700,31404,0,0,0.00,0,0.00,1,273,3.38,4.14,4.05,0,0.60,0.00,20.80,34.67,0.00,0.00,0.00,0.00,4.20,5.40,0.32,1.01,0.00,0.00,0.00,0.00
2018-01-06 06:28:54,0.05,0.00,0.00,0.05,0.00,0.00,0.00,0.00,0.00,99.90,0.40,277.00,193.40,0.00,0.00,0.00,17.60,16.20,0.00,46.40,0.00,0.00,0.00,0.00,1.40,0.00,1.40,0.00,35.20,12068908,0,4364232,26.56,22480,3559992,1156080,7.04,828796,3295536,240,541860,122248,2296,4700,31404,0,0,0.00,0,0.00,1,273,3.11,4.07,4.03,0,1.40,0.00,35.20,25.14,0.00,0.00,0.00,0.00,6.00,7.60,2.69,1.33,0.00,0.00,0.00,0.00
2018-01-06 06:28:59,0.05,0.00,0.30,0.00,0.00,0.00,0.00,0.00,0.00,99.65,0.60,279.60,202.00,0.00,0.00,0.00,16.80,21.20,0.00,26417.40,0.00,0.00,0.00,0.00,1.60,0.00,1.60,0.00,33.60,12594632,0,3838508,23.36,22488,3038188,1156080,7.04,828772,2773884,556,541996,117852,2312,4700,31404,0,0,0.00,0,0.00,1,275,2.86,4.00,4.01,0,1.60,0.00,33.60,21.00,0.00,0.00,0.00,0.00,15.00,16.60,52.01,55.61,0.00,0.00,0.00,0.00
2018-01-06 06:29:04,91.07,0.00,3.61,0.00,0.00,0.00,0.00,0.00,0.00,5.32,32.40,2499.80,1834.60,0.00,0.00,0.00,113.60,25188.80,0.00,11605.20,0.00,0.00,0.00,0.00,2.40,0.00,2.40,0.00,227.20,12064200,0,4368940,26.59,22520,3038848,2255428,13.72,1352988,2774376,1452,1068144,118868,3040,7240,31404,0,0,0.00,0,0.00,11,370,3.59,4.13,4.05,0,2.40,0.00,227.20,94.67,0.00,0.00,0.00,0.00,26.40,28.40,24.72,3.71,0.00,0.00,0.00,0.00
2018-01-06 06:29:09,96.70,0.00,2.85,0.00,0.00,0.00,0.25,0.00,0.00,0.20,8.80,3609.40,1960.60,0.00,0.00,0.00,32.00,4996.80,0.00,3402.60,0.00,0.00,0.00,0.00,0.80,0.00,0.80,0.00,64.00,11601256,0,4831884,29.40,22532,3039340,2304148,14.02,1814288,2774880,1976,1527336,119788,3296,8304,31404,0,0,0.00,0,0.00,5,398,3.70,4.15,4.06,0,0.80,0.00,64.00,80.00,0.00,0.00,0.00,0.00,13.60,19.00,3.94,2.77,0.00,0.00,0.00,0.00
2018-01-06 06:29:14,97.30,0.00,2.50,0.00,0.00,0.00,0.20,0.00,0.00,0.00,0.00,3688.80,1907.60,0.00,0.00,0.00,80.00,105.60,0.00,318.20,0.00,0.00,0.00,0.00,10.40,0.00,10.40,0.00,160.00,11603844,0,4829296,29.39,22540,3039364,2304148,14.02,1811988,2774896,1660,1524996,119704,3248,8304,31404,0,0,0.00,0,0.00,5,392,3.73,4.14,4.05,0,10.40,0.00,160.00,15.38,0.00,0.46,0.08,0.08,5.80,8.40,0.46,1.99,0.00,0.00,0.00,0.00
2018-01-06 06:29:19,98.40,0.00,1.60,0.00,0.00,0.00,0.00,0.00,0.00,0.00,0.00,671.20,1222.60,0.00,0.00,0.00,10.40,32.80,0.00,179.60,0.00,0.00,0.00,0.00,0.40,0.00,0.40,0.00,20.80,11468128,0,4965012,30.21,22548,3177400,2304148,14.02,1947004,2774940,139720,1522728,121488,3216,8304,31404,0,0,0.00,0,0.00,5,388,3.75,4.14,4.05,0,0.40,0.00,20.80,52.00,0.00,0.00,0.00,0.00,6.60,10.20,0.54,2.58,0.00,0.00,0.00,0.00
2018-01-06 06:29:24,96.75,0.00,2.90,0.00,0.00,0.00,0.30,0.00,0.00,0.05,0.00,3629.60,1959.00,0.00,0.00,0.00,21.60,151.80,0.00,177.40,0.00,0.00,0.00,0.00,0.80,0.00,0.80,0.00,43.20,11386628,0,5046512,30.71,22564,3253808,2304148,14.02,2026208,2774952,216160,1524908,124532,3208,8304,31404,0,0,0.00,0,0.00,10,387,4.17,4.22,4.08,0,0.80,0.00,43.20,54.00,0.00,0.00,0.00,0.00,5.40,7.80,0.44,2.09,0.00,0.00,0.00,0.00
2018-01-06 06:29:29,98.95,0.00,1.00,0.00,0.00,0.00,0.00,0.00,0.00,0.05,0.00,599.60,1206.60,0.00,0.00,0.00,20.80,19.40,0.00,47.20,0.00,0.00,0.00,0.00,1.20,0.00,1.20,0.00,41.60,11313700,0,5119440,31.15,22572,3324944,2304148,14.02,2097388,2774984,287276,1525044,125436,3208,8304,31404,0,0,0.00,0,0.00,5,387,4.16,4.22,4.08,0,1.20,0.00,41.60,34.67,0.00,0.00,0.00,0.00,5.80,8.60,0.49,2.42,0.00,0.00,0.00,0.00
2018-01-06 06:29:34,97.15,0.00,2.75,0.00,0.00,0.00,0.00,0.00,0.00,0.10,3.20,1005.00,1324.80,0.00,0.00,0.00,232.00,1856.40,0.00,1014.60,0.00,0.00,0.00,0.00,10.00,0.00,10.00,0.00,464.00,11044016,0,5389124,32.79,22580,3570240,2320448,14.12,2360016,2775076,531716,1542516,131900,3296,8352,31404,0,0,0.00,0,0.00,6,399,4.22,4.23,4.08,0,10.00,0.00,464.00,46.40,0.02,1.68,0.08,0.08,6.80,10.40,0.58,3.17,0.00,0.00,0.00,0.00
2018-01-06 06:29:39,96.50,0.00,3.45,0.00,0.00,0.00,0.00,0.00,0.00,0.05,0.00,1399.60,1426.80,0.00,0.00,0.00,149.60,103.80,0.00,970.80,0.00,0.00,0.00,0.00,3.40,0.00,3.40,0.00,299.20,10788284,0,5644856,34.35,22588,3836168,2320448,14.12,2609604,2775080,796988,1526108,138352,3304,8356,31404,0,0,0.00,0,0.00,4,399,4.21,4.23,4.08,0,3.40,0.00,299.20,88.00,0.00,0.00,0.00,0.00,5.00,7.20,0.41,1.92,0.00,0.00,0.00,0.00
2018-01-06 06:29:44,81.04,0.00,3.96,0.00,0.05,0.00,0.05,0.00,0.00,14.89,27.20,2084.60,1710.40,0.00,0.00,0.00,28.80,9320.60,0.00,76881.40,0.00,0.00,0.00,0.00,0.80,0.00,0.80,0.00,57.60,11975924,0,4457216,27.12,22616,3532172,2205380,13.42,1436220,2772320,495556,653896,130740,2320,5780,31404,0,0,0.00,0,0.00,7,344,4.19,4.22,4.08,0,0.80,0.00,57.60,72.00,0.00,1.00,1.00,0.08,30.40,33.00,5.17,5.90,0.00,0.00,0.00,0.00
2018-01-06 06:29:49,97.15,0.00,2.75,0.00,0.00,0.00,0.00,0.00,0.00,0.10,6.40,2174.60,1614.00,0.00,0.00,0.00,21377.60,14206.20,0.00,9176.60,0.00,0.00,0.00,0.00,171.20,0.00,171.20,0.00,42755.20,11578592,0,4854548,29.54,22628,3527284,2288392,13.93,1834560,2768112,389452,1052536,131444,3024,7332,31404,0,0,0.00,0,0.00,9,368,4.74,4.34,4.12,0,171.20,0.00,42755.20,249.74,7.89,46.08,0.35,5.92,11.40,15.00,1.42,2.33,0.00,0.00,0.00,0.00
2018-01-06 06:29:54,78.62,0.00,2.57,6.86,0.15,0.00,0.76,0.00,0.00,11.04,10.00,3606.60,3936.40,0.00,0.00,3.20,77857.60,2065.20,0.00,11826.00,0.00,0.00,0.00,0.00,616.00,0.80,615.20,6.40,155715.20,11310880,0,5122260,31.17,22636,3517560,2337832,14.23,2078272,2789060,852,1327248,131368,3328,7964,31404,0,0,0.00,0,0.00,4,402,4.60,4.31,4.12,0,616.00,6.40,155715.20,252.79,88.69,143.97,1.04,64.08,2392.20,877.60,20245.22,2098.60,0.00,0.00,0.00,1.66
2018-01-06 06:29:59,55.06,0.00,0.81,0.00,0.05,0.00,0.15,0.00,0.00,43.94,0.00,1448.20,1631.20,0.00,0.00,0.00,7.20,86.60,0.00,339.20,0.00,0.00,0.00,0.00,0.40,0.00,0.40,0.00,14.40,11207556,0,5225584,31.80,22644,3619652,2337832,14.23,2185836,2784368,108136,1328004,133356,3320,7964,31404,0,0,0.00,0,0.00,3,401,4.47,4.29,4.11,0,0.40,0.00,14.40,36.00,0.00,2.00,2.00,0.08,7.80,12.60,0.88,3.55,0.00,0.00,0.00,0.00
2018-01-06 06:30:04,60.42,0.00,1.10,0.05,0.10,0.00,0.05,0.00,0.00,38.27,0.00,1411.60,1504.60,0.00,0.00,0.00,9.60,67.60,0.00,1230.20,0.00,0.00,0.00,0.00,0.40,0.00,0.40,0.00,19.20,11025884,0,5407256,32.90,22652,3721308,2337832,14.23,2343080,2779564,214988,1405424,135592,3296,8116,31404,0,0,0.00,0,0.00,2,398,4.27,4.25,4.10,0,0.40,0.00,19.20,48.00,0.00,0.00,0.00,0.00,7.80,12.60,0.89,3.19,0.00,0.00,0.00,0.00
2018-01-06 06:30:09,53.55,0.00,2.26,0.00,0.00,0.00,0.05,0.00,0.00,44.14,1.60,1146.00,1397.80,0.00,0.00,0.00,16.00,126.40,0.00,1750.80,0.00,0.00,0.00,0.00,0.40,0.00,0.40,0.00,32.00,10797696,0,5635444,34.29,22660,3943500,2337832,14.23,2598248,2774808,442468,1407464,141160,3344,8132,31404,0,0,0.00,0,0.00,2,404,4.09,4.22,4.09,0,0.40,0.00,32.00,80.00,0.00,0.00,0.00,0.00,365.80,235.00,3098.57,18.29,0.00,0.00,0.00,0.25
2018-01-06 06:30:14,64.04,0.00,2.67,0.00,0.10,0.00,0.15,0.00,0.00,33.03,16.40,1690.80,2130.80,0.00,0.00,0.80,5148.00,11274.40,0.00,44300.80,0.00,0.00,0.00,0.00,42.00,0.20,41.80,1.60,10296.00,11240544,0,5192596,31.60,22680,3729240,2285600,13.91,2133248,2799664,223048,1183200,136644,3152,7492,31404,0,0,0.00,0,0.00,7,386,4.00,4.20,4.08,0,42.00,1.60,10296.00,245.18,0.23,5.52,0.40,1.68,252.00,850.80,18.90,7198.96,0.00,0.00,0.00,0.59
2018-01-06 06:30:19,47.75,0.00,1.31,0.00,0.10,0.00,0.35,0.00,0.00,50.48,5.40,2599.00,2882.00,0.00,0.00,0.00,1092.00,1418.00,0.00,10418.80,0.00,0.00,0.00,0.00,10.60,0.00,10.60,0.00,2184.00,11052180,0,5380960,32.74,22692,3724412,2334388,14.21,2310784,2810528,218084,1374252,136840,3352,8060,31404,0,0,0.00,0,0.00,1,405,4.00,4.20,4.08,0,10.60,0.00,2184.00,206.04,0.06,5.43,0.38,0.40,1700.80,718.60,14723.54,49.91,0.00,0.00,0.00,1.21
2018-01-06 06:30:24,41.57,0.00,1.61,0.00,0.10,0.00,0.20,0.00,0.00,56.51,0.00,1763.60,2123.00,0.00,0.00,0.00,115.20,214.20,0.00,9402.80,0.00,0.00,0.00,0.00,7.80,0.00,7.80,0.00,230.40,10876004,0,5557136,33.82,22700,3802728,2406980,14.65,2488120,2805764,301236,1472868,137248,3352,8192,31404,0,0,0.00,0,0.00,7,405,3.76,4.14,4.06,0,7.80,0.00,230.40,29.54,0.00,0.10,0.10,0.08,2019.80,908.40,17491.33,63.09,0.00,0.00,0.00,1.43
2018-01-06 06:30:29,82.03,0.00,2.65,0.00,0.00,0.00,0.15,0.00,0.00,15.17,0.00,1443.80,1583.80,0.00,0.00,0.00,1053.60,87.20,0.00,3268.00,0.00,0.00,0.00,0.00,8.80,0.00,8.80,0.00,2107.20,10566024,0,5867116,35.70,22700,4033448,2433196,14.81,2793796,2808908,539160,1546740,143272,3344,8388,31404,0,0,0.00,0,0.00,1,404,4.02,4.19,4.08,0,8.80,0.00,2107.20,239.45,0.03,3.91,0.27,0.24,406.60,509.20,2582.09,3096.13,0.00,0.00,0.00,0.25
2018-01-06 06:30:34,28.46,0.00,0.96,0.05,0.00,0.00,0.00,0.00,0.00,70.54,0.80,802.40,886.20,0.00,0.00,0.00,12.80,48.00,0.00,857.20,0.00,0.00,0.00,0.00,0.40,0.00,0.40,0.00,25.60,10451948,0,5981192,36.40,22708,4144260,2433196,14.81,2908756,2804140,655132,1546208,145908,3368,8396,31404,0,0,0.00,0,0.00,1,407,3.78,4.14,4.06,0,0.40,0.00,25.60,64.00,0.00,0.00,0.00,0.00,128.00,98.00,1030.90,9.55,0.00,0.00,0.00,0.08
2018-01-06 06:30:39,28.85,0.00,1.56,2.92,0.10,0.00,0.05,0.00,0.00,66.52,8.00,1287.00,1813.00,0.00,0.00,0.00,41918.40,4856.20,0.00,22982.00,0.00,0.00,0.00,0.00,298.40,0.00,298.40,0.00,76014.40,10634264,0,5798876,35.29,22724,4085024,2406596,14.64,2706036,2826544,400248,1424828,146036,3256,7976,31404,0,0,0.00,0,0.00,3,397,3.56,4.09,4.05,1,298.60,0.00,76065.60,254.74,22.92,54.42,0.58,17.44,405.80,715.20,542.10,5658.39,0.00,0.00,0.00,0.46
2018-01-06 06:30:44,30.08,0.00,1.56,1.91,0.10,0.00,0.40,0.00,0.00,65.94,3.40,1452.20,1949.80,0.00,0.00,0.80,5104.00,1558.60,0.00,14461.60,0.00,0.00,0.00,0.00,71.60,0.20,71.40,1.60,18030.40,10400528,0,6032612,36.71,22736,4173248,2434144,14.81,2924332,2839824,468092,1568216,146536,3392,8420,31404,0,0,0.00,0,0.00,1,410,3.35,4.03,4.03,0,71.40,1.60,17979.20,251.83,8.43,211.48,1.32,9.44,2458.40,858.00,21408.65,60.02,0.00,0.00,0.00,1.75
2018-01-06 06:30:49,1.26,0.00,0.20,0.00,0.00,0.00,0.00,0.00,0.00,98.54,0.00,775.80,697.80,0.00,0.00,0.00,575.20,17.20,0.00,3034.20,0.00,0.00,0.00,0.00,9.00,0.00,9.00,0.00,1150.40,10411120,0,6022020,36.65,22748,4157848,2434144,14.81,2908764,2842384,465500,1570560,146356,3392,8420,31404,0,0,0.00,0,0.00,1,410,3.08,3.97,4.01,0,9.00,0.00,1150.40,127.82,0.01,1.51,0.18,0.16,376.40,597.00,2068.44,3605.35,0.00,0.00,0.00,0.30
2018-01-06 06:30:54,1.20,0.00,0.25,0.00,0.05,0.00,0.05,0.00,0.00,98.44,0.00,698.80,579.60,0.00,0.00,0.00,544.80,10.80,0.00,1559.20,0.00,0.00,0.00,0.00,5.00,0.00,5.00,0.00,1089.60,10432812,0,6000328,36.51,22756,4142976,2434144,14.81,2884340,2845672,462924,1564284,145868,3376,8408,31404,0,0,0.00,0,0.00,0,408,2.84,3.90,3.99,0,5.00,0.00,1089.60,217.92,0.01,2.88,0.32,0.16,114.40,426.60,8.17,3598.21,0.00,0.00,0.00,0.29
2018-01-06 06:30:59,2.79,0.00,0.51,8.42,0.15,0.00,0.15,0.00,0.00,87.98,0.00,1489.00,2157.20,0.00,0.00,0.80,54704.00,107.60,0.00,9032.00,0.00,0.00,0.00,0.00,435.60,0.20,435.40,1.60,109408.00,10437444,0,5995696,36.49,22764,4137936,2434144,14.81,2883432,2841104,189568,1565988,145808,3376,8408,31404,0,0,0.00,0,0.00,1,408,2.61,3.84,3.97,0,435.60,1.60,109408.00,251.17,53.24,122.22,0.91,39.76,2119.20,1445.60,18095.06,99.39,0.00,0.00,0.00,1.48
2018-01-06 06:31:04,0.86,0.00,0.10,0.00,0.00,0.00,0.00,0.00,0.00,99.04,0.00,640.80,471.20,0.00,0.00,0.00,46.40,10.00,0.00,684.80,0.00,0.00,0.00,0.00,1.00,0.00,1.00,0.00,92.80,10442168,0,5990972,36.46,22772,4132848,2434144,14.81,2883332,2836172,189488,1566020,145716,3376,8408,31404,0,0,0.00,0,0.00,1,408,2.40,3.77,3.94,0,1.00,0.00,92.80,92.80,0.00,0.00,0.00,0.00,101.60,76.60,787.50,8.25,0.00,0.00,0.00,0.06
2018-01-06 06:31:09,0.75,0.00,0.25,0.80,0.05,0.00,0.00,0.00,0.00,98.14,0.60,633.40,599.40,0.00,0.00,0.80,19152.00,73.60,0.00,633.00,0.00,0.00,0.00,0.00,150.60,0.20,150.40,1.60,38304.00,10444532,0,5988608,36.44,22780,4127900,2450200,14.91,2885364,2831608,93816,1568456,145636,3384,8412,31404,0,0,0.00,0,0.00,0,409,2.21,3.71,3.92,0,150.60,1.60,38304.00,254.35,5.36,35.60,0.29,4.40,10.00,16.80,1.33,4.51,0.00,0.00,0.00,0.00
2018-01-06 06:31:14,1.11,0.00,0.10,0.75,0.05,0.00,0.00,0.00,0.00,97.99,0.00,617.40,589.00,0.00,0.00,0.00,18720.80,9.20,0.00,311.60,0.00,0.00,0.00,0.00,150.40,0.00,150.40,0.00,37441.60,10449608,0,5983532,36.41,22788,4122808,2450200,14.91,2884908,2826844,320,1568464,145604,3384,8412,31404,0,0,0.00,0,0.00,0,409,2.11,3.67,3.91,0,150.40,0.00,37441.60,248.95,5.46,36.29,0.29,4.32,9.60,16.20,1.28,4.41,0.00,0.00,0.00,0.00
2018-01-06 06:31:19,0.75,0.00,0.25,0.00,0.05,0.00,0.00,0.00,0.00,98.94,0.00,592.40,425.80,0.00,0.00,0.00,22.40,11.80,0.00,321.40,0.00,0.00,0.00,0.00,0.60,0.00,0.60,0.00,44.80,10454412,0,5978728,36.38,22796,4117564,2450200,14.91,2886796,2821976,388,1568412,145540,3376,8412,31404,0,0,0.00,0,0.00,0,408,1.94,3.60,3.89,0,0.60,0.00,44.80,74.67,0.00,0.00,0.00,0.00,9.60,16.00,1.29,4.21,0.00,0.00,0.00,0.00
2018-01-06 06:31:24,1.06,0.00,0.20,0.00,0.00,0.00,0.00,0.00,0.00,98.74,2.20,661.80,475.60,0.00,0.00,0.00,22.40,704.40,0.00,794.40,0.00,0.00,0.00,0.00,1.20,0.00,1.20,0.00,44.80,10465268,0,5967872,36.32,22812,4112572,2450200,14.91,2880996,2817188,444,1562956,145540,3384,8512,31404,0,0,0.00,0,0.00,0,408,1.79,3.54,3.87,0,1.20,0.00,44.80,37.33,0.00,0.00,0.00,0.00,9.60,16.40,1.36,4.55,0.00,0.00,0.00,0.00
2018-01-06 06:31:29,0.70,0.00,0.15,0.00,0.05,0.00,0.00,0.00,0.00,99.10,0.00,608.60,429.20,0.00,0.00,0.00,30.40,12.80,0.00,312.20,0.00,0.00,0.00,0.00,2.20,0.00,2.20,0.00,60.80,10470440,0,5962700,36.28,22820,4107624,2450200,14.91,2880616,2812656,396,1562800,145544,3376,8404,31404,0,0,0.00,0,0.00,0,408,1.64,3.49,3.84,0,2.20,0.00,60.80,27.64,0.00,0.00,0.00,0.00,9.60,16.40,1.31,4.49,0.00,0.00,0.00,0.00
2018-01-06 06:31:34,2.32,0.00,0.25,0.00,0.05,0.00,0.20,0.00,0.00,97.18,0.00,1530.40,1676.40,0.00,0.00,0.00,37.60,27.00,0.00,9120.60,0.00,0.00,0.00,0.00,3.80,0.00,3.80,0.00,75.20,10471476,0,5961664,36.28,22828,4102436,2450200,14.91,2884444,2807756,400,1567008,145544,3376,8412,31404,0,0,0.00,0,0.00,1,408,1.51,3.43,3.82,0,3.80,0.00,75.20,19.79,0.00,0.21,0.21,0.08,2211.00,1359.20,18967.83,93.53,0.00,0.00,0.00,1.55
2018-01-06 06:31:39,1.32,0.00,0.36,0.05,0.15,0.00,0.05,0.00,0.00,98.07,0.20,2223.80,2575.80,0.00,0.00,0.00,42.40,23.00,0.00,2122.80,0.00,0.00,0.00,0.00,0.80,0.00,0.80,0.00,84.80,10474144,0,5958996,36.26,22836,4097272,2450200,14.91,2886240,2803092,276,1569068,145548,3376,8416,31404,0,0,0.00,0,0.00,0,408,1.39,3.37,3.80,0,0.80,0.00,84.80,106.00,0.00,0.00,0.00,0.00,454.00,1514.80,420.60,12929.96,0.00,0.00,0.00,1.06
2018-01-06 06:31:44,1.21,0.00,0.10,0.00,0.00,0.00,0.00,0.00,0.00,98.69,0.00,854.80,726.20,0.00,0.00,0.00,4.00,11.40,0.00,524.60,0.00,0.00,0.00,0.00,0.20,0.00,0.20,0.00,8.00,10479460,0,5953680,36.23,22836,4092400,2450200,14.91,2885896,2798428,300,1569004,145552,3368,8416,31404,0,0,0.00,0,0.00,1,407,1.28,3.31,3.78,0,0.20,0.00,8.00,40.00,0.00,0.00,0.00,0.00,61.00,204.00,4.62,1647.50,0.00,0.00,0.00,0.13
2018-01-06 06:31:49,1.88,0.00,0.20,0.00,0.15,0.00,0.05,0.00,0.00,97.71,0.40,2212.60,2851.40,0.00,0.00,0.00,8.00,20.80,0.00,3788.80,0.00,0.00,0.00,0.00,0.60,0.00,0.60,0.00,16.00,10488008,0,5945132,36.18,22844,4087376,2450200,14.91,2881992,2793652,328,1565552,145468,3384,8412,31404,0,0,0.00,0,0.00,0,409,1.18,3.26,3.76,0,0.60,0.00,16.00,26.67,0.00,0.00,0.00,0.00,794.20,2901.60,51.93,25392.52,0.00,0.00,0.00,2.08
2018-01-06 06:31:54,1.78,0.00,0.15,0.00,0.10,0.00,0.00,0.00,0.00,97.97,0.00,1997.80,2300.20,0.00,0.00,0.00,66.40,16.40,0.00,2241.40,0.00,0.00,0.00,0.00,5.00,0.00,5.00,0.00,132.80,10493068,0,5940072,36.15,22852,4081988,2450200,14.91,2881712,2788880,96,1565612,145448,3384,8412,31404,0,0,0.00,0,0.00,1,409,1.08,3.20,3.74,0,5.00,0.00,132.80,26.56,0.00,0.00,0.00,0.00,483.80,1754.00,31.87,15278.36,0.00,0.00,0.00,1.25
2018-01-06 06:31:59,1.21,0.00,0.30,0.00,0.05,0.00,0.20,0.00,0.00,98.24,0.20,1303.00,1505.40,0.00,0.00,6553.60,13.60,17.40,0.00,1572.80,0.00,0.00,0.00,0.00,51.60,51.20,0.40,13107.20,27.20,10466128,0,5967012,36.31,22860,4109580,2450200,14.91,2883448,2816468,204,1567748,145432,3392,8416,31404,0,0,0.00,0,0.00,0,410,1.00,3.15,3.72,0,51.60,13107.20,27.20,254.54,0.16,3.04,0.31,1.60,319.00,1160.80,21.31,10034.30,0.00,0.00,0.00,0.82
2018-01-06 06:32:04,1.11,0.00,0.25,0.00,0.10,0.00,0.30,0.00,0.00,98.23,0.20,1749.40,2258.60,0.00,0.00,9011.20,5.60,14.40,0.00,3449.80,0.00,0.00,0.00,0.00,70.80,70.40,0.40,18022.40,11.20,10423492,0,6009648,36.57,22868,4149848,2450200,14.91,2885148,2857260,260,1569804,145408,3392,8420,31404,0,0,0.00,0,0.00,0,410,1.00,3.12,3.71,0,70.80,18022.40,11.20,254.71,0.19,2.69,0.29,2.08,783.40,2142.80,2092.17,17172.29,0.00,0.00,0.00,1.41
2018-01-06 06:32:09,1.12,0.00,0.26,0.00,0.20,0.00,0.10,0.00,0.00,98.32,0.00,2596.00,3198.60,0.00,0.00,4485.60,7.20,12.80,0.00,4048.40,0.00,0.00,0.00,0.00,35.60,35.20,0.40,8971.20,14.40,10406252,0,6026888,36.68,22876,4167044,2450200,14.91,2884672,2874840,296,1569612,145396,3368,8420,31404,0,0,0.00,0,0.00,1,407,0.92,3.06,3.69,0,35.60,8971.20,14.40,252.40,0.11,3.17,0.31,1.12,928.80,2487.80,2647.62,20012.54,0.00,0.00,0.00,1.64
2018-01-06 06:32:14,9.85,0.00,0.51,0.00,0.05,0.00,0.05,0.00,0.00,89.55,0.40,1169.00,1167.80,0.00,0.00,0.00,14.40,16.60,0.00,3666.00,0.00,0.00,0.00,0.00,0.40,0.00,0.40,0.00,11.20,10346188,0,6086952,37.04,22892,4231008,2450200,14.91,2949080,2870184,69240,1565580,145436,3368,8416,31404,0,0,0.00,0,0.00,1,408,0.84,3.01,3.67,1,0.60,0.00,28.80,48.00,0.00,0.00,0.00,0.00,768.20,799.80,5760.86,2800.83,0.00,0.00,0.00,0.47
2018-01-06 06:32:19,36.05,0.00,1.77,0.05,0.10,0.00,0.46,0.00,0.00,61.56,0.00,2739.60,3816.20,0.00,0.00,0.00,12.80,274.00,0.00,5972.40,0.00,0.00,0.00,0.00,0.40,0.00,0.40,0.00,19.20,10169428,0,6263712,38.12,22896,4401660,2450200,14.91,3127832,2865480,244148,1569004,149340,3376,8420,31404,0,0,0.00,0,0.00,0,408,0.86,2.98,3.65,4,0.20,0.00,1.60,8.00,0.00,0.00,0.00,0.00,1370.80,3937.80,3211.87,32358.61,0.00,0.00,0.00,2.65
2018-01-06 06:32:24,19.02,0.00,1.22,0.00,0.20,0.00,0.61,0.00,0.00,78.96,0.20,2415.40,3265.00,0.00,0.00,0.00,24.80,16.80,0.00,4178.40,0.00,0.00,0.00,0.00,1.60,0.00,1.60,0.00,73.60,10048708,0,6384432,38.85,22900,4519632,2450200,14.91,3248104,2860764,367216,1566340,153508,3376,8416,31404,0,0,0.00,0,0.00,2,408,1.03,2.98,3.65,0,1.60,0.00,73.60,46.00,0.00,0.00,0.00,0.00,928.60,2857.60,1626.24,23785.68,0.00,0.00,0.00,1.95
2018-01-06 06:32:29,0.81,0.00,0.20,0.00,0.00,0.00,0.00,0.00,0.00,98.99,0.00,1316.60,1351.20,0.00,0.00,0.00,60.80,12.60,0.00,1822.00,0.00,0.00,0.00,0.00,3.60,0.00,3.60,0.00,121.60,10051600,0,6381540,38.83,22908,4514552,2450200,14.91,3249776,2855980,367004,1568328,153428,3368,8420,31404,0,0,0.00,0,0.00,0,406,0.95,2.93,3.63,0,3.60,0.00,121.60,33.78,0.00,0.22,0.22,0.08,379.60,836.00,1585.11,6033.99,0.00,0.00,0.00,0.49
2018-01-06 06:32:34,1.16,0.00,0.20,0.00,0.05,0.00,0.00,0.00,0.00,98.59,0.00,990.60,937.80,0.00,0.00,0.00,11.20,9.60,0.00,2160.20,0.00,0.00,0.00,0.00,0.40,0.00,0.40,0.00,22.40,10056124,0,6377016,38.81,22916,4509468,2450200,14.91,3249176,2851468,367096,1568264,153468,3352,8420,31404,0,0,0.00,0,0.00,0,405,0.87,2.88,3.61,0,0.40,0.00,22.40,56.00,0.00,2.00,2.00,0.08,468.80,511.00,3399.85,2085.69,0.00,0.00,0.00,0.28
2018-01-06 06:32:39,0.85,0.00,0.15,0.00,0.05,0.00,0.00,0.00,0.00,98.94,0.00,775.20,646.80,0.00,0.00,0.00,24.80,12.40,0.00,2048.40,0.00,0.00,0.00,0.00,1.60,0.00,1.60,0.00,49.60,10065592,0,6367548,38.75,22924,4504384,2450200,14.91,3243772,2846652,367064,1563120,153356,3352,8420,31404,0,0,0.00,0,0.00,0,405,0.80,2.83,3.59,0,1.60,0.00,49.60,31.00,0.00,0.50,0.50,0.08,377.60,293.20,3141.15,22.72,0.00,0.00,0.00,0.26
2018-01-06 06:32:44,0.66,0.00,0.20,0.00,0.10,0.00,0.10,0.00,0.00,98.93,0.20,1837.40,2150.00,0.00,0.00,10240.00,8.00,12.00,0.00,2264.00,0.00,0.00,0.00,0.00,80.40,80.00,0.40,20480.00,16.00,10022968,0,6410172,39.01,22932,4550488,2450200,14.91,3243304,2892540,367104,1563132,153336,3360,8412,31404,0,0,0.00,0,0.00,0,406,0.74,2.79,3.57,0,80.40,20480.00,16.00,254.93,0.27,3.31,0.33,2.64,491.20,1229.20,1596.89,9594.89,0.00,0.00,0.00,0.79
2018-01-06 06:32:49,0.56,0.00,0.20,11.06,0.15,0.00,0.05,0.00,0.00,87.98,0.00,1314.20,1845.20,0.00,0.00,4917.60,64048.00,11.20,0.00,1389.00,0.00,0.00,0.00,0.00,510.00,39.00,471.00,9835.20,120416.00,10004312,0,6428828,39.12,22940,4564736,2450200,14.91,3237864,2915236,46952,1565180,153400,3360,8416,31404,0,0,0.00,0,0.00,1,406,0.68,2.74,3.55,1,510.20,9835.20,120467.20,255.39,65.55,122.85,0.92,46.88,210.80,773.80,14.38,6657.66,0.00,0.00,0.00,0.55
2018-01-06 06:32:54,1.66,0.00,0.25,4.48,0.10,0.00,0.15,0.00,0.00,93.35,0.00,1170.80,1465.80,0.00,0.00,3276.80,9328.00,11.00,0.00,3824.20,0.00,0.00,0.00,0.00,129.00,25.60,103.40,6553.60,26336.00,10015644,0,6417496,39.05,22948,4556172,2450200,14.91,3206716,2936100,356,1564140,152568,3360,8416,31404,0,0,0.00,0,0.00,0,406,0.86,2.75,3.55,0,128.80,6553.60,26284.80,254.96,15.05,139.07,1.17,15.12,610.20,1321.00,3159.65,9251.65,0.00,0.00,0.00,0.76
2018-01-06 06:32:59,1.82,0.00,0.15,0.00,0.05,0.00,0.00,0.00,0.00,97.98,0.00,1002.80,1115.00,0.00,0.00,614.40,32.00,16.40,0.00,2868.80,0.00,0.00,0.00,0.00,6.40,4.80,1.60,1228.80,64.00,10037880,0,6395260,38.92,22956,4535604,2426784,14.77,3178488,2943232,376,1563128,151876,3360,8416,31404,0,0,0.00,0,0.00,0,405,0.87,2.72,3.54,0,6.40,1228.80,64.00,202.00,0.00,0.75,0.25,0.16,389.40,1045.40,1585.05,7868.08,0.00,0.00,0.00,0.64
2018-01-06 06:33:04,0.91,0.00,0.15,0.00,0.00,0.00,0.00,0.00,0.00,98.94,0.00,957.80,905.80,0.00,0.00,0.00,56.00,9.20,0.00,4280.80,0.00,0.00,0.00,0.00,2.60,0.00,2.60,0.00,112.00,10067704,0,6365436,38.74,22964,4511652,2426784,14.77,3143552,2948840,164,1557868,151140,3352,8408,31404,0,0,0.00,0,0.00,0,405,0.80,2.67,3.52,0,2.60,0.00,112.00,43.08,0.00,0.00,0.00,0.00,692.20,1092.80,4729.30,6115.09,0.00,0.00,0.00,0.50
2018-01-06 06:33:09,16.60,0.00,0.86,0.00,0.05,0.00,0.05,0.00,0.00,82.44,0.60,1176.80,1408.00,0.00,0.00,0.00,11.20,46.00,0.00,5916.80,0.00,0.00,0.00,0.00,0.40,0.00,0.40,0.00,22.40,10011384,0,6421756,39.08,22972,4562192,2403312,14.62,3179688,2971584,81528,1566128,150200,3208,8420,31404,0,0,0.00,0,0.00,5,372,0.90,2.66,3.51,0,0.40,0.00,22.40,56.00,0.00,0.00,0.00,0.00,1012.40,1747.40,6557.05,10706.57,0.00,0.00,0.00,0.88
2018-01-06 06:33:14,97.60,0.00,2.25,0.00,0.00,0.00,0.05,0.00,0.00,0.10,6.20,2203.00,1608.60,0.00,0.00,0.00,33.60,3374.60,0.00,5551.40,0.00,0.00,0.00,0.00,1.40,0.00,1.40,0.00,67.20,9962616,0,6470524,39.37,22980,4591260,2386884,14.52,3220056,2977156,143264,1582924,151324,3304,8428,31404,0,0,0.00,0,0.00,11,403,1.23,2.70,3.52,0,1.40,0.00,67.20,48.00,0.00,0.00,0.00,0.00,263.40,897.80,18.03,7693.34,0.00,0.00,0.00,0.63
2018-01-06 06:33:19,98.45,0.00,1.35,0.00,0.00,0.00,0.15,0.00,0.00,0.05,1.20,1973.60,1534.60,0.00,0.00,0.00,10.40,1939.40,0.00,3786.00,0.00,0.00,0.00,0.00,0.40,0.00,0.40,0.00,20.80,9969364,0,6463776,39.33,22988,4564956,2386884,14.52,3204168,2986692,145756,1603120,150320,3384,8512,31404,0,0,0.00,0,0.00,4,409,2.09,2.85,3.56,0,0.40,0.00,20.80,52.00,0.00,0.00,0.00,0.00,153.00,826.00,10.19,7182.32,0.00,0.00,0.00,0.59
2018-01-06 06:33:24,98.75,0.00,1.05,0.00,0.00,0.00,0.05,0.00,0.00,0.15,0.00,1931.40,1399.20,0.00,0.00,28.00,17.60,134.00,0.00,1152.00,0.00,0.00,0.00,0.00,7.60,7.00,0.60,56.00,35.20,9981968,0,6451172,39.26,23140,4564680,2386884,14.52,3191844,2986576,150640,1590824,150364,3376,8488,31404,0,0,0.00,0,0.00,4,405,2.32,2.89,3.57,0,7.60,56.00,35.20,12.00,0.03,3.37,0.21,0.16,6.60,10.20,0.54,2.74,0.00,0.00,0.00,0.00
2018-01-06 06:33:29,98.65,0.00,1.35,0.00,0.00,0.00,0.00,0.00,0.00,0.00,0.00,2109.60,1472.80,0.00,0.00,0.00,33.60,52.60,0.00,726.80,0.00,0.00,0.00,0.00,1.60,0.00,1.60,0.00,67.20,9984660,0,6448480,39.24,23148,4567468,2386884,14.52,3187108,2989436,158544,1586104,150396,3352,8484,31404,0,0,0.00,0,0.00,7,405,2.54,2.93,3.58,0,1.60,0.00,67.20,42.00,0.00,0.50,0.50,0.08,5.60,8.20,0.47,2.45,0.00,0.00,0.00,0.00
2018-01-06 06:33:34,98.00,0.00,1.55,0.00,0.00,0.00,0.05,0.00,0.00,0.40,2.00,2272.00,1608.40,0.00,0.00,0.80,14606.40,236.40,0.00,12233.60,0.00,0.00,0.00,0.00,119.80,0.20,119.60,1.60,29212.80,10207544,0,6225596,37.88,23156,4349116,2386884,14.52,2963760,2992660,93580,1584044,145944,3352,8484,31404,0,0,0.00,0,0.00,4,394,2.66,2.94,3.58,0,119.80,1.60,29212.80,243.86,4.05,33.83,0.27,3.28,51.00,79.80,3.79,572.67,0.00,0.00,0.00,0.05
2018-01-06 06:33:39,92.74,0.00,4.31,0.05,0.00,0.00,0.15,0.00,0.00,2.76,28.80,2439.00,2269.40,0.00,0.00,0.80,12415.20,22189.40,0.00,99048.00,0.00,0.00,0.00,0.00,100.60,0.20,100.40,1.60,24830.40,11518324,0,4914816,29.91,23184,3652904,2197324,13.37,1657880,3004688,1164,986528,129680,2944,6952,31404,0,0,0.00,0,0.00,6,355,2.84,2.98,3.59,0,100.60,1.60,24830.40,246.84,3.50,34.82,0.29,2.88,280.00,1199.40,22.02,10199.52,0.00,0.00,0.00,0.84
2018-01-06 06:33:44,92.45,0.00,6.05,0.00,0.05,0.00,1.40,0.00,0.00,0.05,14.60,4583.60,4756.00,0.00,0.00,0.80,38.40,5895.60,0.00,60130.00,0.00,0.00,0.00,0.00,1.00,0.20,0.80,1.60,76.80,10911012,0,5522128,33.60,23196,3641196,2380624,14.49,2150072,3125724,101124,1611472,124916,3392,8276,31404,0,0,0.00,0,0.00,7,410,3.34,3.08,3.62,0,1.00,1.60,76.80,78.40,0.00,0.00,0.00,0.00,12010.20,5425.20,99388.93,32539.17,0.00,0.00,0.00,8.14
2018-01-06 06:33:49,95.65,0.00,3.75,0.00,0.00,0.00,0.55,0.00,0.00,0.05,0.00,1700.40,2668.40,0.00,0.00,0.80,16.00,316.40,0.00,28123.20,0.00,0.00,0.00,0.00,0.60,0.20,0.40,1.60,32.00,10527036,0,5906104,35.94,23204,3969460,2402704,14.62,2519616,3128624,447604,1655840,130264,3280,8596,31404,0,0,0.00,0,0.00,14,396,3.63,3.14,3.64,0,0.60,1.60,32.00,56.00,0.00,0.00,0.00,0.00,6820.60,1428.60,58883.78,4166.70,0.00,0.00,0.00,4.82
2018-01-06 06:33:54,96.45,0.00,3.55,0.00,0.00,0.00,0.00,0.00,0.00,0.00,1.20,1256.40,1558.00,0.00,0.00,0.00,13.60,191.20,0.00,4837.00,0.00,0.00,0.00,0.00,0.40,0.00,0.40,0.00,27.20,10186572,0,6246568,38.01,23212,4310124,2382196,14.50,2856536,3129548,807156,1652632,138940,3184,8612,31404,0,0,0.00,0,0.00,4,380,4.06,3.24,3.66,0,0.40,0.00,27.20,68.00,0.00,0.00,0.00,0.00,705.40,506.40,5447.22,3919.25,0.00,0.00,0.00,0.45
2018-01-06 06:33:59,97.45,0.00,2.15,0.00,0.00,0.00,0.30,0.00,0.00,0.10,5.60,2480.20,2037.20,0.00,0.00,8.80,14.40,2246.20,0.00,11883.00,0.00,0.00,0.00,0.00,0.60,0.20,0.40,17.60,28.80,10260424,0,6172716,37.56,23220,4311944,2304636,14.02,2757864,3152468,875072,1575156,139676,3368,8500,31404,0,0,0.00,0,0.00,7,408,4.06,3.25,3.67,0,0.60,17.60,28.80,77.33,0.00,0.00,0.00,0.00,436.20,2060.00,29.24,17920.84,0.00,0.00,0.00,1.47
2018-01-06 06:34:04,98.45,0.00,1.55,0.00,0.00,0.00,0.00,0.00,0.00,0.00,1.20,1982.80,1323.00,0.00,0.00,0.00,8.80,4319.40,0.00,3624.20,0.00,0.00,0.00,0.00,0.40,0.00,0.40,0.00,17.60,10232632,0,6200508,37.73,23228,4308724,2322600,14.13,2787996,3149692,876948,1605808,139400,3424,8564,31404,0,0,0.00,0,0.00,4,414,4.29,3.31,3.68,0,0.40,0.00,17.60,44.00,0.00,4.00,4.00,0.16,6.00,9.40,0.63,2.68,0.00,0.00,0.00,0.00
2018-01-06 06:34:09,98.85,0.00,1.05,0.00,0.00,0.00,0.10,0.00,0.00,0.00,0.00,2107.40,1673.60,0.00,0.00,0.00,150.40,1372.00,0.00,3552.20,0.00,0.00,0.00,0.00,12.00,0.00,12.00,0.00,300.80,10251724,0,6181416,37.62,23236,4283856,2322600,14.13,2759312,3160448,881604,1612672,138788,3408,8556,31404,0,0,0.00,0,0.00,4,412,4.35,3.34,3.69,0,12.00,0.00,300.80,25.07,0.01,1.20,0.07,0.08,220.00,827.80,14.63,7170.27,0.00,0.00,0.00,0.59
2018-01-06 06:34:14,98.70,0.00,1.30,0.00,0.00,0.00,0.00,0.00,0.00,0.00,0.00,2150.00,1453.40,0.00,0.00,0.00,196.80,406.00,0.00,942.20,0.00,0.00,0.00,0.00,9.80,0.00,9.80,0.00,393.60,10249976,0,6183164,37.63,23244,4286936,2322600,14.13,2757968,3163196,888920,1611272,138744,3392,8556,31404,0,0,0.00,0,0.00,5,410,4.32,3.35,3.69,0,9.80,0.00,393.60,40.16,0.01,1.06,0.16,0.16,6.00,9.20,0.50,2.68,0.00,0.00,0.00,0.00
2018-01-06 06:34:19,91.93,0.00,2.21,3.01,0.00,0.00,0.05,0.00,0.00,2.81,2.60,2303.20,2418.60,0.00,0.00,2611.20,92763.20,343.00,0.00,27296.60,0.00,0.00,0.00,0.00,747.80,22.00,725.80,5222.40,185526.40,10758472,0,5674668,34.53,23252,4071040,2030760,12.36,2252568,3165796,308224,1323944,135212,3120,7572,31404,0,0,0.00,0,0.00,5,376,4.29,3.36,3.69,0,747.80,5222.40,185526.40,255.08,110.82,148.20,1.08,81.12,97.40,423.00,6.77,3586.00,0.00,0.00,0.00,0.29
2018-01-06 06:34:24,12.26,0.00,1.10,0.00,0.05,0.00,0.00,0.00,0.00,86.59,8.40,1070.40,910.40,0.00,0.00,0.00,42.40,906.40,0.00,74933.20,0.00,0.00,0.00,0.00,1.00,0.00,1.00,0.00,84.80,12242332,0,4190808,25.50,23264,3412160,1079724,6.57,788632,3161732,25116,516996,119156,2304,4656,31404,0,0,0.00,0,0.00,1,274,4.19,3.36,3.69,0,1.00,0.00,84.80,84.80,0.00,0.00,0.00,0.00,20.40,24.20,2.25,5.32,0.00,0.00,0.00,0.00
2018-01-06 06:34:29,0.05,0.00,0.00,0.00,0.05,0.00,0.00,0.00,0.00,99.90,0.00,271.00,198.60,0.00,0.00,0.00,2470.40,10.00,0.00,298.60,0.00,0.00,0.00,0.00,20.60,0.00,20.60,0.00,4940.80,12247776,0,4185364,25.47,23272,3407208,1079724,6.57,790280,3157064,12932,516996,119020,2304,4660,31404,0,0,0.00,0,0.00,1,274,3.86,3.30,3.67,0,20.60,0.00,4940.80,239.84,0.29,14.02,0.27,0.56,4.00,5.40,0.31,1.10,0.00,0.00,0.00,0.00
2018-01-06 06:34:34,0.00,0.00,0.05,0.15,0.00,0.00,0.00,0.00,0.00,99.80,0.00,268.20,199.20,0.00,0.00,0.00,2472.00,8.60,0.00,294.60,0.00,0.00,0.00,0.00,20.00,0.00,20.00,0.00,4944.00,12252796,0,4180344,25.44,23280,3401884,1079724,6.57,789964,3152340,556,516996,118872,2304,4660,31404,0,0,0.00,0,0.00,1,274,3.55,3.25,3.65,0,20.00,0.00,4944.00,247.20,0.15,7.64,0.32,0.64,4.40,5.60,0.33,1.03,0.00,0.00,0.00,0.00
2018-01-06 06:34:39,3.87,0.00,0.45,0.00,0.00,0.00,0.00,0.00,0.00,95.68,14.20,643.80,655.20,0.00,0.00,5.60,83.20,3442.00,0.00,1067.80,0.00,0.00,0.00,0.00,5.60,0.40,5.20,11.20,166.40,12206064,0,4227076,25.72,23300,3397724,1415464,8.61,842300,3148232,1128,569548,119084,2368,4712,31404,0,0,0.00,0,0.00,1,296,3.26,3.19,3.63,0,5.60,11.20,166.40,31.71,0.00,0.00,0.00,0.00,24.60,22.40,76.44,5.11,0.00,0.00,0.00,0.01
2018-01-06 06:34:44,36.10,0.00,1.01,0.15,0.10,0.00,0.00,0.00,0.00,62.64,14.60,1197.00,1575.60,0.00,0.00,117.60,128.80,4968.80,0.00,25442.00,0.00,0.00,0.00,0.00,16.60,15.00,1.60,235.20,257.60,12426920,0,4006220,24.38,23312,2980344,1711380,10.41,1039880,2731404,1156,767468,116744,2976,5672,31404,0,0,0.00,0,0.00,0,359,3.08,3.16,3.62,0,16.60,235.20,257.60,29.69,0.01,0.48,0.48,0.80,21.60,29.20,3.07,54.74,0.00,0.00,0.00,0.00
2018-01-06 06:34:49,76.06,0.00,4.54,0.00,0.05,0.00,0.10,0.00,0.00,19.25,24.40,2330.80,2393.60,0.00,0.00,6.40,75.20,18665.00,0.00,96535.20,0.00,0.00,0.00,0.00,2.40,1.00,1.40,12.80,150.40,13722944,0,2710196,16.49,23340,1293400,2583468,15.72,1379124,1132972,1740,1195356,77656,3632,7676,31404,0,0,0.00,0,0.00,9,442,2.83,3.10,3.60,0,2.40,12.80,150.40,68.00,0.00,0.33,0.33,0.08,77.60,74.40,10.82,19.95,0.00,0.00,0.00,0.00
2018-01-06 06:34:54,84.86,0.00,2.02,0.00,0.10,0.00,0.20,0.00,0.00,12.82,6.60,3225.80,2421.80,0.00,0.00,0.00,16.80,2460.00,0.00,2530.00,0.00,0.00,0.00,0.00,1.40,0.00,1.40,0.00,33.60,13386856,0,3046284,18.54,23348,1288684,2632312,16.02,1715232,1128416,2048,1531616,78436,3808,8484,31404,0,0,0.00,0,0.00,3,462,2.85,3.10,3.59,0,1.40,0.00,33.60,24.00,0.00,0.00,0.00,0.00,19.20,20.40,4.14,3.40,0.00,0.00,0.00,0.00
2018-01-06 06:34:59,89.53,0.00,1.20,0.00,0.00,0.00,0.20,0.00,0.00,9.07,0.00,2293.21,1794.21,0.00,0.00,2.40,0.00,233.53,0.00,829.34,0.00,0.00,0.00,0.00,0.20,0.20,0.00,4.79,0.00,13396392,0,3036748,18.48,23348,1283612,2632312,16.02,1710128,1123716,2056,1526884,78288,3800,8484,31404,0,0,0.00,0,0.00,4,461,2.94,3.12,3.60,0,0.20,4.79,0.00,24.00,0.00,0.00,0.00,0.00,23.35,17.37,5.30,2.97,0.00,0.00,0.00,0.00
2018-01-06 06:35:04,79.33,0.00,1.66,0.00,0.05,0.00,0.10,0.00,0.00,18.86,0.40,1732.40,1795.80,0.00,0.00,0.00,12.00,273.60,0.00,476.20,0.00,0.00,0.00,0.00,0.40,0.00,0.40,0.00,24.00,13279860,0,3153280,19.19,23356,1399360,2632312,16.02,1833648,1118992,122940,1529944,78300,3776,8480,31404,0,0,0.00,0,0.00,4,458,2.95,3.12,3.59,0,0.40,0.00,24.00,60.00,0.00,2.00,2.00,0.08,26.20,19.20,7.56,3.06,0.00,0.00,0.00,0.00
2018-01-06 06:35:09,91.72,0.00,0.80,0.00,0.05,0.00,0.10,0.00,0.00,7.33,0.00,2149.40,1861.60,0.00,0.00,0.00,213.60,52.60,0.00,400.40,0.00,0.00,0.00,0.00,19.40,0.00,19.40,0.00,427.20,13281264,0,3151876,19.18,23364,1394340,2632312,16.02,1836008,1114268,122192,1532576,78316,3776,8484,31404,0,0,0.00,0,0.00,4,458,2.95,3.11,3.59,0,19.40,0.00,427.20,22.02,0.07,3.46,0.12,0.24,19.40,15.20,4.93,2.75,0.00,0.00,0.00,0.00
2018-01-06 06:35:14,77.34,0.00,1.41,0.00,0.05,0.00,0.10,0.00,0.00,21.11,0.20,1597.60,1613.60,0.00,0.00,0.00,84.00,31.80,0.00,420.80,0.00,0.00,0.00,0.00,1.80,0.00,1.80,0.00,168.00,13167080,0,3266060,19.87,23372,1510160,2632312,16.02,1956664,1109708,242844,1532840,78256,3784,8484,31404,0,0,0.00,0,0.00,3,459,2.95,3.11,3.59,0,1.80,0.00,168.00,93.33,0.00,0.00,0.00,0.00,26.60,19.80,7.52,3.22,0.00,0.00,0.00,0.00
2018-01-06 06:35:19,79.64,0.00,1.26,0.05,0.00,0.00,0.00,0.00,0.00,19.05,2.40,940.60,1371.20,0.00,0.00,0.00,156.80,110.00,0.00,411.20,0.00,0.00,0.00,0.00,9.00,0.00,9.00,0.00,313.60,13058312,0,3374828,20.54,23380,1615296,2632312,16.02,2067452,1104936,352516,1533908,80360,3800,8500,31404,0,0,0.00,0,0.00,4,464,2.96,3.11,3.58,0,9.00,0.00,313.60,34.84,0.01,0.80,0.09,0.08,23.60,17.00,6.72,2.88,0.00,0.00,0.00,0.00
2018-01-06 06:35:24,75.93,0.00,1.46,0.00,0.00,0.00,0.00,0.00,0.00,22.61,0.00,1343.00,1481.60,0.00,0.00,0.00,61.60,27.40,0.00,549.00,0.00,0.00,0.00,0.00,1.80,0.00,1.80,0.00,123.20,12908648,0,3524492,21.45,23396,1761444,2632312,16.02,2217680,1100368,503764,1533292,84244,3816,8512,31404,0,0,0.00,0,0.00,4,463,2.96,3.11,3.58,0,1.80,0.00,123.20,68.44,0.00,0.00,0.00,0.00,28.60,20.20,8.59,3.25,0.00,0.00,0.00,0.00
2018-01-06 06:35:29,76.47,0.00,2.21,0.15,0.05,0.00,0.00,0.00,0.00,21.12,8.20,1612.40,1653.20,0.00,0.00,2.40,12.00,3280.80,0.00,19291.40,0.00,0.00,0.00,0.00,1.00,0.60,0.40,4.80,24.00,13064384,0,3368756,20.50,23404,1783448,2633920,16.03,2064684,1095568,530916,1353492,86816,3752,7988,31404,0,0,0.00,0,0.00,5,455,2.96,3.11,3.58,0,1.00,4.80,24.00,28.80,0.01,7.20,6.40,0.64,30.60,24.20,8.46,3.88,0.00,0.00,0.00,0.00
2018-01-06 06:35:34,86.87,0.00,3.87,0.00,0.05,0.00,0.05,0.00,0.00,9.15,20.40,2391.20,2113.00,0.00,0.00,0.00,34.40,15920.60,0.00,44481.00,0.00,0.00,0.00,0.00,1.20,0.00,1.20,0.00,68.80,13348948,0,3084192,18.77,23428,1574964,2616284,15.92,1781088,1090580,327968,1277436,83680,3672,7824,31404,0,0,0.00,0,0.00,9,449,3.13,3.14,3.59,0,1.20,0.00,68.80,57.33,0.00,0.00,0.00,0.00,28.60,25.20,7.44,3.82,0.00,0.00,0.00,0.00
2018-01-06 06:35:39,93.11,0.00,1.71,0.00,0.05,0.00,0.25,0.00,0.00,4.88,4.80,3443.20,2393.40,0.00,0.00,0.00,51.20,2607.60,0.00,2247.20,0.00,0.00,0.00,0.00,1.60,0.00,1.60,0.00,102.40,13098588,0,3334552,20.29,23440,1570124,2649732,16.12,2040808,1086252,328304,1533516,84036,3824,8500,31404,0,0,0.00,0,0.00,5,464,3.44,3.20,3.60,0,1.60,0.00,102.40,64.00,0.00,1.50,0.50,0.08,27.00,23.00,7.96,3.55,0.00,0.00,0.00,0.00
2018-01-06 06:35:44,87.30,0.00,1.20,0.00,0.00,0.00,0.20,0.00,0.00,11.30,7.80,2706.00,2119.20,0.00,0.00,0.00,60.00,247.80,0.00,1272.20,0.00,0.00,0.00,0.00,8.40,0.00,8.40,0.00,120.00,13086540,0,3346600,20.36,23448,1591308,2649732,16.12,2058816,1081540,354452,1525828,84004,3824,8484,31404,0,0,0.00,0,0.00,3,466,3.40,3.20,3.60,0,8.40,0.00,120.00,14.29,0.00,0.00,0.00,0.00,93.40,99.20,17.07,22.07,0.00,0.00,0.00,0.00
2018-01-06 06:35:49,80.70,0.00,1.56,0.05,0.05,0.00,0.05,0.00,0.00,17.59,0.40,2215.00,1956.40,0.00,0.00,0.80,11035.20,156.80,0.00,572.00,0.00,0.00,0.00,0.00,59.80,0.20,59.60,1.60,15094.40,12995068,0,3438072,20.92,23456,1681224,2649732,16.12,2154800,1076780,394228,1527108,84420,3776,8484,31404,0,0,0.00,0,0.00,5,458,3.37,3.19,3.60,1,60.00,1.60,15145.60,252.45,2.39,30.72,0.28,1.68,49.80,39.40,6.55,7.22,0.00,0.00,0.00,0.00
2018-01-06 06:35:54,88.72,0.00,1.30,2.31,0.05,0.00,0.20,0.00,0.00,7.42,0.00,2063.00,2410.40,0.00,0.00,1.60,54475.20,28.20,0.00,2023.20,0.00,0.00,0.00,0.00,455.40,0.40,455.00,3.20,115926.40,13001520,0,3431620,20.88,23464,1675884,2649732,16.12,2145692,1078512,135708,1524760,83904,3768,8488,31404,0,0,0.00,0,0.00,3,457,3.50,3.22,3.60,0,455.20,3.20,115875.20,254.57,65.88,145.93,1.09,49.84,214.80,491.80,17.18,4122.36,0.00,0.00,0.00,0.34
2018-01-06 06:35:59,77.40,0.00,1.16,0.05,0.05,0.00,0.05,0.00,0.00,21.29,0.00,1712.00,1759.80,0.00,0.00,0.00,18.40,34.60,0.00,432.20,0.00,0.00,0.00,0.00,0.40,0.00,0.40,0.00,36.80,12899144,0,3533996,21.51,23472,1778044,2649732,16.12,2252484,1073856,242888,1524988,84564,3768,8488,31404,0,0,0.00,0,0.00,4,457,3.46,3.22,3.60,0,0.40,0.00,36.80,92.00,0.00,0.00,0.00,0.00,28.20,19.80,7.31,3.53,0.00,0.00,0.00,0.00
2018-01-06 06:36:04,79.16,0.00,1.00,0.00,0.05,0.00,0.00,0.00,0.00,19.79,2.20,908.60,1297.80,0.00,0.00,0.00,132.80,97.00,0.00,424.60,0.00,0.00,0.00,0.00,9.40,0.00,9.40,0.00,265.60,12786528,0,3646612,22.19,23480,1888188,2649732,16.12,2368508,1069132,357608,1526040,86964,3792,8492,31404,0,0,0.00,0,0.00,5,462,3.42,3.22,3.60,0,9.40,0.00,265.60,28.26,0.01,0.77,0.17,0.16,29.80,20.00,8.42,3.51,0.00,0.00,0.00,0.00
2018-01-06 06:36:09,76.81,0.00,1.71,0.00,0.00,0.00,0.00,0.00,0.00,21.49,0.20,1314.80,1498.20,0.00,0.00,0.00,82.40,46.80,0.00,387.60,0.00,0.00,0.00,0.00,2.40,0.00,2.40,0.00,164.80,12636600,0,3796540,23.10,23488,2033348,2649732,16.12,2518992,1064520,507908,1526780,90584,3816,8504,31404,0,0,0.00,0,0.00,4,463,3.47,3.23,3.60,0,2.40,0.00,164.80,68.67,0.00,0.33,0.33,0.08,28.40,19.80,7.68,3.53,0.00,0.00,0.00,0.00
2018-01-06 06:36:14,71.71,0.00,2.26,0.05,0.05,0.00,0.05,0.00,0.00,25.88,10.20,1679.60,1768.80,0.00,0.00,0.00,2748.80,3024.60,0.00,37382.40,0.00,0.00,0.00,0.00,23.00,0.00,23.00,0.00,5497.60,13154884,0,3278256,19.95,23500,1948596,2308468,14.05,1987232,1072744,414952,1094544,91964,3728,7312,31404,0,0,0.00,0,0.00,4,421,3.43,3.23,3.60,0,23.00,0.00,5497.60,239.03,0.09,3.72,0.35,0.80,183.40,342.00,19.05,2751.20,0.00,0.00,0.00,0.23
2018-01-06 06:36:19,72.92,0.00,2.72,0.00,0.05,0.00,0.35,0.00,0.00,23.95,22.00,2078.80,2594.00,0.00,0.00,0.00,4160.00,15118.40,0.00,35787.40,0.00,0.00,0.00,0.00,39.20,0.00,39.20,0.00,8320.00,13113328,0,3319812,20.20,23520,1844228,2627384,15.99,2003596,1104680,293856,1240528,89672,3792,7816,31404,0,0,0.00,0,0.00,2,464,3.56,3.26,3.60,0,39.20,0.00,8320.00,212.24,0.20,5.10,0.31,1.20,2257.00,764.40,18323.15,1414.64,0.00,0.00,0.00,1.50
2018-01-06 06:36:24,39.49,0.00,0.66,0.00,0.15,0.00,0.10,0.00,0.00,59.60,3.00,2592.40,2631.20,0.00,0.00,0.00,65.60,675.40,0.00,2530.00,0.00,0.00,0.00,0.00,1.20,0.00,1.20,0.00,131.20,13012868,0,3420272,20.81,23532,1844416,2627384,15.99,2102800,1104812,294088,1339708,89584,3872,8140,31404,0,0,0.00,0,0.00,3,470,3.51,3.25,3.60,0,1.20,0.00,131.20,109.33,0.00,1.33,0.67,0.08,251.40,160.20,1841.67,14.65,0.00,0.00,0.00,0.15
2018-01-06 06:36:29,28.95,0.00,0.81,0.00,0.05,0.00,0.10,0.00,0.00,70.09,0.60,1794.20,2103.20,0.00,0.00,0.00,1408.80,117.80,0.00,3545.00,0.00,0.00,0.00,0.00,11.60,0.00,11.60,0.00,2817.60,12876972,0,3556168,21.64,23540,1879572,2627384,15.99,2230688,1113276,327480,1440936,89512,3872,8336,31404,0,0,0.00,0,0.00,1,470,3.31,3.21,3.59,0,11.60,0.00,2817.60,242.90,0.04,3.59,0.34,0.40,243.80,423.20,930.25,2757.45,0.00,0.00,0.00,0.23
2018-01-06 06:36:34,32.22,0.00,0.55,0.66,0.10,0.00,0.05,0.00,0.00,66.41,0.60,1428.80,1670.00,0.00,0.00,0.80,19087.20,26.40,0.00,1212.20,0.00,0.00,0.00,0.00,150.40,0.20,150.20,1.60,38174.40,12838980,0,3594160,21.87,23548,1919788,2627384,15.99,2268132,1113296,272336,1437992,89496,3864,8328,31404,0,0,0.00,0,0.00,1,469,3.13,3.18,3.57,0,150.40,1.60,38174.40,253.83,5.49,36.53,0.29,4.40,253.20,187.20,1838.49,16.53,0.00,0.00,0.00,0.15
2018-01-06 06:36:39,30.45,0.00,0.66,3.95,0.15,0.00,0.25,0.00,0.00,64.54,3.00,1503.40,1988.20,0.00,0.00,0.80,38162.40,733.80,0.00,3586.00,0.00,0.00,0.00,0.00,300.20,0.20,300.00,1.60,76324.80,12803204,0,3629936,22.09,23556,1954328,2627384,15.99,2297308,1120360,122716,1439964,89128,3880,8336,31404,0,0,0.00,0,0.00,1,472,2.96,3.14,3.56,0,300.20,1.60,76324.80,254.25,26.83,89.38,0.70,20.96,590.20,547.60,3677.85,2770.06,0.00,0.00,0.00,0.30
2018-01-06 06:36:44,70.37,0.00,2.26,0.05,0.05,0.00,0.10,0.00,0.00,27.16,3.60,1618.40,2016.60,0.00,0.00,0.00,31.20,335.00,0.00,5750.00,0.00,0.00,0.00,0.00,1.20,0.00,1.20,0.00,62.40,12542000,0,3891140,23.68,23564,2131272,2689272,16.36,2556436,1120456,299664,1522408,91908,3856,8512,31404,0,0,0.00,0,0.00,4,468,2.88,3.12,3.55,0,1.20,0.00,62.40,52.00,0.00,0.00,0.00,0.00,922.00,490.00,7334.28,44.62,0.00,0.00,0.00,0.60
2018-01-06 06:36:49,48.21,0.00,2.07,0.00,0.05,0.00,0.10,0.00,0.00,49.57,11.60,1707.80,2299.80,0.00,0.00,0.00,4704.80,5754.40,0.00,24654.20,0.00,0.00,0.00,0.00,45.20,0.00,45.20,0.00,9409.60,12692152,0,3740988,22.76,23580,2097728,2649028,16.12,2368708,1155640,271052,1403236,94008,3768,8164,31404,0,0,0.00,0,0.00,4,459,2.89,3.12,3.55,0,45.20,0.00,9409.60,208.18,0.16,3.45,0.32,1.44,641.20,1445.40,51.90,11914.68,0.00,0.00,0.00,0.98
2018-01-06 06:36:54,40.94,0.00,0.96,0.00,0.15,0.00,0.20,0.00,0.00,57.75,3.20,2578.60,2630.00,0.00,0.00,0.00,151.20,1545.60,0.00,2050.80,0.00,0.00,0.00,0.00,9.60,0.00,9.60,0.00,302.40,12558256,0,3874884,23.58,23592,2097936,2682044,16.32,2500360,1155780,270768,1534664,94312,3840,8532,31404,0,0,0.00,0,0.00,3,466,3.14,3.17,3.56,0,9.60,0.00,302.40,31.50,0.00,0.17,0.08,0.08,61.40,47.00,12.36,9.81,0.00,0.00,0.00,0.00
2018-01-06 06:36:59,30.65,0.00,0.91,0.00,0.15,0.00,0.10,0.00,0.00,68.19,2.60,1789.40,2217.00,0.00,0.00,0.00,474.40,127.00,0.00,1603.20,0.00,0.00,0.00,0.00,4.60,0.00,4.60,0.00,948.80,12516772,0,3916368,23.83,23600,2129952,2682044,16.32,2535928,1163256,308988,1545692,93892,3840,8548,31404,0,0,0.00,0,0.00,1,466,3.05,3.15,3.55,0,4.60,0.00,948.80,206.26,0.02,3.65,0.35,0.16,269.20,524.00,936.11,3223.39,0.00,0.00,0.00,0.26
2018-01-06 06:37:04,32.17,0.00,0.50,0.05,0.05,0.00,0.05,0.00,0.00,67.17,1.40,1609.60,1724.40,0.00,0.00,0.00,46.40,42.40,0.00,476.40,0.00,0.00,0.00,0.00,0.80,0.00,0.80,0.00,92.80,12480304,0,3952836,24.05,23608,2162404,2682044,16.32,2572456,1163288,341296,1549724,93948,3832,8556,31404,0,0,0.00,0,0.00,1,466,2.88,3.11,3.54,0,0.80,0.00,92.80,116.00,0.00,0.00,0.00,0.00,102.40,191.80,14.56,1286.07,0.00,0.00,0.00,0.11
2018-01-06 06:37:09,28.42,0.00,0.75,0.00,0.10,0.00,0.05,0.00,0.00,70.67,2.00,1354.40,1535.20,0.00,0.00,0.00,11.20,74.60,0.00,882.80,0.00,0.00,0.00,0.00,0.40,0.00,0.40,0.00,22.40,12428656,0,4004484,24.37,23616,2208012,2682044,16.32,2624200,1163316,386928,1556212,93952,3848,8564,31404,0,0,0.00,0,0.00,1,468,2.73,3.08,3.52,0,0.40,0.00,22.40,56.00,0.00,0.00,0.00,0.00,204.00,263.00,929.01,1217.89,0.00,0.00,0.00,0.10
2018-01-06 06:37:14,25.86,0.00,1.21,7.01,0.10,0.00,0.05,0.00,0.00,65.78,1.00,1071.00,1530.00,0.00,0.00,1.60,50206.40,34.60,0.00,364.60,0.00,0.00,0.00,0.00,364.00,0.40,363.60,3.20,92784.00,12344428,0,4088712,24.88,23624,2288052,2682044,16.32,2706920,1163344,216360,1558628,95908,3856,8584,31404,0,0,0.00,0,0.00,1,468,2.59,3.04,3.51,1,364.00,3.20,92784.00,254.91,43.87,111.99,0.84,30.64,55.40,42.80,11.21,8.21,0.00,0.00,0.00,0.00
2018-01-06 06:37:19,41.95,0.00,1.72,0.96,0.10,0.00,0.05,0.00,0.00,55.21,11.80,1637.20,2065.40,0.00,0.00,0.00,8432.80,5931.60,0.00,22382.60,0.00,0.00,0.00,0.00,97.20,0.00,97.20,0.00,24494.40,12423936,0,4009204,24.40,23644,2202776,2672588,16.26,2600912,1187364,89808,1564320,96672,3832,8588,31404,0,0,0.00,0,0.00,1,465,2.47,3.01,3.50,0,97.20,0.00,24494.40,252.00,8.66,121.09,0.97,9.44,397.80,528.80,35.20,4128.64,0.00,0.00,0.00,0.34
2018-01-06 06:37:24,41.32,0.00,1.68,0.00,0.10,0.00,0.05,0.00,0.00,56.85,18.20,1819.60,2145.00,0.00,0.00,0.80,2416.80,9303.80,0.00,30121.60,0.00,0.00,0.00,0.00,22.20,0.20,22.00,1.60,4833.60,12604396,0,3828744,23.30,23664,2209436,2654804,16.16,2408432,1198520,84840,1375928,96704,3784,8008,31404,0,0,0.00,0,0.00,1,452,2.27,2.96,3.48,0,22.20,1.60,4833.60,217.80,0.14,6.41,0.32,0.72,188.20,325.40,21.00,2315.11,0.00,0.00,0.00,0.19
2018-01-06 06:37:29,44.88,0.00,1.86,0.00,0.10,0.00,0.10,0.00,0.00,53.06,13.20,1692.80,2136.20,0.00,0.00,0.00,89.60,8397.80,0.00,18918.20,0.00,0.00,0.00,0.00,2.00,0.00,2.00,0.00,179.20,12530764,0,3902376,23.75,23684,2215364,2652260,16.14,2484836,1198740,90532,1444528,96580,3736,8220,31404,0,0,0.00,0,0.00,3,456,2.33,2.96,3.48,0,2.00,0.00,179.20,89.60,0.00,0.40,0.40,0.08,450.20,256.60,3235.31,24.36,0.00,0.00,0.00,0.27
2018-01-06 06:37:34,48.35,0.00,1.77,0.00,0.10,0.00,0.05,0.00,0.00,49.72,14.60,1820.80,2334.40,0.00,0.00,0.00,2117.60,8577.20,0.00,20306.60,0.00,0.00,0.00,0.00,22.20,0.00,22.20,0.00,4235.20,12514916,0,3918224,23.84,23700,2203260,2669628,16.25,2475396,1222660,86188,1470900,96112,3760,8376,31404,0,0,0.00,0,0.00,1,460,2.38,2.96,3.47,0,22.20,0.00,4235.20,190.77,0.11,4.94,0.32,0.72,354.20,1050.00,34.21,8491.26,0.00,0.00,0.00,0.70
2018-01-06 06:37:39,46.23,0.00,1.51,0.00,0.10,0.00,0.15,0.00,0.00,52.01,13.40,1798.80,2382.40,0.00,0.00,0.80,539.20,6647.20,0.00,17754.40,0.00,0.00,0.00,0.00,5.80,0.20,5.60,1.60,1078.40,12398040,0,4035100,24.55,23716,2202936,2663420,16.21,2577720,1234764,89592,1590004,95452,3824,8644,31404,0,0,0.00,0,0.00,6,464,2.27,2.93,3.46,0,5.80,1.60,1078.40,186.21,0.01,2.07,0.28,0.16,353.80,684.40,1266.09,4919.03,0.00,0.00,0.00,0.40
2018-01-06 06:37:44,78.29,0.00,3.33,0.40,0.10,0.00,0.30,0.00,0.00,17.57,15.40,2430.00,3520.20,0.00,0.00,2.40,15489.60,11541.60,0.00,33863.80,0.00,0.00,0.00,0.00,122.80,0.60,122.20,4.80,30979.20,12391816,0,4041324,24.59,23736,2179808,2658016,16.17,2532460,1293432,64964,1623068,92404,3848,8548,31404,0,0,0.00,0,0.00,9,467,2.25,2.91,3.45,0,122.80,4.80,30979.20,252.31,4.16,33.92,0.29,3.52,2873.60,3496.40,19512.46,25671.98,0.00,0.00,0.00,2.10
2018-01-06 06:37:49,84.94,0.00,2.31,0.00,0.05,0.00,0.15,0.00,0.00,12.55,0.80,3320.20,2230.60,0.00,0.00,0.00,36.00,1396.60,0.00,4525.80,0.00,0.00,0.00,0.00,1.40,0.00,1.40,0.00,72.00,12292100,0,4141040,25.20,23748,2287056,2674088,16.27,2586520,1337944,182928,1614160,93376,3880,8736,31404,0,0,0.00,0,0.00,3,471,2.71,3.00,3.48,0,1.40,0.00,72.00,51.43,0.00,0.00,0.00,0.00,102.40,438.80,12.89,3666.62,0.00,0.00,0.00,0.30
2018-01-06 06:37:54,87.34,0.00,2.26,0.00,0.05,0.00,0.20,0.00,0.00,10.15,1.60,4132.20,2375.40,0.00,0.00,0.00,28.00,3594.00,0.00,3648.20,0.00,0.00,0.00,0.00,2.00,0.00,2.00,0.00,56.00,12125060,0,4308080,26.22,23756,2379588,2689652,16.37,2685720,1403232,275448,1686244,95768,3848,8884,31404,0,0,0.00,0,0.00,3,467,2.81,3.01,3.48,0,2.00,0.00,56.00,28.00,0.00,0.00,0.00,0.00,29.80,23.20,8.58,3.78,0.00,0.00,0.00,0.00
2018-01-06 06:37:59,79.09,0.00,2.12,0.00,0.10,0.00,0.25,0.00,0.00,18.44,0.40,4963.40,2515.20,0.00,0.00,0.00,103.20,69.00,0.00,3401.20,0.00,0.00,0.00,0.00,2.60,0.00,2.60,0.00,206.40,12046744,0,4386396,26.69,23764,2466264,2689652,16.37,2679864,1485348,361716,1675800,97972,3864,8892,31404,0,0,0.00,0,0.00,3,469,2.83,3.01,3.48,0,2.60,0.00,206.40,79.38,0.00,0.00,0.00,0.00,25.60,18.40,7.90,3.10,0.00,0.00,0.00,0.00
2018-01-06 06:38:04,80.69,0.00,1.71,0.00,0.10,0.00,0.30,0.00,0.00,17.19,0.00,5017.40,2478.60,0.00,0.00,0.00,1160.80,149.20,0.00,2711.40,0.00,0.00,0.00,0.00,10.20,0.00,10.20,0.00,2321.60,11962148,0,4470992,27.21,23772,2552656,2689652,16.37,2680308,1566860,442372,1671624,100216,3856,8896,31404,0,0,0.00,0,0.00,3,468,2.84,3.01,3.48,0,10.20,0.00,2321.60,227.61,0.07,6.59,0.31,0.32,24.20,17.80,7.29,2.93,0.00,0.00,0.00,0.00
2018-01-06 06:38:09,79.10,0.00,2.32,0.00,0.10,0.00,0.15,0.00,0.00,18.33,0.80,5067.20,2637.00,0.00,0.00,0.00,59.20,67.80,0.00,2315.60,0.00,0.00,0.00,0.00,8.60,0.00,8.60,0.00,118.40,11870572,0,4562568,27.76,23780,2639292,2689652,16.37,2687244,1649240,528764,1673860,102612,3872,8904,31404,0,0,0.00,0,0.00,6,469,2.85,3.01,3.47,0,8.60,0.00,118.40,13.77,0.00,0.09,0.09,0.08,24.20,19.00,6.94,3.24,0.00,0.00,0.00,0.00
2018-01-06 06:38:14,79.27,0.00,2.06,0.05,0.10,0.00,0.25,0.00,0.00,18.27,1.00,4982.80,2632.40,0.00,0.00,0.00,2353.60,74.40,0.00,2403.60,0.00,0.00,0.00,0.00,19.40,0.00,19.40,0.00,4707.20,11777768,0,4655372,28.33,23788,2726020,2689652,16.37,2695772,1730520,603892,1677012,105000,3880,8912,31404,0,0,0.00,0,0.00,3,471,2.95,3.03,3.48,0,19.40,0.00,4707.20,242.64,0.26,13.48,0.33,0.64,27.00,22.40,7.49,3.68,0.00,0.00,0.00,0.00
2018-01-06 06:38:19,78.31,0.00,2.38,5.63,0.15,0.00,0.10,0.00,0.00,13.43,0.80,4880.80,3167.60,0.00,0.00,2.40,80654.40,94.20,0.00,2359.00,0.00,0.00,0.00,0.00,635.60,0.60,635.00,4.80,161308.80,11688476,0,4744664,28.87,23796,2812500,2689652,16.37,2702648,1811248,287320,1677824,107448,3888,8912,31404,0,0,0.00,0,0.00,3,472,2.95,3.03,3.47,0,635.60,4.80,161308.80,253.80,91.71,144.28,1.07,68.08,25.00,20.60,7.31,3.37,0.00,0.00,0.00,0.00
2018-01-06 06:38:24,78.52,0.00,1.72,0.86,0.05,0.00,0.25,0.00,0.00,18.60,0.00,4966.40,2762.60,0.00,0.00,0.80,30772.80,48.00,0.00,2345.20,0.00,0.00,0.00,0.00,241.60,0.20,241.40,1.60,61545.60,11594292,0,4838848,29.45,23804,2900224,2689652,16.37,2712512,1892648,221328,1681876,109880,3864,8920,31404,0,0,0.00,0,0.00,3,469,2.95,3.03,3.47,0,241.60,1.60,61545.60,254.75,16.56,68.55,0.56,13.60,24.80,19.20,7.35,3.13,0.00,0.00,0.00,0.00
2018-01-06 06:38:29,78.16,0.00,2.21,0.00,0.15,0.00,0.10,0.00,0.00,19.38,2.20,5011.60,2556.40,0.00,0.00,0.00,24.00,244.60,0.00,8423.40,0.00,0.00,0.00,0.00,0.60,0.00,0.60,0.00,48.00,11620684,0,4812456,29.29,23812,2871496,2689652,16.37,2605144,1972992,307228,1682988,110304,3864,8924,31404,0,0,0.00,0,0.00,2,461,3.12,3.06,3.48,0,0.60,0.00,48.00,80.00,0.00,0.00,0.00,0.00,27.00,21.80,7.30,3.70,0.00,0.00,0.00,0.00
2018-01-06 06:38:34,85.07,0.00,3.17,0.00,0.00,0.00,0.15,0.00,0.00,11.61,16.40,3439.20,2357.00,0.00,0.00,0.00,47.20,11054.20,0.00,39300.40,0.00,0.00,0.00,0.00,0.80,0.00,0.80,0.00,94.40,11970852,0,4462288,27.15,23832,2790700,2638604,16.06,2226472,2004120,341700,1416568,108324,3664,8240,31404,0,0,0.00,0,0.00,8,449,3.03,3.04,3.47,0,0.80,0.00,94.40,118.00,0.00,1.00,1.00,0.08,27.00,22.40,7.46,3.59,0.00,0.00,0.00,0.00
2018-01-06 06:38:39,79.74,0.00,3.18,0.00,0.05,0.00,0.15,0.00,0.00,16.89,12.20,2594.80,2718.40,0.00,0.00,0.00,64.80,5800.00,0.00,43076.00,0.00,0.00,0.00,0.00,6.20,0.00,6.20,0.00,129.60,11914028,0,4519112,27.50,23848,2830884,2657064,16.17,2231368,2054016,496552,1434800,107168,3624,8212,31404,0,0,0.00,0,0.00,6,439,3.19,3.08,3.48,0,6.20,0.00,129.60,20.90,0.00,0.00,0.00,0.00,4467.40,934.20,38908.22,64.57,0.00,0.00,0.00,3.19
2018-01-06 06:38:44,93.57,0.00,3.16,0.00,0.05,0.00,0.10,0.00,0.00,3.11,12.40,2195.80,2677.80,0.00,0.00,2.40,37584.80,8526.00,0.00,16972.00,0.00,0.00,0.00,0.00,264.20,0.60,263.60,4.80,67270.40,11555848,0,4877292,29.68,23860,2934884,2778924,16.91,2574048,2070436,415384,1685972,109876,3872,8816,31404,0,0,0.00,0,0.00,9,471,3.33,3.11,3.49,1,264.20,4.80,67270.40,254.64,23.51,76.05,0.63,16.72,2295.00,502.80,19476.56,43.60,0.00,0.00,0.00,1.60
2018-01-06 06:38:49,85.11,0.00,2.37,0.05,0.05,0.00,0.40,0.00,0.00,12.01,2.20,3835.60,3121.60,0.00,0.00,0.80,9863.20,1365.00,0.00,9612.20,0.00,0.00,0.00,0.00,108.80,0.20,108.60,1.60,27625.60,11511228,0,4921912,29.95,23868,2977276,2778924,16.91,2540876,2145712,483044,1685504,111124,3912,8896,31404,0,0,0.00,0,0.00,5,466,3.71,3.19,3.51,0,108.80,1.60,27625.60,253.93,18.74,203.72,1.38,15.04,709.00,2583.00,54.35,22188.62,0.00,0.00,0.00,1.82
2018-01-06 06:38:54,87.58,0.00,2.87,0.25,0.05,0.00,0.35,0.00,0.00,8.90,4.00,4443.20,3453.40,0.00,0.00,0.80,23715.20,945.00,0.00,8781.40,0.00,0.00,0.00,0.00,186.60,0.20,186.40,1.60,47430.40,11503280,0,4929860,30.00,23876,2978788,2778924,16.91,2450888,2245400,447016,1694508,108916,3880,8924,31404,0,0,0.00,0,0.00,4,472,3.65,3.19,3.51,0,186.60,1.60,47430.40,254.19,6.97,37.33,0.31,5.84,651.00,2931.20,51.60,25241.57,0.00,0.00,0.00,2.07
2018-01-06 06:38:59,78.85,0.00,2.23,0.00,0.10,0.00,0.51,0.00,0.00,18.32,0.60,5123.60,3307.60,0.00,0.00,0.00,12.00,158.00,0.00,8894.40,0.00,0.00,0.00,0.00,0.40,0.00,0.40,0.00,24.00,11498308,0,4934832,30.03,23884,2992956,2778924,16.91,2338424,2364036,533584,1686152,108800,3896,8900,31404,0,0,0.00,0,0.00,3,473,3.68,3.20,3.51,0,0.40,0.00,24.00,60.00,0.00,0.00,0.00,0.00,524.60,2542.20,42.25,21991.41,0.00,0.00,0.00,1.80
2018-01-06 06:39:04,79.06,0.00,2.12,0.00,0.10,0.00,0.25,0.00,0.00,18.47,0.00,5035.80,2888.20,0.00,0.00,0.00,110.40,48.80,0.00,4337.80,0.00,0.00,0.00,0.00,5.00,0.00,5.00,0.00,220.80,11436172,0,4996968,30.41,23892,3055864,2778924,16.91,2305696,2458484,620096,1684856,109752,3888,8900,31404,0,0,0.00,0,0.00,3,472,3.62,3.20,3.51,0,5.00,0.00,220.80,44.16,0.00,0.16,0.16,0.08,207.80,857.00,21.07,7320.92,0.00,0.00,0.00,0.60
2018-01-06 06:39:09,79.52,0.00,2.12,0.50,0.15,0.00,0.20,0.00,0.00,17.51,1.60,4906.40,2707.40,0.00,0.00,0.80,18283.20,78.20,0.00,2382.20,0.00,0.00,0.00,0.00,147.60,0.20,147.40,1.60,36566.40,11345684,0,5087456,30.96,23900,3143196,2778924,16.91,2310208,2541068,616148,1684976,112244,3896,8900,31404,0,0,0.00,0,0.00,4,474,3.65,3.21,3.51,0,147.60,1.60,36566.40,247.75,5.26,35.61,0.29,4.24,30.40,24.20,8.37,3.90,0.00,0.00,0.00,0.00
2018-01-06 06:39:14,78.45,0.00,2.38,0.66,0.10,0.00,0.20,0.00,0.00,18.20,0.20,4982.60,2664.40,0.00,0.00,0.80,23433.60,54.80,0.00,2422.40,0.00,0.00,0.00,0.00,185.00,0.20,184.80,1.60,46867.20,11256232,0,5176908,31.50,23908,3230820,2778924,16.91,2314900,2622936,586740,1684032,114608,3912,8904,31404,0,0,0.00,0,0.00,3,475,3.60,3.21,3.51,0,185.00,1.60,46867.20,253.34,6.93,37.44,0.31,5.68,27.80,21.40,8.34,3.48,0.00,0.00,0.00,0.00
2018-01-06 06:39:19,78.37,0.00,2.47,6.20,0.10,0.00,0.20,0.00,0.00,12.66,0.80,4950.00,3086.40,0.00,0.00,3.20,75448.00,94.00,0.00,2374.60,0.00,0.00,0.00,0.00,600.80,0.80,600.00,6.40,150896.00,11167088,0,5266052,32.05,23916,3317752,2778924,16.91,2321576,2703868,296536,1684668,117040,3920,8904,31404,0,0,0.00,0,0.00,3,476,3.55,3.20,3.51,0,600.80,6.40,150896.00,251.17,83.82,139.52,1.04,62.40,24.80,19.40,7.12,3.28,0.00,0.00,0.00,0.00
2018-01-06 06:39:24,78.32,0.00,2.13,0.66,0.15,0.00,0.15,0.00,0.00,18.59,0.00,5085.80,2773.20,0.00,0.00,0.80,31275.20,42.20,0.00,2341.20,0.00,0.00,0.00,0.00,246.60,0.20,246.40,1.60,62550.40,11077172,0,5355968,32.59,23936,3405304,2778924,16.91,2327344,2785296,227840,1684528,119360,3896,8904,31404,0,0,0.00,0,0.00,3,473,3.51,3.20,3.50,0,246.60,1.60,62550.40,253.66,17.51,71.00,0.57,14.16,23.60,18.60,6.80,3.06,0.00,0.00,0.00,0.00
2018-01-06 06:39:29,78.08,0.00,2.02,0.00,0.05,0.00,0.15,0.00,0.00,19.70,0.20,4986.00,2564.00,0.00,0.00,0.00,15.20,53.20,0.00,8289.80,0.00,0.00,0.00,0.00,0.40,0.00,0.40,0.00,30.40,11104492,0,5328648,32.43,23944,3378440,2778924,16.91,2217316,2867184,315684,1682624,120352,3896,8904,31404,0,0,0.00,0,0.00,3,469,3.47,3.20,3.50,0,0.40,0.00,30.40,76.00,0.00,0.00,0.00,0.00,27.00,20.60,7.89,3.54,0.00,0.00,0.00,0.00
2018-01-06 06:39:34,85.95,0.00,3.02,0.00,0.10,0.00,0.10,0.00,0.00,10.83,19.60,3535.60,2484.80,0.00,0.00,0.00,64.00,12629.20,0.00,39334.20,0.00,0.00,0.00,0.00,1.00,0.00,1.00,0.00,128.00,11458212,0,4974928,30.27,23960,3297448,2676852,16.29,1835912,2898380,349816,1413420,118184,3704,8296,31404,0,0,0.00,0,0.00,7,457,3.35,3.18,3.49,0,1.00,0.00,128.00,128.00,0.00,0.00,0.00,0.00,28.60,23.80,7.50,3.82,0.00,0.00,0.00,0.00
2018-01-06 06:39:39,68.29,0.00,2.77,0.15,0.00,0.00,0.40,0.00,0.00,28.38,11.00,2099.80,2442.00,0.00,0.00,0.80,28320.80,3891.60,0.00,41342.40,0.00,0.00,0.00,0.00,191.80,0.20,191.60,1.60,48859.20,11347132,0,5086008,30.95,23976,3365020,2679176,16.30,1904988,2940620,391328,1457252,117300,3640,8292,31404,0,0,0.00,0,0.00,5,441,3.56,3.22,3.51,1,191.80,1.60,48859.20,254.75,9.34,38.57,0.35,6.64,4471.20,1060.00,38916.17,72.88,0.00,0.00,0.00,3.19
2018-01-06 06:39:44,94.53,0.00,3.01,0.80,0.05,0.00,0.05,0.00,0.00,1.56,8.00,2092.60,2441.40,0.00,0.00,0.80,19104.80,11034.80,0.00,16579.80,0.00,0.00,0.00,0.00,180.60,0.20,180.40,1.60,45992.00,11067128,0,5366012,32.65,23988,3429132,2693868,16.39,2179792,2942844,359980,1669588,119032,3864,8864,31404,0,0,0.00,0,0.00,7,469,3.84,3.29,3.52,0,180.60,1.60,45992.00,254.67,33.07,193.88,1.39,25.04,2255.00,495.40,19466.10,35.21,0.00,0.00,0.00,1.59
2018-01-06 06:39:49,78.97,0.00,2.33,0.05,0.05,0.00,0.15,0.00,0.00,18.45,0.80,4010.80,2373.80,0.00,0.00,0.00,19.20,1000.40,0.00,5403.00,0.00,0.00,0.00,0.00,0.60,0.00,0.60,0.00,38.40,10922488,0,5510652,33.53,24000,3565716,2702636,16.45,2272192,2991544,496568,1674936,122688,3896,8936,31404,0,0,0.00,0,0.00,5,464,3.93,3.31,3.53,0,0.60,0.00,38.40,64.00,0.00,0.00,0.00,0.00,29.80,23.60,7.23,3.51,0.00,0.00,0.00,0.00
2018-01-06 06:39:54,87.92,0.00,2.27,0.00,0.05,0.00,0.10,0.00,0.00,9.67,1.80,4254.00,2507.80,0.00,0.00,0.80,23772.00,4032.00,0.00,4762.20,0.00,0.00,0.00,0.00,195.20,0.20,195.00,1.60,47544.00,10816052,0,5617088,34.18,24008,3649268,2737064,16.66,2317668,3050192,461348,1695556,125068,3872,8984,31404,0,0,0.00,0,0.00,3,470,3.94,3.32,3.53,0,195.20,1.60,47544.00,243.57,6.86,35.14,0.30,5.92,27.00,22.00,7.77,3.53,0.00,0.00,0.00,0.00
2018-01-06 06:39:59,80.49,0.00,1.86,0.00,0.15,0.00,0.15,0.00,0.00,17.34,0.60,5054.89,2516.77,0.00,0.00,0.00,57.49,1232.53,0.00,3213.77,0.00,0.00,0.00,0.00,1.60,0.00,1.60,0.00,114.97,10717116,0,5716024,34.78,24016,3735808,2737064,16.66,2332452,3132016,547724,1705532,127428,3880,8988,31404,0,0,0.00,0,0.00,3,471,3.86,3.32,3.53,0,1.60,0.00,114.97,72.00,0.00,0.00,0.00,0.00,29.34,23.35,8.33,3.75,0.00,0.00,0.00,0.00
2018-01-06 06:40:04,80.15,0.00,2.31,0.00,0.10,0.00,0.20,0.00,0.00,17.24,2.60,5065.00,2661.00,0.00,0.00,0.00,80.80,96.00,0.00,2838.00,0.00,0.00,0.00,0.00,7.80,0.00,7.80,0.00,161.60,10635476,0,5797664,35.28,24024,3822048,2737064,16.66,2330368,3213524,633852,1698452,129788,3872,8992,31404,0,0,0.00,0,0.00,3,470,3.79,3.31,3.53,0,7.80,0.00,161.60,20.72,0.00,0.00,0.00,0.00,56.00,52.60,13.49,7.70,0.00,0.00,0.00,0.00
2018-01-06 06:40:09,79.04,0.00,2.18,1.47,0.10,0.00,0.15,0.00,0.00,17.06,2.60,4953.40,2949.00,0.00,0.00,0.80,37600.00,109.40,0.00,2531.40,0.00,0.00,0.00,0.00,295.80,0.20,295.60,1.60,75200.00,10548096,0,5885044,35.81,24032,3908628,2737064,16.66,2332800,3295344,532536,1696304,132208,3888,8992,31404,0,0,0.00,0,0.00,3,472,3.89,3.34,3.54,0,295.80,1.60,75200.00,254.23,26.65,90.10,0.71,21.04,28.80,29.80,5.50,4.91,0.00,0.00,0.00,0.00
2018-01-06 06:40:14,78.26,0.00,2.37,0.00,0.10,0.00,0.20,0.00,0.00,19.07,0.20,4984.80,2687.20,0.00,0.00,0.80,8469.60,50.80,0.00,2273.60,0.00,0.00,0.00,0.00,70.00,0.20,69.80,1.60,16939.20,10458400,0,5974740,36.36,24040,3996208,2737064,16.66,2338816,3377324,577884,1696456,134708,3896,8996,31404,0,0,0.00,0,0.00,4,473,3.82,3.34,3.53,0,70.00,1.60,16939.20,242.01,2.12,30.31,0.29,2.00,12.40,13.80,1.34,2.69,0.00,0.00,0.00,0.00
2018-01-06 06:40:19,78.04,0.00,2.18,4.20,0.10,0.00,0.20,0.00,0.00,15.28,0.80,5049.00,3053.60,0.00,0.00,3.20,71496.80,57.40,0.00,2278.00,0.00,0.00,0.00,0.00,538.00,0.80,537.20,6.40,137344.00,10368752,0,6064388,36.90,24052,4082936,2737064,16.66,2344768,3458008,307612,1696592,137248,3904,8996,31404,0,0,0.00,0,0.00,3,474,3.91,3.36,3.54,0,538.20,6.40,137395.20,255.30,77.94,137.97,1.02,54.96,11.80,12.80,1.34,2.61,0.00,0.00,0.00,0.00
2018-01-06 06:40:24,77.63,0.00,2.02,0.00,0.15,0.00,0.20,0.00,0.00,20.00,0.00,4985.40,2750.80,0.00,0.00,0.00,5116.80,41.00,0.00,2381.00,0.00,0.00,0.00,0.00,36.80,0.00,36.80,0.00,9310.40,10280336,0,6152804,37.44,24060,4171336,2737064,16.66,2348748,3540268,370224,1694916,139704,3880,8996,31404,0,0,0.00,0,0.00,3,471,4.00,3.39,3.55,1,37.00,0.00,9361.60,253.02,2.41,150.70,0.97,3.60,11.40,12.60,1.21,2.43,0.00,0.00,0.00,0.00
2018-01-06 06:40:29,70.23,0.00,2.58,1.42,0.15,0.00,0.15,0.00,0.00,25.47,12.80,5571.40,3641.40,0.00,0.00,4.80,25691.20,1022.00,0.00,56085.20,0.00,0.00,0.00,0.00,232.60,0.60,232.00,9.60,57955.20,11262488,0,5170652,31.46,24068,4020140,1747964,10.64,1298716,3613316,320032,868140,137824,3464,6068,31404,0,0,0.00,0,0.00,1,354,4.00,3.40,3.55,0,232.20,9.60,57852.80,249.19,15.45,68.78,0.57,13.12,64.60,68.80,9.38,15.49,0.00,0.00,0.00,0.00
2018-01-06 06:40:34,0.20,0.00,0.05,0.00,0.05,0.00,0.00,0.00,0.00,99.70,0.00,441.80,369.60,0.00,0.00,4.00,82.40,33.40,0.00,316.40,0.00,0.00,0.00,0.00,2.20,0.40,1.80,8.00,164.80,11267724,0,5165416,31.43,24080,4019928,1747964,10.64,1294792,3613176,320244,864004,137036,2600,5984,31404,0,0,0.00,0,0.00,0,311,3.68,3.34,3.53,0,2.20,8.00,164.80,78.55,0.00,0.73,0.36,0.08,7.60,8.40,0.80,2.55,0.00,0.00,0.00,0.00
2018-01-06 06:40:39,27.21,0.00,2.26,0.05,0.05,0.00,0.00,0.00,0.00,70.43,29.00,1411.40,1123.80,0.00,0.00,0.00,56.80,10951.60,0.00,62392.00,0.00,0.00,0.00,0.00,1.20,0.00,1.20,0.00,113.60,12232084,0,4201056,25.56,24116,3212260,2065532,12.57,1017856,2934032,239428,715512,130236,2968,6304,31404,0,0,0.00,0,0.00,11,352,3.38,3.29,3.51,0,1.20,0.00,113.60,94.67,0.00,0.00,0.00,0.00,33.00,33.60,77.99,58.55,0.00,0.00,0.00,0.01
2018-01-06 06:40:44,96.70,0.00,3.15,0.05,0.00,0.00,0.00,0.00,0.00,0.10,7.80,1954.40,1893.80,0.00,0.00,0.80,47429.60,18459.40,0.00,10856.20,0.00,0.00,0.00,0.00,372.20,0.20,372.00,1.60,94859.20,11890864,0,4542276,27.64,24128,3212736,2131468,12.97,1357660,2934368,3224,1055432,130736,3112,7384,31404,0,0,0.00,0,0.00,6,378,3.91,3.40,3.55,0,372.20,1.60,94859.20,254.87,42.50,114.18,0.86,31.84,14.60,18.80,2.15,2.72,0.00,0.00,0.00,0.00
2018-01-06 06:40:49,97.20,0.00,2.25,0.00,0.00,0.00,0.40,0.00,0.00,0.15,6.60,4710.80,2620.00,0.00,0.00,0.00,10.40,1588.20,0.00,1697.80,0.00,0.00,0.00,0.00,0.40,0.00,0.40,0.00,20.80,11459516,0,4973624,30.27,24136,3212760,2181396,13.27,1783636,2934376,3256,1481132,131612,3288,8332,31404,0,0,0.00,0,0.00,8,393,4.40,3.51,3.58,0,0.40,0.00,20.80,52.00,0.00,2.00,2.00,0.08,12.60,17.60,3.31,2.53,0.00,0.00,0.00,0.00
2018-01-06 06:40:54,98.15,0.00,1.80,0.00,0.00,0.00,0.05,0.00,0.00,0.00,0.00,2351.20,1615.20,0.00,0.00,0.00,10.40,194.60,0.00,323.40,0.00,0.00,0.00,0.00,0.40,0.00,0.40,0.00,20.80,11460992,0,4972148,30.26,24144,3212788,2181396,13.27,1782084,2934352,3284,1479528,131696,3256,8332,31404,0,0,0.00,0,0.00,5,393,4.61,3.57,3.60,0,0.40,0.00,20.80,52.00,0.00,0.00,0.00,0.00,6.40,9.40,0.53,2.61,0.00,0.00,0.00,0.00
2018-01-06 06:40:59,97.05,0.00,2.90,0.00,0.00,0.00,0.05,0.00,0.00,0.00,0.00,1923.80,1414.40,0.00,0.00,0.00,82.40,47.20,0.00,114.80,0.00,0.00,0.00,0.00,9.00,0.00,9.00,0.00,164.80,11245488,0,5187652,31.57,24144,3432216,2181396,13.27,2001588,2934384,222268,1479628,131544,3224,8332,31404,0,0,0.00,0,0.00,5,389,4.56,3.58,3.60,0,9.00,0.00,164.80,18.31,0.00,0.00,0.00,0.00,6.40,9.40,0.50,2.06,0.00,0.00,0.00,0.00
2018-01-06 06:41:04,98.25,0.00,1.60,0.00,0.00,0.00,0.15,0.00,0.00,0.00,0.00,2482.80,1421.00,0.00,0.00,0.00,256.80,178.60,0.00,209.40,0.00,0.00,0.00,0.00,4.80,0.00,4.80,0.00,513.60,11243828,0,5189312,31.58,24152,3432244,2181396,13.27,2002868,2934368,221100,1480864,131496,3224,8332,31404,0,0,0.00,0,0.00,4,389,4.52,3.58,3.61,0,4.80,0.00,513.60,107.00,0.01,1.17,0.17,0.08,6.00,8.80,0.50,2.50,0.00,0.00,0.00,0.00
2018-01-06 06:41:09,97.40,0.00,2.45,0.00,0.00,0.00,0.00,0.00,0.00,0.15,0.60,762.20,1258.40,0.00,0.00,0.00,123.20,91.40,0.00,80.80,0.00,0.00,0.00,0.00,2.20,0.00,2.20,0.00,214.40,11002944,0,5430196,33.04,24164,3668212,2181396,13.27,2238196,2934440,456692,1481204,135932,3232,8336,31404,0,0,0.00,0,0.00,1,390,4.47,3.59,3.61,4,2.20,0.00,214.40,97.45,0.00,0.00,0.00,0.00,7.20,11.00,0.62,3.28,0.00,0.00,0.00,0.00
2018-01-06 06:41:14,96.65,0.00,3.35,0.00,0.00,0.00,0.00,0.00,0.00,0.00,3.20,1254.00,1306.40,0.00,0.00,0.00,150.40,2103.40,0.00,1973.00,0.00,0.00,0.00,0.00,9.60,0.00,9.60,0.00,332.80,10728296,0,5704844,34.72,24168,3932248,2181396,13.27,2506188,2934464,720100,1484732,142676,3328,8384,31404,0,0,0.00,0,0.00,5,402,4.76,3.66,3.63,0,9.60,0.00,332.80,34.67,0.02,1.58,0.08,0.08,6.60,8.40,0.51,1.99,0.00,0.00,0.00,0.00
2018-01-06 06:41:19,89.99,0.00,4.60,0.00,0.00,0.00,0.00,0.00,0.00,5.40,6.60,1706.40,1528.20,0.00,0.00,0.80,123.20,739.00,0.00,51279.80,0.00,0.00,0.00,0.00,2.40,0.20,2.20,1.60,246.40,11459092,0,4974048,30.27,24176,3708812,1585196,9.65,1776324,2933008,497708,975764,143976,3328,6776,31404,0,0,0.00,0,0.00,1,331,4.70,3.67,3.63,0,2.40,1.60,246.40,103.33,0.00,0.00,0.00,0.00,18.40,22.60,1.90,4.53,0.00,0.00,0.00,0.00
2018-01-06 06:41:24,83.59,0.00,2.76,0.05,0.00,0.00,0.00,0.00,0.00,13.60,25.00,1968.60,1495.20,0.00,0.00,12.80,32.00,21464.40,0.00,34109.60,0.00,0.00,0.00,0.00,4.00,3.20,0.80,25.60,64.00,11478912,0,4954228,30.15,24284,3703760,2138036,13.01,1760836,2928204,497864,961132,143240,2944,7024,31404,0,0,0.00,0,0.00,14,363,4.32,3.61,3.61,0,4.00,25.60,64.00,22.40,0.01,2.40,0.40,0.16,23.60,25.60,4.63,3.69,0.00,0.00,0.00,0.00
2018-01-06 06:41:29,90.25,0.00,2.51,0.00,0.05,0.00,0.40,0.00,0.00,6.78,10.40,3751.20,2537.60,0.00,0.00,0.80,2093.60,3782.20,0.00,7670.60,0.00,0.00,0.00,0.00,17.20,0.20,17.00,1.60,4187.20,11070284,0,5362856,32.63,24296,3699076,2171128,13.21,2161348,2933968,488316,1372004,143920,3304,8132,31404,0,0,0.00,0,0.00,3,399,4.77,3.71,3.65,0,17.20,1.60,4187.20,243.53,0.11,6.14,0.33,0.56,1195.80,338.60,10341.36,23.97,0.00,0.00,0.00,0.85
2018-01-06 06:41:34,86.62,0.00,1.05,0.00,0.05,0.00,0.20,0.00,0.00,12.08,0.00,2337.00,1961.00,0.00,0.00,0.00,88.00,68.60,0.00,824.60,0.00,0.00,0.00,0.00,9.40,0.00,9.40,0.00,176.00,11082508,0,5350632,32.56,24308,3693976,2171128,13.21,2154464,2929332,488024,1365688,143792,3304,8124,31404,0,0,0.00,0,0.00,4,399,4.79,3.73,3.65,0,9.40,0.00,176.00,18.72,0.00,0.00,0.00,0.00,6.40,9.40,0.64,2.34,0.00,0.00,0.00,0.00
2018-01-06 06:41:39,80.77,0.00,2.11,0.00,0.10,0.00,0.30,0.00,0.00,16.72,0.00,2336.00,2180.40,0.00,0.00,0.00,19.20,123.60,0.00,444.60,0.00,0.00,0.00,0.00,0.60,0.00,0.60,0.00,38.40,10923504,0,5509636,33.53,24316,3853368,2171128,13.21,2319448,2924572,652628,1366424,143580,3272,8128,31404,0,0,0.00,0,0.00,7,394,4.65,3.72,3.65,0,0.60,0.00,38.40,64.00,0.00,0.00,0.00,0.00,7.80,12.40,0.77,3.20,0.00,0.00,0.00,0.00
2018-01-06 06:41:44,82.34,0.00,1.25,7.38,0.00,0.00,0.00,0.00,0.00,9.03,0.00,967.00,1857.00,0.00,0.00,2.40,77258.40,18.20,0.00,1277.40,0.00,0.00,0.00,0.00,577.00,0.60,576.40,4.80,147092.80,10829556,0,5603584,34.10,24324,3908452,2171128,13.21,2419492,2919692,326448,1407260,143612,3264,8208,31404,0,0,0.00,0,0.00,3,394,4.76,3.76,3.66,1,577.00,4.80,147092.80,254.94,86.07,144.29,1.05,60.32,182.40,74.80,1534.22,7.00,0.00,0.00,0.00,0.13
2018-01-06 06:41:49,78.57,0.00,3.07,2.92,0.05,0.00,0.05,0.00,0.00,15.34,2.40,1180.80,1751.40,0.00,0.00,0.00,20197.60,1196.60,0.00,3123.00,0.00,0.00,0.00,0.00,189.60,0.00,189.60,0.00,47819.20,10573344,0,5859796,35.66,24332,4151492,2171128,13.21,2665460,2925208,497552,1414920,148168,3336,8240,31404,0,0,0.00,0,0.00,4,403,4.70,3.76,3.67,0,189.60,0.00,47819.20,252.21,34.58,197.18,1.38,26.08,208.80,780.80,13.99,6742.42,0.00,0.00,0.00,0.55
2018-01-06 06:41:54,75.60,0.00,4.02,0.00,0.00,0.00,0.05,0.00,0.00,20.32,15.60,1885.60,1801.00,0.00,0.00,0.00,2128.80,6094.40,0.00,45799.00,0.00,0.00,0.00,0.00,26.80,0.00,26.80,0.00,4257.60,11087916,0,5345224,32.53,24344,4021112,2139400,13.02,2145520,2928548,363992,1028344,151816,3224,7236,31404,0,0,0.00,0,0.00,5,366,4.56,3.75,3.66,0,26.80,0.00,4257.60,158.87,0.09,3.37,0.27,0.72,147.20,205.00,11.75,1534.27,0.00,0.00,0.00,0.13
2018-01-06 06:41:59,74.28,0.00,3.59,0.00,0.10,0.00,0.40,0.00,0.00,21.63,15.40,1896.20,2809.60,0.00,0.00,0.80,7184.00,13795.40,0.00,37420.60,0.00,0.00,0.00,0.00,58.60,0.20,58.40,1.60,14368.00,10856632,0,5576508,33.93,24360,4011784,2175768,13.24,2325716,2978388,328204,1267916,150300,3288,7828,31404,0,0,0.00,0,0.00,3,400,4.44,3.74,3.66,0,58.60,1.60,14368.00,245.22,0.27,4.66,0.34,2.00,3603.00,1247.00,29202.89,3126.31,0.00,0.00,0.00,2.39
2018-01-06 06:42:04,93.24,0.00,3.46,0.00,0.00,0.00,0.25,0.00,0.00,3.05,2.20,2499.40,2097.40,0.00,0.00,0.00,44.00,1015.20,0.00,8598.20,0.00,0.00,0.00,0.00,1.00,0.00,1.00,0.00,88.00,10394608,0,6038532,36.75,24372,4276164,2220452,13.51,2787816,2973848,596836,1460744,150876,3368,8264,31404,0,0,0.00,0,0.00,10,407,4.88,3.84,3.69,0,1.00,0.00,88.00,88.00,0.00,0.00,0.00,0.00,1945.60,941.60,16804.32,64.94,0.00,0.00,0.00,1.38
2018-01-06 06:42:09,34.80,0.00,0.71,0.00,0.05,0.00,0.10,0.00,0.00,64.34,0.00,1583.20,2078.80,0.00,0.00,0.00,4615.20,198.80,0.00,3734.40,0.00,0.00,0.00,0.00,44.20,0.00,44.20,0.00,9230.40,10356192,0,6076948,36.98,24380,4307016,2285248,13.91,2801572,3000556,630756,1471312,151808,3360,8340,31404,0,0,0.00,0,0.00,1,406,4.57,3.79,3.68,0,44.20,0.00,9230.40,208.83,0.15,3.42,0.29,1.28,407.60,1321.20,1587.99,10706.41,0.00,0.00,0.00,0.88
2018-01-06 06:42:14,30.88,0.00,0.40,0.00,0.10,0.00,0.05,0.00,0.00,68.57,0.00,1544.60,1768.80,0.00,0.00,0.00,1534.40,92.20,0.00,1015.60,0.00,0.00,0.00,0.00,13.00,0.00,13.00,0.00,3068.80,10340956,0,6092184,37.07,24388,4322336,2285248,13.91,2810736,3007060,650616,1471196,152096,3352,8340,31404,0,0,0.00,0,0.00,1,405,4.28,3.75,3.66,0,13.00,0.00,3068.80,236.06,0.05,4.12,0.31,0.40,76.80,419.80,5.59,3564.51,0.00,0.00,0.00,0.29
2018-01-06 06:42:19,27.05,0.00,1.16,0.00,0.10,0.00,0.00,0.00,0.00,71.69,0.80,895.60,976.60,0.00,0.00,0.00,47.20,55.80,0.00,408.40,0.00,0.00,0.00,0.00,0.80,0.00,0.80,0.00,94.40,10196756,0,6236384,37.95,24396,4463476,2301420,14.00,2957300,3002592,796876,1472060,155760,3376,8348,31404,0,0,0.00,0,0.00,1,408,4.10,3.72,3.66,0,0.80,0.00,94.40,118.00,0.00,0.00,0.00,0.00,8.80,14.80,1.12,4.22,0.00,0.00,0.00,0.00
2018-01-06 06:42:24,41.94,0.00,1.92,6.65,0.10,0.00,0.10,0.00,0.00,49.29,10.40,1826.60,2666.40,0.00,0.00,1.60,60438.40,8267.00,0.00,25051.60,0.00,0.00,0.00,0.00,474.80,0.40,474.40,3.20,120876.80,10292120,0,6141020,37.37,24420,4359168,2268816,13.81,2841844,3023000,395536,1481176,153788,3360,8360,31404,0,0,0.00,0,0.00,1,406,3.85,3.67,3.64,0,474.80,3.20,120876.80,254.59,61.84,130.24,0.96,45.52,311.80,438.40,22.78,3577.23,0.00,0.00,0.00,0.29
2018-01-06 06:42:29,33.70,0.00,0.50,0.00,0.10,0.00,0.10,0.00,0.00,65.59,0.00,1631.80,1756.40,0.00,0.00,0.00,123.20,36.80,0.00,1278.60,0.00,0.00,0.00,0.00,7.40,0.00,7.40,0.00,209.60,10267612,0,6165528,37.52,24428,4384564,2268816,13.81,2870840,3018184,425560,1480000,153840,3352,8368,31404,0,0,0.00,0,0.00,2,405,3.70,3.65,3.63,1,7.60,0.00,246.40,32.42,0.00,0.11,0.11,0.08,229.40,149.20,1912.31,12.59,0.00,0.00,0.00,0.16
2018-01-06 06:42:34,27.76,0.00,0.81,8.08,0.15,0.00,0.10,0.00,0.00,63.10,0.00,1611.80,2257.20,0.00,0.00,1.60,53562.40,107.60,0.00,3671.40,0.00,0.00,0.00,0.00,390.40,0.40,390.00,3.20,99635.20,10239020,0,6194120,37.69,24428,4420816,2268816,13.81,2894660,3022060,210936,1471712,154740,3344,8368,31404,0,0,0.00,0,0.00,1,404,3.57,3.62,3.62,1,390.20,3.20,99598.40,255.26,49.06,118.28,0.88,34.40,566.20,812.20,4131.35,4100.80,0.00,0.00,0.00,0.34
2018-01-06 06:42:39,24.79,0.00,1.26,4.24,0.10,0.00,0.05,0.00,0.00,69.56,3.60,1475.20,1790.20,0.00,0.00,0.80,1980.80,444.00,0.00,22804.00,0.00,0.00,0.00,0.00,45.60,0.20,45.40,1.60,11488.00,10462904,0,5970236,36.33,24436,4443872,1982032,12.06,2673324,3019492,229156,1224836,156124,3360,7572,31404,0,0,0.00,0,0.00,0,376,3.36,3.58,3.61,0,45.60,1.60,11488.00,251.96,4.84,169.81,1.28,5.84,903.60,513.80,7409.45,491.17,0.00,0.00,0.00,0.61
2018-01-06 06:42:44,40.33,0.00,1.27,0.00,0.15,0.00,0.36,0.00,0.00,57.89,7.60,2414.80,2800.20,0.00,0.00,0.00,4624.00,5736.60,0.00,6609.40,0.00,0.00,0.00,0.00,45.20,0.00,45.20,0.00,9248.00,10221612,0,6211528,37.80,24452,4436948,2262228,13.77,2896720,3035756,206212,1471176,156132,3352,8352,31404,0,0,0.00,0,0.00,4,405,3.33,3.57,3.61,0,45.20,0.00,9248.00,204.60,0.16,3.56,0.30,1.36,762.40,628.00,4143.15,3216.35,0.00,0.00,0.00,0.34
2018-01-06 06:42:49,31.75,0.00,0.61,0.00,0.05,0.00,0.10,0.00,0.00,67.49,0.00,1569.00,1699.00,0.00,0.00,0.00,31.20,78.60,0.00,608.60,0.00,0.00,0.00,0.00,0.80,0.00,0.80,0.00,62.40,10172016,0,6261124,38.10,24464,4486824,2262228,13.77,2951240,3030964,261372,1470912,156712,3352,8352,31404,0,0,0.00,0,0.00,3,405,3.23,3.54,3.60,0,0.80,0.00,62.40,78.00,0.00,0.00,0.00,0.00,8.00,13.80,1.06,3.92,0.00,0.00,0.00,0.00
2018-01-06 06:42:54,28.72,0.00,0.91,1.01,0.10,0.00,0.05,0.00,0.00,69.22,0.80,1040.20,1365.20,0.00,0.00,0.80,23882.40,400.80,0.00,2916.60,0.00,0.00,0.00,0.00,188.20,0.20,188.00,1.60,47764.80,10093452,0,6339688,38.58,24472,4568208,2262228,13.77,3031024,3026272,228456,1465004,158692,3360,8348,31404,0,0,0.00,0,0.00,1,406,3.05,3.50,3.58,0,188.20,1.60,47764.80,253.81,6.68,35.52,0.37,7.04,487.00,359.00,4122.60,26.92,0.00,0.00,0.00,0.34
2018-01-06 06:42:59,31.82,0.00,1.86,0.05,0.05,0.00,0.00,0.00,0.00,66.21,8.20,1281.80,1629.40,0.00,0.00,0.00,5028.00,5384.40,0.00,22202.40,0.00,0.00,0.00,0.00,41.20,0.00,41.20,0.00,10056.00,10241088,0,6192052,37.68,24488,4531988,2258168,13.74,2867992,3045420,173392,1357132,158892,3256,8024,31404,0,0,0.00,0,0.00,3,396,2.88,3.46,3.57,0,41.20,0.00,10056.00,244.08,0.20,4.82,0.37,1.52,319.20,446.80,22.58,3662.17,0.00,0.00,0.00,0.30
2018-01-06 06:43:04,38.47,0.00,0.66,0.00,0.20,0.00,0.05,0.00,0.00,60.63,2.20,2184.40,2392.00,0.00,0.00,16793.60,52.80,646.20,0.00,1076.80,0.00,0.00,0.00,0.00,133.20,131.20,2.00,33587.20,105.60,10050112,0,6383028,38.84,24500,4611052,2274848,13.84,2977696,3124592,173536,1466932,158916,3336,8348,31404,0,0,0.00,0,0.00,1,403,2.73,3.42,3.56,0,133.20,33587.20,105.60,252.95,0.40,3.00,0.35,4.72,11.20,17.60,2.01,4.15,0.00,0.00,0.00,0.00
2018-01-06 06:43:09,27.90,0.00,0.55,0.00,0.05,0.00,0.05,0.00,0.00,71.45,0.00,1374.00,1514.00,0.00,0.00,5324.80,16.00,60.20,0.00,337.80,0.00,0.00,0.00,0.00,42.40,41.60,0.80,10649.60,32.00,9972696,0,6460444,39.31,24508,4687552,2274848,13.84,3032960,3146616,228596,1467628,159436,3336,8348,31404,0,0,0.00,0,0.00,1,403,2.59,3.38,3.54,0,42.40,10649.60,32.00,251.92,0.14,3.19,0.28,1.20,10.00,15.60,1.19,4.01,0.00,0.00,0.00,0.00
2018-01-06 06:43:14,28.36,0.00,1.06,0.96,0.05,0.00,0.00,0.00,0.00,69.57,0.80,1181.40,1413.00,0.00,0.00,0.80,17323.20,105.60,0.00,3721.00,0.00,0.00,0.00,0.00,137.20,0.20,137.00,1.60,34646.40,9860968,0,6572172,39.99,24516,4793420,2274848,13.84,3146328,3141812,252980,1470588,161976,3344,8360,31404,0,0,0.00,0,0.00,1,404,2.47,3.34,3.53,0,137.20,1.60,34646.40,252.54,4.52,32.96,0.30,4.08,800.60,476.80,6873.76,34.29,0.00,0.00,0.00,0.56
2018-01-06 06:43:19,61.85,0.00,2.82,0.05,0.05,0.00,0.10,0.00,0.00,35.13,7.60,1675.60,2027.80,0.00,0.00,0.80,5595.20,4791.60,0.00,25391.60,0.00,0.00,0.00,0.00,52.60,0.20,52.40,1.60,11190.40,9899944,0,6533196,39.76,24532,4879064,2258680,13.74,3084924,3163072,317348,1345048,164120,3248,8000,31404,0,0,0.00,0,0.00,6,393,2.35,3.30,3.52,0,52.60,1.60,11190.40,212.78,0.24,4.65,0.33,1.76,1277.00,1100.60,8257.38,4239.94,0.00,0.00,0.00,0.68
2018-01-06 06:43:24,61.29,0.00,2.32,0.00,0.10,0.00,0.05,0.00,0.00,36.23,2.80,2189.60,2466.80,0.00,0.00,8.80,48.80,1970.20,0.00,2184.20,0.00,0.00,0.00,0.00,3.20,2.20,1.00,17.60,97.60,9639360,0,6793780,41.34,24584,5002484,2275048,13.84,3344684,3158452,446208,1475884,168136,3336,8364,31404,0,0,0.00,0,0.00,5,403,2.64,3.34,3.53,0,3.20,17.60,97.60,36.00,0.01,1.75,0.25,0.08,12.00,18.40,2.16,4.01,0.00,0.00,0.00,0.00
2018-01-06 06:43:29,30.65,0.00,0.55,0.81,0.10,0.00,0.10,0.00,0.00,67.79,0.00,1300.40,1545.80,0.00,0.00,0.80,17345.60,30.60,0.00,354.60,0.00,0.00,0.00,0.00,136.60,0.20,136.40,1.60,34691.20,9588328,0,6844812,41.65,24596,5052584,2275048,13.84,3398760,3153756,414692,1475520,169508,3336,8368,31404,0,0,0.00,0,0.00,2,403,2.59,3.32,3.52,0,136.60,1.60,34691.20,253.97,4.28,31.30,0.29,3.92,8.80,14.60,1.11,3.88,0.00,0.00,0.00,0.00
2018-01-06 06:43:34,29.34,0.00,0.60,0.00,0.05,0.00,0.10,0.00,0.00,69.90,0.80,1029.80,1122.80,0.00,0.00,0.00,26.40,380.20,0.00,2146.00,0.00,0.00,0.00,0.00,1.40,0.00,1.40,0.00,52.80,9517576,0,6915564,42.08,24604,5110988,2275048,13.84,3472168,3148964,478204,1485648,171072,3328,8368,31404,0,0,0.00,0,0.00,3,404,2.62,3.31,3.52,0,1.40,0.00,52.80,37.71,0.00,0.00,0.00,0.00,346.20,256.00,2904.24,20.00,0.00,0.00,0.00,0.24
2018-01-06 06:43:39,23.68,0.00,1.71,0.05,0.10,0.00,0.10,0.00,0.00,74.36,6.80,1222.80,1437.60,0.00,0.00,0.00,5020.00,3143.60,0.00,20315.80,0.00,0.00,0.00,0.00,40.40,0.00,40.40,0.00,10040.00,9707196,0,6725944,40.93,24616,5096824,2237616,13.62,3265872,3167380,446032,1311888,171000,3240,7784,31404,0,0,0.00,0,0.00,3,391,2.49,3.28,3.50,0,40.40,0.00,10040.00,248.51,0.20,5.05,0.36,1.44,323.60,444.60,22.72,3664.07,0.00,0.00,0.00,0.30
2018-01-06 06:43:44,44.32,0.00,1.21,0.00,0.10,0.00,0.20,0.00,0.00,54.16,3.60,2348.40,2548.80,0.00,0.00,0.00,56.80,3686.20,0.00,4791.80,0.00,0.00,0.00,0.00,2.00,0.00,2.00,0.00,113.60,9532044,0,6901096,41.99,24628,5091928,2270840,13.82,3443292,3162796,446140,1489468,171320,3336,8396,31404,0,0,0.00,0,0.00,3,403,2.45,3.25,3.50,0,2.00,0.00,113.60,56.80,0.00,0.00,0.00,0.00,328.00,204.20,2753.51,16.51,0.00,0.00,0.00,0.23
2018-01-06 06:43:49,28.56,0.00,0.76,0.66,0.10,0.00,0.00,0.00,0.00,69.93,0.00,1401.00,1653.40,0.00,0.00,0.00,16773.60,58.80,0.00,388.00,0.00,0.00,0.00,0.00,132.00,0.00,132.00,0.00,33547.20,9482592,0,6950548,42.30,24644,5141804,2270840,13.82,3497540,3157988,417444,1488936,172372,3336,8396,31404,0,0,0.00,0,0.00,1,403,2.34,3.22,3.48,0,132.00,0.00,33547.20,254.15,4.57,34.64,0.28,3.76,8.40,13.60,1.07,3.69,0.00,0.00,0.00,0.00
2018-01-06 06:43:54,29.05,0.00,0.76,8.53,0.20,0.00,0.51,0.00,0.00,60.94,1.00,2203.80,3430.40,0.00,0.00,1.60,55106.40,51.40,0.00,3650.80,0.00,0.00,0.00,0.00,440.80,0.40,440.40,3.20,110212.80,9407072,0,7026068,42.76,24652,5207468,2270840,13.82,3576296,3153220,212912,1497512,173936,3336,8416,31404,0,0,0.00,0,0.00,1,405,2.23,3.18,3.47,0,440.80,3.20,110212.80,250.04,55.19,125.21,0.91,40.16,806.80,1956.60,2934.81,14910.10,0.00,0.00,0.00,1.22
2018-01-06 06:43:59,32.69,0.00,2.18,0.05,0.10,0.00,0.25,0.00,0.00,64.73,8.00,1641.60,2088.20,0.00,0.00,0.80,5032.80,6307.20,0.00,25084.80,0.00,0.00,0.00,0.00,41.60,0.20,41.40,1.60,10065.60,9547824,0,6885316,41.90,24668,5186976,2233728,13.59,3417824,3172460,173312,1378656,173976,3256,8048,31404,0,0,0.00,0,0.00,5,396,2.13,3.14,3.46,0,41.60,1.60,10065.60,242.00,0.20,4.94,0.40,1.68,816.40,879.00,4146.62,4285.55,0.00,0.00,0.00,0.35
2018-01-06 06:44:04,42.49,0.00,0.77,0.00,0.15,0.00,0.26,0.00,0.00,56.33,2.60,3076.20,3744.00,0.00,0.00,0.00,77.60,1415.00,0.00,5341.00,0.00,0.00,0.00,0.00,1.60,0.00,1.60,0.00,155.20,9436968,0,6996172,42.57,24680,5173968,2250080,13.69,3527208,3172264,173404,1500588,173716,3352,8416,31404,0,0,0.00,0,0.00,1,405,2.04,3.11,3.44,0,1.60,0.00,155.20,97.00,0.00,0.00,0.00,0.00,728.80,2275.60,1411.48,18843.17,0.00,0.00,0.00,1.54
2018-01-06 06:44:09,28.50,0.00,0.91,0.66,0.15,0.00,0.05,0.00,0.00,69.73,0.00,2340.00,3088.80,0.00,0.00,0.00,17748.00,68.80,0.00,3762.00,0.00,0.00,0.00,0.00,139.40,0.00,139.40,0.00,35496.00,9411452,0,7021688,42.73,24688,5200632,2250080,13.69,3537604,3187956,139740,1500176,173196,3344,8416,31404,0,0,0.00,0,0.00,1,404,1.96,3.07,3.43,0,139.40,0.00,35496.00,254.63,5.01,35.95,0.29,4.08,541.60,1937.80,1400.75,15927.99,0.00,0.00,0.00,1.30
2018-01-06 06:44:14,27.50,0.00,0.91,0.00,0.05,0.00,0.20,0.00,0.00,71.34,0.80,1039.40,1577.20,0.00,0.00,0.00,929.60,214.80,0.00,5521.20,0.00,0.00,0.00,0.00,8.60,0.00,8.60,0.00,1859.20,9369244,0,7063896,42.99,24696,5241600,2250080,13.69,3547168,3220536,224560,1501588,173544,3368,8420,31404,0,0,0.00,0,0.00,1,405,1.88,3.04,3.42,0,8.60,0.00,1859.20,216.19,0.04,4.09,0.37,0.32,716.00,2198.40,2778.49,17046.97,0.00,0.00,0.00,1.40
2018-01-06 06:44:19,28.22,0.00,1.62,0.05,0.15,0.00,0.10,0.00,0.00,69.85,8.00,2170.20,2871.60,0.00,0.00,0.80,9643.20,5113.60,0.00,26337.60,0.00,0.00,0.00,0.00,78.60,0.20,78.40,1.60,19286.40,9568184,0,6864956,41.78,24716,5171824,2234608,13.60,3292900,3277576,143424,1374060,172184,3248,8016,31404,0,0,0.00,0,0.00,4,396,1.81,3.01,3.40,0,78.60,1.60,19286.40,245.39,0.35,4.51,0.38,2.96,1084.00,2932.20,73.13,25450.31,0.00,0.00,0.00,2.08
2018-01-06 06:44:24,35.61,0.00,1.98,0.00,0.05,0.00,0.41,0.00,0.00,61.96,3.40,1572.40,2348.40,0.00,0.00,0.00,941.60,1997.20,0.00,24458.00,0.00,0.00,0.00,0.00,8.00,0.00,8.00,0.00,1883.20,9279864,0,7153276,43.53,24728,5293368,2274800,13.84,3550468,3306828,265836,1539016,173560,3376,8508,31404,0,0,0.00,0,0.00,1,408,1.75,2.97,3.39,0,8.00,0.00,1883.20,235.40,0.02,2.60,0.20,0.16,4706.00,1230.20,41158.12,84.18,0.00,0.00,0.00,3.37
2018-01-06 06:44:29,8.22,0.00,0.55,0.50,0.05,0.00,0.05,0.00,0.00,90.62,0.40,899.00,1193.20,0.00,0.00,0.00,14622.40,255.40,0.00,4055.40,0.00,0.00,0.00,0.00,123.40,0.00,123.40,0.00,29244.80,9256080,0,7177060,43.67,24736,5314232,2290864,13.94,3556600,3322160,251120,1539944,174116,3392,8776,31404,0,0,0.00,0,0.00,0,410,1.69,2.94,3.38,0,123.40,0.00,29244.80,236.99,3.76,30.48,0.28,3.44,514.60,1445.20,1854.89,11154.05,0.00,0.00,0.00,0.91
2018-01-06 06:44:34,1.31,0.00,0.20,0.00,0.05,0.00,0.00,0.00,0.00,98.44,0.00,915.20,974.80,0.00,0.00,0.00,477.60,12.00,0.00,3868.80,0.00,0.00,0.00,0.00,4.60,0.00,4.60,0.00,955.20,9282548,0,7150592,43.51,24744,5288928,2290864,13.94,3513224,3339760,248944,1539456,173236,3392,8776,31404,0,0,0.00,0,0.00,1,410,1.55,2.89,3.36,0,4.60,0.00,955.20,207.65,0.01,2.43,0.35,0.16,629.40,1298.20,3674.35,8428.10,0.00,0.00,0.00,0.69
2018-01-06 06:44:39,83.27,0.00,2.95,0.00,0.00,0.00,0.05,0.00,0.00,13.72,5.60,1618.40,1451.40,0.00,0.00,142.40,501.60,222.60,0.00,2267.00,0.00,0.00,0.00,0.00,6.00,1.20,4.80,284.80,1003.20,9077200,0,7355940,44.76,24752,5490936,2290864,13.94,3717568,3337716,456080,1539712,178028,3304,8796,31404,0,0,0.00,0,0.00,9,402,1.51,2.86,3.35,0,6.00,284.80,1003.20,214.67,0.02,3.60,0.40,0.24,310.20,373.60,1839.49,1794.50,0.00,0.00,0.00,0.15
2018-01-06 06:44:44,98.50,0.00,1.45,0.00,0.00,0.00,0.05,0.00,0.00,0.00,2.40,2053.00,1692.00,0.00,0.00,0.00,20.80,2259.00,0.00,3938.60,0.00,0.00,0.00,0.00,1.20,0.00,1.20,0.00,41.60,9088980,0,7344160,44.69,24760,5453572,2307052,14.04,3692692,3350968,456524,1565252,176896,3424,8852,31404,0,0,0.00,0,0.00,4,414,1.87,2.91,3.36,0,1.20,0.00,41.60,34.67,0.00,0.00,0.00,0.00,180.40,1154.80,12.25,10040.94,0.00,0.00,0.00,0.82
2018-01-06 06:44:49,98.65,0.00,1.30,0.00,0.00,0.00,0.05,0.00,0.00,0.00,0.00,1908.80,1615.80,0.00,0.00,0.80,12246.40,356.40,0.00,2939.00,0.00,0.00,0.00,0.00,98.00,0.20,97.80,1.60,24492.80,9126532,0,7306608,44.46,24772,5436468,2307052,14.04,3650444,3357016,398100,1546240,176292,3424,8604,31404,0,0,0.00,0,0.00,4,412,2.12,2.95,3.37,0,98.00,1.60,24492.80,249.94,3.24,33.11,0.29,2.88,91.20,515.80,6.09,4451.93,0.00,0.00,0.00,0.36
2018-01-06 06:44:54,98.85,0.00,1.10,0.00,0.00,0.00,0.05,0.00,0.00,0.00,0.00,1987.00,1501.60,0.00,0.00,0.80,18542.40,62.60,0.00,474.80,0.00,0.00,0.00,0.00,146.40,0.20,146.20,1.60,37084.80,9128708,0,7304432,44.45,24780,5435788,2307052,14.04,3649128,3356460,309812,1545192,176272,3376,8544,31404,0,0,0.00,0,0.00,4,408,2.27,2.96,3.37,0,146.40,1.60,37084.80,253.32,5.41,36.98,0.30,4.32,6.40,9.80,0.52,2.55,0.00,0.00,0.00,0.00
2018-01-06 06:44:59,99.05,0.00,0.95,0.00,0.00,0.00,0.00,0.00,0.00,0.00,0.00,2093.40,1475.60,0.00,0.00,0.00,18547.20,46.40,0.00,454.20,0.00,0.00,0.00,0.00,145.40,0.00,145.40,0.00,37094.40,9127456,0,7305684,44.46,24788,5437156,2307052,14.04,3649292,3357596,223600,1545240,176272,3376,8544,31404,0,0,0.00,0,0.00,4,408,2.41,2.98,3.38,0,145.40,0.00,37094.40,255.12,5.43,37.35,0.30,4.32,6.00,8.80,0.50,2.66,0.00,0.00,0.00,0.00
2018-01-06 06:45:04,98.85,0.00,1.05,0.00,0.00,0.00,0.10,0.00,0.00,0.00,0.40,2070.40,1344.80,0.00,0.00,0.00,63.20,204.20,0.00,577.20,0.00,0.00,0.00,0.00,7.60,0.00,7.60,0.00,126.40,9126628,0,7306512,44.46,24796,5438612,2307052,14.04,3648076,3359456,230272,1544220,176236,3376,8544,31404,0,0,0.00,0,0.00,4,408,2.53,3.00,3.38,0,7.60,0.00,126.40,16.63,0.00,0.00,0.00,0.00,6.20,8.80,0.51,2.59,0.00,0.00,0.00,0.00
2018-01-06 06:45:09,87.05,0.00,3.26,0.00,0.05,0.00,0.30,0.00,0.00,9.34,27.00,2710.40,2302.20,0.00,0.00,0.00,19.20,12239.60,0.00,111483.20,0.00,0.00,0.00,0.00,1.20,0.00,1.20,0.00,38.40,10997140,0,5436000,33.08,24824,4427120,2048564,12.47,1776000,3383200,25276,707520,156596,2856,6368,31404,0,0,0.00,0,0.00,13,343,2.65,3.01,3.38,0,1.20,0.00,38.40,32.00,0.00,0.00,0.00,0.00,488.00,2142.40,36.62,18515.46,0.00,0.00,0.00,1.52
2018-01-06 06:45:14,96.15,0.00,3.25,0.00,0.00,0.00,0.50,0.00,0.00,0.10,14.80,2941.40,2489.60,0.00,0.00,0.00,5039.20,14177.20,0.00,20514.00,0.00,0.00,0.00,0.00,41.40,0.00,41.40,0.00,10078.40,10792884,0,5640256,34.32,24836,4328536,2130060,12.96,1911844,3449460,1236,1008240,153968,3048,7340,31404,0,0,0.00,0,0.00,17,393,3.40,3.16,3.43,0,41.40,0.00,10078.40,243.44,1.03,24.95,0.29,1.20,1558.60,3864.80,6685.87,30835.79,0.00,0.00,0.00,2.53
2018-01-06 06:45:19,92.76,0.00,5.39,0.05,0.00,0.00,1.70,0.00,0.00,0.10,3.60,2632.00,4231.40,0.00,0.00,0.00,35.20,651.60,0.00,53957.80,0.00,0.00,0.00,0.00,0.80,0.00,0.80,0.00,70.40,10117244,0,6315896,38.43,24848,4521012,2248856,13.68,2445464,3601048,326228,1501692,148484,3400,8436,31404,0,0,0.00,0,0.00,5,411,4.49,3.39,3.50,0,0.80,0.00,70.40,88.00,0.00,0.00,0.00,0.00,10730.60,7238.40,87374.26,42445.79,0.00,0.00,0.00,7.16
2018-01-06 06:45:24,94.35,0.00,4.70,0.00,0.00,0.00,0.90,0.00,0.00,0.05,0.00,3081.80,3400.60,0.00,0.00,900.80,24.80,993.80,0.00,37039.60,0.00,0.00,0.00,0.00,8.00,7.20,0.80,1801.60,49.60,9781560,0,6651580,40.48,24868,4775724,2273020,13.83,2699140,3681876,648688,1581128,148844,3400,8572,31404,0,0,0.00,0,0.00,4,411,4.93,3.50,3.54,0,8.00,1801.60,49.60,231.40,0.02,2.60,0.40,0.32,8101.40,3693.80,66617.94,22454.28,0.00,0.00,0.00,5.46
2018-01-06 06:45:29,96.39,0.00,3.16,0.00,0.00,0.00,0.20,0.00,0.00,0.25,5.40,1653.00,1859.80,0.00,0.00,0.00,14.40,227.40,0.00,8166.80,0.00,0.00,0.00,0.00,0.40,0.00,0.40,0.00,28.80,9573572,0,6859568,41.74,24876,5036900,2247680,13.68,2881884,3697736,943700,1518048,156436,3304,8496,31404,0,0,0.00,0,0.00,8,402,4.86,3.51,3.54,0,0.40,0.00,28.80,72.00,0.00,0.00,0.00,0.00,607.00,1432.80,3718.33,10407.29,0.00,0.00,0.00,0.85
2018-01-06 06:45:34,97.85,0.00,1.95,0.00,0.00,0.00,0.20,0.00,0.00,0.00,2.60,2391.00,1646.00,0.00,0.00,152.80,15.20,4529.40,0.00,8591.80,0.00,0.00,0.00,0.00,1.20,0.60,0.60,153.60,30.40,9640532,0,6792608,41.33,24884,5004832,2160256,13.15,2802900,3713220,944296,1486468,155392,3432,8516,31404,0,0,0.00,0,0.00,4,415,5.19,3.60,3.57,0,1.80,305.60,30.40,186.67,0.00,0.00,0.00,0.00,194.20,1043.40,13.19,9060.47,0.00,0.00,0.00,0.74
2018-01-06 06:45:39,98.90,0.00,1.10,0.00,0.00,0.00,0.00,0.00,0.00,0.00,0.00,1903.60,1452.40,0.00,0.00,0.00,166.40,3153.20,0.00,1782.60,0.00,0.00,0.00,0.00,21.60,0.60,21.00,152.00,332.80,9599308,0,6833832,41.59,24892,4997004,2193176,13.35,2845992,3710632,945736,1534720,155272,3432,8540,31404,0,0,0.00,0,0.00,4,415,5.09,3.61,3.57,0,21.00,0.00,332.80,15.85,0.03,1.56,0.11,0.24,69.80,178.00,4.69,1474.66,0.00,0.00,0.00,0.12
2018-01-06 06:45:44,98.85,0.00,1.00,0.00,0.00,0.00,0.15,0.00,0.00,0.00,0.00,2034.20,1704.60,0.00,0.00,0.00,128.80,390.40,0.00,2719.60,0.00,0.00,0.00,0.00,3.20,0.00,3.20,0.00,257.60,9623548,0,6809592,41.44,24900,4966324,2193176,13.35,2805772,3726644,949852,1541040,154708,3400,8548,31404,0,0,0.00,0,0.00,5,411,5.01,3.62,3.57,0,3.20,0.00,257.60,80.50,0.00,0.25,0.25,0.08,190.60,1099.80,12.80,9583.51,0.00,0.00,0.00,0.79
2018-01-06 06:45:49,98.60,0.00,1.30,0.00,0.00,0.00,0.10,0.00,0.00,0.00,0.00,2214.80,1973.80,0.00,0.00,0.80,42249.60,52.60,0.00,2754.20,0.00,0.00,0.00,0.00,305.00,0.20,304.80,1.60,77843.20,9655320,0,6777820,41.24,24908,4944588,2193176,13.35,2763760,3737112,745176,1531648,153876,3400,8540,31404,0,0,0.00,0,0.00,5,411,5.08,3.66,3.59,1,305.00,1.60,77843.20,255.23,32.06,95.88,0.74,22.56,162.00,754.80,10.76,6549.35,0.00,0.00,0.00,0.54
2018-01-06 06:45:54,98.45,0.00,1.45,0.05,0.00,0.00,0.05,0.00,0.00,0.00,0.00,2106.20,2146.20,0.00,0.00,3.20,91757.60,54.20,0.00,476.40,0.00,0.00,0.00,0.00,717.00,0.80,716.20,6.40,183123.20,9653816,0,6779324,41.25,24916,4946480,2193176,13.35,2764084,3738920,293388,1531872,153864,3400,8540,31404,0,0,0.00,0,0.00,4,411,5.08,3.68,3.59,1,717.00,6.40,183123.20,255.41,140.33,195.62,1.39,100.00,5.80,8.20,0.47,2.27,0.00,0.00,0.00,0.00
2018-01-06 06:45:59,55.99,0.00,1.96,0.05,0.05,0.00,0.00,0.00,0.00,41.95,11.00,1884.80,1532.60,0.00,0.00,0.00,14603.20,1201.60,0.00,103183.80,0.00,0.00,0.00,0.00,142.40,0.00,142.40,0.00,36254.40,11696628,0,4736512,28.82,24928,4002952,971004,5.91,742444,3737556,25168,451832,137932,2656,4600,31404,0,0,0.00,0,0.00,1,275,5.07,3.70,3.60,0,142.40,0.00,36254.40,254.60,25.43,198.80,1.39,19.84,26.40,31.60,2.92,7.00,0.00,0.00,0.00,0.00
2018-01-06 06:46:04,0.05,0.00,0.05,0.00,0.00,0.00,0.00,0.00,0.00,99.90,0.00,267.80,169.60,0.00,0.00,0.00,9.60,8.20,0.00,294.40,0.00,0.00,0.00,0.00,1.20,0.00,1.20,0.00,19.20,11702136,0,4731004,28.79,24936,3997776,971004,5.91,741808,3732496,25120,451676,137428,2312,4680,31404,0,0,0.00,0,0.00,1,275,4.67,3.64,3.58,0,1.20,0.00,19.20,16.00,0.00,0.00,0.00,0.00,3.80,5.00,0.30,0.99,0.00,0.00,0.00,0.00
2018-01-06 06:46:09,0.05,0.00,0.00,0.05,0.05,0.00,0.00,0.00,0.00,99.85,0.00,279.80,221.40,0.00,0.00,0.00,4928.80,10.60,0.00,303.20,0.00,0.00,0.00,0.00,39.00,0.00,39.00,0.00,9857.60,11707668,0,4725472,28.76,24936,3992760,971004,5.91,741352,3727916,500,451676,137188,2312,4680,31404,0,0,0.00,0,0.00,0,275,4.29,3.58,3.56,0,39.00,0.00,9857.60,252.76,1.00,25.70,0.29,1.12,4.40,5.80,0.34,1.12,0.00,0.00,0.00,0.00
2018-01-06 06:46:14,0.15,0.00,1.30,0.00,0.00,0.00,0.00,0.00,0.00,98.55,1.40,423.00,362.80,0.00,0.00,0.00,28.00,34.40,0.00,93394.20,0.00,0.00,0.00,0.00,1.40,0.00,1.40,0.00,56.00,13571776,0,2861364,17.41,24944,2177304,971004,5.91,639104,2015236,716,451676,88340,2320,4680,31404,0,0,0.00,0,0.00,0,277,3.95,3.52,3.54,0,1.40,0.00,56.00,40.00,0.00,0.57,0.57,0.08,24.00,23.60,55.81,60.67,0.00,0.00,0.00,0.00
2018-01-06 06:46:19,10.52,0.00,1.61,0.00,0.05,0.00,0.00,0.00,0.00,87.82,27.00,959.40,786.40,0.00,0.00,0.00,128.80,9296.40,0.00,47556.00,0.00,0.00,0.00,0.00,8.20,0.00,8.20,0.00,257.60,14379756,0,2053384,12.50,24968,1258700,2043536,12.44,759956,1097072,1024,573340,77772,2320,5848,31404,0,0,0.00,0,0.00,4,358,3.63,3.46,3.53,0,8.20,0.00,257.60,31.41,0.00,0.20,0.10,0.08,21.60,20.20,23.85,3.16,0.00,0.00,0.00,0.00
2018-01-06 06:46:24,97.45,0.00,2.50,0.00,0.00,0.00,0.00,0.00,0.00,0.05,6.00,2172.00,1444.00,0.00,0.00,0.00,109.60,15883.20,0.00,9296.60,0.00,0.00,0.00,0.00,1.60,0.00,1.60,0.00,219.20,13952252,0,2480888,15.10,24984,1253948,2126256,12.94,1189780,1092608,1464,1003204,78052,3080,7308,31404,0,0,0.00,0,0.00,12,373,3.90,3.52,3.54,0,1.60,0.00,219.20,137.00,0.00,0.00,0.00,0.00,11.80,15.80,1.41,2.47,0.00,0.00,0.00,0.00
2018-01-06 06:46:29,97.30,0.00,2.35,0.00,0.00,0.00,0.20,0.00,0.00,0.15,8.40,4144.00,1989.00,0.00,0.00,0.00,32.00,3076.20,0.00,2576.00,0.00,0.00,0.00,0.00,0.80,0.00,0.80,0.00,64.00,13507876,0,2925264,17.80,24996,1249424,2175388,13.24,1634568,1088192,2000,1448444,78632,3304,8308,31404,0,0,0.00,0,0.00,5,397,4.23,3.59,3.57,0,0.80,0.00,64.00,80.00,0.00,1.00,1.00,0.08,14.00,19.80,3.75,2.82,0.00,0.00,0.00,0.00
2018-01-06 06:46:34,97.40,0.00,2.40,0.00,0.00,0.00,0.20,0.00,0.00,0.00,0.00,3206.80,1807.80,0.00,0.00,0.00,13.60,149.60,0.00,469.20,0.00,0.00,0.00,0.00,1.80,0.00,1.80,0.00,27.20,13513224,0,2919916,17.77,25004,1244332,2175388,13.24,1634392,1083480,2004,1448468,78452,3256,8292,31404,0,0,0.00,0,0.00,7,393,4.21,3.60,3.57,0,1.80,0.00,27.20,15.11,0.00,0.00,0.00,0.00,5.40,7.80,0.44,2.15,0.00,0.00,0.00,0.00
2018-01-06 06:46:39,98.80,0.00,1.20,0.00,0.00,0.00,0.00,0.00,0.00,0.00,0.00,795.40,1227.60,0.00,0.00,0.00,12.80,35.80,0.00,333.80,0.00,0.00,0.00,0.00,0.40,0.00,0.40,0.00,25.60,13472448,0,2960692,18.02,25012,1289576,2175388,13.24,1683488,1078676,52520,1448324,78196,3224,8292,31404,0,0,0.00,0,0.00,5,389,4.19,3.61,3.57,0,0.40,0.00,25.60,64.00,0.00,0.00,0.00,0.00,6.40,9.80,0.52,2.35,0.00,0.00,0.00,0.00
2018-01-06 06:46:44,98.05,0.00,1.65,0.00,0.00,0.00,0.20,0.00,0.00,0.10,0.00,2423.60,1938.40,0.00,0.00,0.00,7.20,136.20,0.00,387.40,0.00,0.00,0.00,0.00,0.40,0.00,0.40,0.00,14.40,13363016,0,3070124,18.68,25020,1395332,2175388,13.24,1796904,1074000,163256,1450524,77984,3224,8292,31404,0,0,0.00,0,0.00,4,389,4.18,3.61,3.58,0,0.40,0.00,14.40,36.00,0.00,0.00,0.00,0.00,6.00,9.00,0.51,2.59,0.00,0.00,0.00,0.00
2018-01-06 06:46:49,98.50,0.00,1.35,0.00,0.00,0.00,0.15,0.00,0.00,0.00,0.00,1958.60,1423.80,0.00,0.00,0.00,68.80,23.20,0.00,335.40,0.00,0.00,0.00,0.00,2.40,0.00,2.40,0.00,137.60,13368608,0,3064532,18.65,25020,1390244,2175388,13.24,1796720,1069264,162964,1450664,77876,3224,8292,31404,0,0,0.00,0,0.00,4,389,4.32,3.65,3.59,0,2.40,0.00,137.60,57.33,0.00,0.00,0.00,0.00,4.80,6.80,0.39,1.81,0.00,0.00,0.00,0.00
2018-01-06 06:46:54,97.90,0.00,2.05,0.00,0.00,0.00,0.05,0.00,0.00,0.00,0.00,1061.40,1320.20,0.00,0.00,0.00,226.40,27.20,0.00,282.80,0.00,0.00,0.00,0.00,16.80,0.00,16.80,0.00,452.80,13210412,0,3222728,19.61,25028,1547340,2175388,13.24,1957780,1064568,323136,1450284,79148,3224,8292,31404,0,0,0.00,0,0.00,4,389,4.46,3.69,3.60,0,16.80,0.00,452.80,26.95,0.05,2.86,0.10,0.16,6.00,9.00,0.51,2.59,0.00,0.00,0.00,0.00
2018-01-06 06:46:59,99.00,0.00,0.80,0.00,0.00,0.00,0.10,0.00,0.00,0.10,0.00,1462.80,1378.40,0.00,0.00,0.00,156.80,24.60,0.00,372.00,0.00,0.00,0.00,0.00,3.20,0.00,3.20,0.00,313.60,13200796,0,3232344,19.67,25036,1557416,2175388,13.24,1972704,1059788,337948,1449920,79084,3216,8292,31404,0,0,0.00,0,0.00,4,388,4.50,3.71,3.61,0,3.20,0.00,313.60,98.00,0.00,0.00,0.00,0.00,7.00,10.80,0.60,3.26,0.00,0.00,0.00,0.00
2018-01-06 06:47:04,97.80,0.00,2.15,0.00,0.00,0.00,0.00,0.00,0.00,0.05,3.20,1059.60,1333.60,0.00,0.00,0.00,14.40,149.60,0.00,335.40,0.00,0.00,0.00,0.00,1.20,0.00,1.20,0.00,28.80,13025384,0,3407756,20.74,25044,1726648,2175388,13.24,2148420,1055172,512152,1452024,83108,3280,8324,31404,0,0,0.00,0,0.00,4,396,4.46,3.72,3.61,0,1.20,0.00,28.80,24.00,0.00,0.00,0.00,0.00,5.20,7.20,0.42,1.84,0.00,0.00,0.00,0.00
2018-01-06 06:47:09,97.55,0.00,2.30,0.05,0.00,0.00,0.00,0.00,0.00,0.10,0.00,1245.40,1401.40,0.00,0.00,0.00,23.20,18.40,0.00,174.80,0.00,0.00,0.00,0.00,0.40,0.00,0.40,0.00,46.40,12876508,0,3556632,21.64,25052,1871940,2175388,13.24,2294872,1054260,660236,1452092,86760,3280,8324,31404,0,0,0.00,0,0.00,4,396,4.42,3.72,3.61,0,0.40,0.00,46.40,116.00,0.00,0.00,0.00,0.00,6.40,9.40,0.53,2.62,0.00,0.00,0.00,0.00
2018-01-06 06:47:14,96.25,0.00,2.05,1.55,0.00,0.00,0.00,0.00,0.00,0.15,0.00,1222.20,1660.00,0.00,0.00,0.80,32251.20,15.00,0.00,91.00,0.00,0.00,0.00,0.00,252.60,0.20,252.40,1.60,64502.40,12726804,0,3706336,22.55,25060,2018568,2175388,13.24,2439896,1054292,645664,1451372,90500,3280,8324,31404,0,0,0.00,0,0.00,4,395,4.39,3.73,3.61,0,252.60,1.60,64502.40,255.36,17.03,67.44,0.60,15.20,6.20,8.80,0.51,2.44,0.00,0.00,0.00,0.00
2018-01-06 06:47:19,87.71,0.00,3.56,0.00,0.05,0.00,0.05,0.00,0.00,8.63,29.20,2133.20,1881.60,0.00,0.00,0.00,16.00,16513.80,0.00,77503.00,0.00,0.00,0.00,0.00,1.20,0.00,1.20,0.00,32.00,13710608,0,2722532,16.57,25088,1647752,2082064,12.67,1462640,1053828,436776,843628,86848,2864,6580,31404,0,0,0.00,0,0.00,8,346,4.36,3.73,3.62,0,1.20,0.00,32.00,26.67,0.00,0.00,0.00,0.00,27.60,30.00,4.89,4.59,0.00,0.00,0.00,0.00
2018-01-06 06:47:24,96.75,0.00,3.10,0.00,0.00,0.00,0.05,0.00,0.00,0.10,13.60,2638.20,1629.40,0.00,0.00,0.00,516.00,9310.60,0.00,5424.00,0.00,0.00,0.00,0.00,4.60,0.00,4.60,0.00,1032.00,13223320,0,3209820,19.53,25104,1648264,2163692,13.17,1942072,1056364,435260,1325180,87468,3192,8040,31404,0,0,0.00,0,0.00,13,396,4.81,3.84,3.65,0,4.60,0.00,1032.00,224.35,0.01,2.43,0.35,0.16,155.40,111.00,1172.18,9.32,0.00,0.00,0.00,0.10
2018-01-06 06:47:29,84.41,0.00,1.51,0.00,0.05,0.00,0.45,0.00,0.00,13.58,0.00,3463.20,2846.20,0.00,0.00,0.00,3274.40,147.20,0.00,6013.00,0.00,0.00,0.00,0.00,35.20,0.00,35.20,0.00,6548.80,13200492,0,3232648,19.67,25116,1648316,2163692,13.17,1949904,1072472,418968,1349024,87828,3280,8136,31404,0,0,0.00,0,0.00,6,396,4.67,3.82,3.65,0,35.20,0.00,6548.80,186.05,0.11,3.25,0.27,0.96,925.00,528.00,7535.23,1852.01,0.00,0.00,0.00,0.62
2018-01-06 06:47:34,84.70,0.00,1.30,11.79,0.10,0.00,0.00,0.00,0.00,2.11,0.00,1110.40,2007.60,0.00,0.00,2.40,83620.80,33.80,0.00,107.40,0.00,0.00,0.00,0.00,650.20,0.60,649.60,4.80,165528.00,13164960,0,3268180,19.89,25124,1684792,2163692,13.17,1986492,1072504,37524,1349328,87912,3256,8136,31404,0,0,0.00,0,0.00,3,393,4.77,3.86,3.66,0,650.40,4.80,165579.20,254.59,98.80,150.12,1.08,70.40,6.80,10.60,0.67,2.59,0.00,0.00,0.00,0.00
2018-01-06 06:47:39,80.79,0.00,1.66,0.00,0.05,0.00,0.20,0.00,0.00,17.30,0.00,2496.80,2142.80,0.00,0.00,0.00,12.00,110.40,0.00,121.60,0.00,0.00,0.00,0.00,7.40,0.00,7.40,0.00,1737.60,13080040,0,3353100,20.40,25132,1769268,2163692,13.17,2072748,1072548,121976,1351004,87728,3256,8136,31404,0,0,0.00,0,0.00,5,393,4.63,3.84,3.66,0,7.20,0.00,1686.40,234.22,0.15,182.11,1.22,0.88,6.80,10.80,0.70,3.10,0.00,0.00,0.00,0.00
2018-01-06 06:47:44,83.41,0.00,0.75,0.00,0.00,0.00,0.05,0.00,0.00,15.79,0.00,986.60,1267.40,0.00,0.00,0.00,8.00,14.40,0.00,50.80,0.00,0.00,0.00,0.00,0.40,0.00,0.40,0.00,16.00,13013316,0,3419824,20.81,25140,1836324,2163692,13.17,2139280,1072568,189032,1351072,87792,3256,8136,31404,0,0,0.00,0,0.00,3,393,4.74,3.88,3.67,0,0.40,0.00,16.00,40.00,0.00,0.00,0.00,0.00,6.60,10.40,0.68,2.90,0.00,0.00,0.00,0.00
2018-01-06 06:47:49,76.11,0.00,1.21,0.05,0.05,0.00,0.15,0.00,0.00,22.43,0.00,1746.00,1780.20,0.00,0.00,0.00,93.60,41.20,0.00,1252.40,0.00,0.00,0.00,0.00,10.00,0.00,10.00,0.00,187.20,12905044,0,3528096,21.47,25148,1911964,2163692,13.17,2243448,1075536,270232,1381988,88084,3256,8196,31404,0,0,0.00,0,0.00,4,393,5.00,3.95,3.69,0,10.00,0.00,187.20,18.72,0.02,2.40,0.24,0.24,168.40,287.40,918.67,1839.06,0.00,0.00,0.00,0.15
2018-01-06 06:47:54,79.40,0.00,2.11,0.00,0.05,0.00,0.05,0.00,0.00,18.39,2.40,1125.20,1462.60,0.00,0.00,0.00,136.80,113.40,0.00,1430.80,0.00,0.00,0.00,0.00,3.60,0.00,3.60,0.00,273.60,12765576,0,3667564,22.32,25156,2047292,2163692,13.17,2374460,1080968,418144,1383428,91200,3304,8220,31404,0,0,0.00,0,0.00,3,399,4.84,3.93,3.69,0,3.60,0.00,273.60,76.00,0.00,0.00,0.00,0.00,182.40,467.60,466.51,3663.19,0.00,0.00,0.00,0.30
2018-01-06 06:47:59,74.32,0.00,1.71,0.00,0.00,0.00,0.00,0.00,0.00,23.97,0.00,1193.21,1362.67,0.00,0.00,0.00,19.16,18.16,0.00,47.90,0.00,0.00,0.00,0.00,0.60,0.00,0.60,0.00,38.32,12608076,0,3825064,23.28,25164,2200552,2163692,13.17,2527948,1081140,571444,1383492,94908,3304,8220,31404,0,0,0.00,0,0.00,3,399,4.69,3.92,3.68,0,0.60,0.00,38.32,64.00,0.00,0.00,0.00,0.00,7.19,10.78,0.71,2.93,0.00,0.00,0.00,0.00
2018-01-06 06:48:04,85.10,0.00,3.64,0.20,0.05,0.00,0.30,0.00,0.00,10.71,19.00,2075.00,2376.60,0.00,0.00,0.00,13583.20,11973.20,0.00,47355.00,0.00,0.00,0.00,0.00,112.80,0.00,112.80,0.00,27166.40,12961508,0,3471632,21.13,25180,2052788,2153596,13.11,2139624,1116768,357016,1178560,93856,3152,7628,31404,0,0,0.00,0,0.00,5,392,4.72,3.93,3.69,0,112.80,0.00,27166.40,240.84,2.24,19.87,0.31,3.52,1784.60,850.60,12840.08,3690.58,0.00,0.00,0.00,1.05
2018-01-06 06:48:09,71.69,0.00,2.53,0.05,0.10,0.00,0.20,0.00,0.00,25.43,14.20,2500.60,2730.20,0.00,0.00,0.00,4158.40,8195.20,0.00,30184.60,0.00,0.00,0.00,0.00,33.80,0.00,33.80,0.00,8316.80,12968596,0,3464544,21.08,25196,1956392,2156484,13.12,2103888,1146296,280600,1268592,92880,3272,7812,31404,0,0,0.00,0,0.00,1,406,4.58,3.92,3.69,0,33.80,0.00,8316.80,246.06,0.16,4.85,0.31,1.04,1476.20,643.40,11454.22,1863.17,0.00,0.00,0.00,0.94
2018-01-06 06:48:14,40.26,0.00,0.76,0.00,0.05,0.00,0.25,0.00,0.00,58.68,0.00,1705.60,2040.00,0.00,0.00,0.00,15.20,62.60,0.00,6446.60,0.00,0.00,0.00,0.00,0.60,0.00,0.60,0.00,30.40,12856388,0,3576752,21.77,25208,1992548,2156484,13.12,2215444,1146676,316432,1344712,92856,3360,8128,31404,0,0,0.00,0,0.00,7,406,4.37,3.89,3.68,0,0.60,0.00,30.40,50.67,0.00,1.33,1.33,0.08,1457.20,961.60,12426.80,66.84,0.00,0.00,0.00,1.02
2018-01-06 06:48:19,97.30,0.00,2.50,0.00,0.00,0.00,0.15,0.00,0.00,0.05,0.00,1861.00,1818.80,0.00,0.00,0.00,1389.60,87.20,0.00,2612.60,0.00,0.00,0.00,0.00,12.40,0.00,12.40,0.00,2779.20,12668200,0,3764940,22.91,25216,2171940,2156484,13.12,2393516,1156520,494892,1353716,93280,3352,8144,31404,0,0,0.00,0,0.00,5,405,4.34,3.89,3.68,0,12.40,0.00,2779.20,224.13,0.06,5.16,0.45,0.56,551.20,622.00,4054.67,3224.10,0.00,0.00,0.00,0.33
2018-01-06 06:48:24,59.24,0.00,1.66,0.05,0.10,0.00,0.15,0.00,0.00,38.81,0.00,1133.20,1584.80,0.00,0.00,0.00,8584.80,13.40,0.00,1992.20,0.00,0.00,0.00,0.00,40.20,0.00,40.20,0.00,9905.60,12558392,0,3874748,23.58,25224,2276052,2156484,13.12,2472340,1182452,575256,1353732,96512,3352,8144,31404,0,0,0.00,0,0.00,1,404,4.40,3.91,3.69,1,40.60,0.00,10008.00,246.50,0.59,5.30,0.35,1.44,249.80,1106.20,18.18,9314.76,0.00,0.00,0.00,0.76
2018-01-06 06:48:29,28.19,0.00,0.66,7.16,0.05,0.00,0.00,0.00,0.00,63.94,0.80,1253.60,1708.20,0.00,0.00,1.60,45946.40,68.20,0.00,220.20,0.00,0.00,0.00,0.00,390.00,0.40,389.60,3.20,99156.80,12502016,0,3931124,23.92,25236,2322552,2172740,13.22,2526656,1185324,392232,1364260,97364,3360,8168,31404,0,0,0.00,0,0.00,1,407,4.20,3.88,3.68,0,389.60,3.20,99054.40,254.25,48.87,126.41,0.93,36.16,18.20,57.20,2.02,305.89,0.00,0.00,0.00,0.03
2018-01-06 06:48:34,25.89,0.00,0.96,0.00,0.05,0.00,0.05,0.00,0.00,73.05,0.00,992.60,1093.00,0.00,0.00,0.00,53.60,15.40,0.00,205.80,0.00,0.00,0.00,0.00,4.20,0.00,4.20,0.00,107.20,12421308,0,4011832,24.41,25244,2401848,2172740,13.22,2606040,1185340,471400,1364516,99224,3360,8172,31404,0,0,0.00,0,0.00,1,406,3.95,3.83,3.66,0,4.20,0.00,107.20,25.52,0.00,0.00,0.00,0.00,46.20,52.40,4.92,8.26,0.00,0.00,0.00,0.00
2018-01-06 06:48:39,37.99,0.00,1.16,0.05,0.10,0.00,0.00,0.00,0.00,60.70,10.40,1382.40,1794.00,0.00,0.00,0.00,5098.40,6281.00,0.00,22438.60,0.00,0.00,0.00,0.00,45.80,0.00,45.80,0.00,10196.80,12510204,0,3922936,23.87,25264,2311100,2158548,13.14,2493540,1208216,357568,1367492,98088,3320,7960,31404,0,0,0.00,0,0.00,2,405,3.71,3.78,3.65,0,45.80,0.00,10196.80,222.64,0.13,2.92,0.31,1.44,332.80,464.80,24.72,3668.16,0.00,0.00,0.00,0.30
2018-01-06 06:48:44,42.71,0.00,1.66,0.00,0.10,0.00,0.00,0.00,0.00,55.52,16.80,1705.40,1978.20,0.00,0.00,1.60,1291.20,7983.80,0.00,29185.20,0.00,0.00,0.00,0.00,16.80,0.40,16.40,3.20,2582.40,12720684,0,3712456,22.59,25284,2318788,2146468,13.06,2284344,1210028,363008,1150472,98316,3352,7368,31404,0,0,0.00,0,0.00,1,393,3.65,3.77,3.65,0,16.80,3.20,2582.40,153.90,0.05,3.10,0.33,0.56,110.40,192.00,11.43,1162.68,0.00,0.00,0.00,0.10
2018-01-06 06:48:49,43.06,0.00,1.97,9.74,0.10,0.00,0.05,0.00,0.00,45.08,10.80,1456.60,2195.80,0.00,0.00,1.60,55703.20,7907.40,0.00,17505.60,0.00,0.00,0.00,0.00,436.40,0.40,436.00,3.20,111406.40,12624824,0,3808316,23.17,25300,2324472,2153268,13.10,2371968,1215712,90248,1239864,98212,3352,7704,31404,0,0,0.00,0,0.00,3,394,3.60,3.76,3.64,0,436.40,3.20,111406.40,255.29,52.06,119.29,1.00,43.52,189.80,157.40,1380.74,14.26,0.00,0.00,0.00,0.11
2018-01-06 06:48:54,44.85,0.00,1.36,0.05,0.05,0.00,0.00,0.00,0.00,53.69,11.20,1402.60,1740.60,0.00,0.00,0.00,52.80,8416.80,0.00,18371.40,0.00,0.00,0.00,0.00,2.00,0.00,2.00,0.00,105.60,12592616,0,3840524,23.37,25320,2330252,2143588,13.04,2405832,1215792,96108,1266248,97960,3272,7880,31404,0,0,0.00,0,0.00,2,399,3.55,3.74,3.64,0,2.00,0.00,105.60,52.80,0.00,0.00,0.00,0.00,168.20,102.20,1159.38,10.68,0.00,0.00,0.00,0.09
2018-01-06 06:48:59,41.64,0.00,1.76,0.00,0.10,0.00,0.05,0.00,0.00,56.45,12.20,1432.40,1735.80,0.00,0.00,0.80,39.20,6569.20,0.00,16043.00,0.00,0.00,0.00,0.00,1.40,0.20,1.20,1.60,78.40,12476520,0,3956620,24.08,25336,2336160,2158772,13.14,2521288,1215940,102060,1375744,98204,3328,7988,31404,0,0,0.00,0,0.00,2,405,3.59,3.75,3.64,0,1.40,1.60,78.40,57.14,0.00,0.57,0.57,0.08,38.60,46.60,6.17,7.34,0.00,0.00,0.00,0.00
2018-01-06 06:49:04,40.10,0.00,1.27,0.76,0.15,0.00,0.10,0.00,0.00,57.62,15.20,1708.20,2489.20,0.00,0.00,1.60,18006.40,7554.40,0.00,19295.40,0.00,0.00,0.00,0.00,143.00,0.40,142.60,3.20,36012.80,12479080,0,3954060,24.06,25356,2316836,2437692,14.83,2486320,1245432,23804,1391404,97128,3360,8196,31404,0,0,0.00,0,0.00,1,407,3.30,3.68,3.62,0,143.00,3.20,36012.80,251.86,4.29,29.98,0.30,4.24,340.00,1457.60,26.78,12228.29,0.00,0.00,0.00,1.00
2018-01-06 06:49:09,42.59,0.00,1.97,0.00,0.10,0.00,0.25,0.00,0.00,55.09,6.40,1711.40,2599.40,0.00,0.00,0.80,70.40,4706.80,0.00,32845.80,0.00,0.00,0.00,0.00,3.00,0.20,2.80,1.60,140.80,12484588,0,3948552,24.03,25372,2291288,2217592,13.49,2427928,1303172,60448,1414496,94932,3384,8272,31404,0,0,0.00,0,0.00,1,408,3.12,3.64,3.61,0,3.00,1.60,140.80,47.47,0.00,0.00,0.00,0.00,2642.00,2962.40,18580.27,20638.65,0.00,0.00,0.00,1.69
2018-01-06 06:49:14,16.42,0.00,0.55,0.05,0.00,0.00,0.00,0.00,0.00,82.97,0.00,661.40,715.40,0.00,0.00,0.00,2356.80,16.40,0.00,622.60,0.00,0.00,0.00,0.00,26.40,0.00,26.40,0.00,4713.60,12423244,0,4009896,24.40,25380,2343720,2217592,13.49,2477308,1311792,105412,1422060,96108,3376,8288,31404,0,0,0.00,0,0.00,1,408,2.95,3.60,3.59,0,26.40,0.00,4713.60,178.55,0.19,7.18,0.24,0.64,39.40,305.40,3.31,2523.68,0.00,0.00,0.00,0.21
2018-01-06 06:49:19,1.26,0.00,0.15,0.05,0.00,0.00,0.00,0.00,0.00,98.54,0.00,773.40,662.00,0.00,0.00,0.00,50.40,13.60,0.00,1884.80,0.00,0.00,0.00,0.00,1.80,0.00,1.80,0.00,100.80,12430564,0,4002576,24.36,25388,2336288,2217592,13.49,2461000,1322020,105068,1421512,95904,3376,8288,31404,0,0,0.00,0,0.00,0,408,2.71,3.54,3.57,0,1.80,0.00,100.80,56.00,0.00,0.00,0.00,0.00,360.20,580.80,1839.55,3697.04,0.00,0.00,0.00,0.30
2018-01-06 06:49:24,42.17,0.00,1.10,0.00,0.00,0.00,0.00,0.00,0.00,56.73,3.20,1014.20,1011.00,0.00,0.00,0.00,1184.00,635.60,0.00,2190.00,0.00,0.00,0.00,0.00,11.20,0.00,11.20,0.00,2368.00,12302120,0,4131020,25.14,25404,2428884,2210320,13.45,2589092,1322376,192148,1457400,97456,3128,8304,31404,0,0,0.00,0,0.00,9,388,2.49,3.48,3.56,0,11.20,0.00,2368.00,211.43,0.20,17.43,1.29,1.44,226.40,164.20,1831.58,14.97,0.00,0.00,0.00,0.15
2018-01-06 06:49:29,97.90,0.00,2.00,0.00,0.00,0.00,0.10,0.00,0.00,0.00,3.40,3075.60,1781.80,0.00,0.00,0.00,26.40,12474.60,0.00,10131.00,0.00,0.00,0.00,0.00,1.40,0.00,1.40,0.00,52.80,12193224,0,4239916,25.80,25412,2436136,2211684,13.46,2672360,1346188,211516,1557224,97944,3352,8588,31404,0,0,0.00,0,0.00,5,405,3.42,3.65,3.61,0,1.40,0.00,52.80,37.71,0.00,0.57,0.57,0.08,83.80,432.20,5.97,3665.08,0.00,0.00,0.00,0.30
2018-01-06 06:49:34,97.10,0.00,2.35,0.00,0.00,0.00,0.45,0.00,0.00,0.10,1.40,5718.40,2223.40,0.00,0.00,0.00,1163.20,229.40,0.00,4432.00,0.00,0.00,0.00,0.00,10.20,0.00,10.20,0.00,2326.40,12128816,0,4304324,26.19,25420,2524500,2211684,13.46,2652240,1429512,294076,1532200,99960,3408,8572,31404,0,0,0.00,0,0.00,7,411,3.62,3.69,3.62,0,10.20,0.00,2326.40,228.08,0.08,7.61,0.39,0.40,6.00,8.60,0.48,2.29,0.00,0.00,0.00,0.00
2018-01-06 06:49:39,97.45,0.00,2.30,0.00,0.00,0.00,0.25,0.00,0.00,0.00,0.00,5540.80,2023.60,0.00,0.00,0.80,18696.00,112.40,0.00,2859.60,0.00,0.00,0.00,0.00,150.80,0.20,150.60,1.60,37392.00,12043680,0,4389460,26.71,25428,2614400,2211684,13.46,2649384,1514300,290604,1524588,102256,3376,8568,31404,0,0,0.00,0,0.00,4,408,3.65,3.70,3.63,0,150.80,1.60,37392.00,247.97,5.60,37.11,0.29,4.40,6.20,9.40,0.50,2.43,0.00,0.00,0.00,0.00
2018-01-06 06:49:44,97.55,0.00,2.30,0.00,0.00,0.00,0.15,0.00,0.00,0.00,0.00,5615.20,1940.40,0.00,0.00,0.00,56.00,47.80,0.00,2338.60,0.00,0.00,0.00,0.00,6.40,0.00,6.40,0.00,112.00,11950596,0,4482544,27.28,25436,2705728,2211684,13.46,2654624,1600720,381736,1524736,104596,3376,8568,31404,0,0,0.00,0,0.00,4,408,3.68,3.70,3.63,0,6.40,0.00,112.00,17.50,0.00,0.00,0.00,0.00,6.40,9.40,0.53,2.73,0.00,0.00,0.00,0.00
2018-01-06 06:49:49,97.95,0.00,1.80,0.00,0.00,0.00,0.20,0.00,0.00,0.05,0.00,5348.60,1926.60,0.00,0.00,0.00,11.20,46.40,0.00,2333.40,0.00,0.00,0.00,0.00,0.80,0.00,0.80,0.00,22.40,11857124,0,4576016,27.85,25444,2796508,2211684,13.46,2659584,1686608,472524,1524868,106768,3376,8568,31404,0,0,0.00,0,0.00,4,408,3.79,3.72,3.64,0,0.80,0.00,22.40,28.00,0.00,0.00,0.00,0.00,5.40,7.80,0.44,2.24,0.00,0.00,0.00,0.00
2018-01-06 06:49:54,97.35,0.00,2.30,0.00,0.00,0.00,0.30,0.00,0.00,0.05,0.20,5722.40,1894.60,0.00,0.00,0.00,18713.60,56.00,0.00,2335.80,0.00,0.00,0.00,0.00,148.20,0.00,148.20,0.00,37427.20,11764724,0,4668416,28.41,25452,2887188,2211684,13.46,2664664,1771980,469724,1525140,109172,3384,8572,31404,0,0,0.00,0,0.00,5,409,3.96,3.76,3.65,0,148.20,0.00,37427.20,252.55,5.74,38.72,0.30,4.40,7.40,10.40,0.62,2.55,0.00,0.00,0.00,0.00
2018-01-06 06:49:59,97.35,0.00,2.35,0.00,0.00,0.00,0.25,0.00,0.00,0.05,3.00,5837.40,2170.60,0.00,0.00,1.60,37168.80,121.40,0.00,2343.80,0.00,0.00,0.00,0.00,263.00,0.40,262.60,3.20,66860.80,11673124,0,4760016,28.97,25460,2976224,2211684,13.46,2670692,1855224,373004,1525636,111688,3408,8572,31404,0,0,0.00,0,0.00,5,412,3.97,3.77,3.65,1,263.00,3.20,66860.80,254.24,23.67,78.42,0.63,16.56,11.80,18.00,1.29,4.25,0.00,0.00,0.00,0.00
2018-01-06 06:50:04,97.05,0.00,2.65,0.00,0.00,0.00,0.25,0.00,0.00,0.05,0.00,5752.00,2091.80,0.00,0.00,1.60,68556.00,86.40,0.00,2295.60,0.00,0.00,0.00,0.00,565.80,0.40,565.40,3.20,144588.80,11581028,0,4852112,29.53,25472,3064276,2211684,13.46,2677672,1937740,118508,1526620,114132,3408,8572,31404,0,0,0.00,0,0.00,4,412,4.05,3.79,3.66,0,565.80,3.20,144588.80,255.55,110.56,200.79,1.39,78.88,5.80,8.20,0.47,2.20,0.00,0.00,0.00,0.00
2018-01-06 06:50:09,97.00,0.00,2.90,0.00,0.00,0.00,0.10,0.00,0.00,0.00,0.00,5847.20,1820.20,0.00,0.00,0.00,10.40,45.00,0.00,2341.80,0.00,0.00,0.00,0.00,0.60,0.00,0.60,0.00,20.80,11488296,0,4944844,30.09,25480,3155176,2211684,13.46,2684112,2021764,209412,1526336,116668,3368,8572,31404,0,0,0.00,0,0.00,5,406,4.05,3.79,3.66,0,0.60,0.00,20.80,34.67,0.00,1.33,1.33,0.08,6.80,10.40,0.55,2.64,0.00,0.00,0.00,0.00
2018-01-06 06:50:14,97.10,0.00,2.60,0.00,0.00,0.00,0.30,0.00,0.00,0.00,0.00,5806.20,1967.20,0.00,0.00,0.00,16.00,42.60,0.00,4726.40,0.00,0.00,0.00,0.00,0.80,0.00,0.80,0.00,32.00,11418484,0,5014656,30.52,25488,3221516,2211684,13.46,2654696,2118332,299356,1526332,118988,3360,8572,31404,0,0,0.00,0,0.00,4,406,4.04,3.79,3.66,0,0.80,0.00,32.00,40.00,0.00,0.00,0.00,0.00,302.00,860.00,21.09,7427.99,0.00,0.00,0.00,0.61
2018-01-06 06:50:19,97.30,0.00,2.60,0.00,0.00,0.00,0.10,0.00,0.00,0.00,0.00,5795.40,1778.80,0.00,0.00,0.00,12.80,42.20,0.00,3031.40,0.00,0.00,0.00,0.00,0.60,0.00,0.60,0.00,25.60,11333560,0,5099580,31.03,25496,3304664,2211684,13.46,2642528,2212996,390448,1526356,120652,3360,8572,31404,0,0,0.00,0,0.00,4,406,4.20,3.83,3.67,0,0.60,0.00,25.60,42.67,0.00,0.00,0.00,0.00,77.40,425.60,5.25,3661.13,0.00,0.00,0.00,0.30
2018-01-06 06:50:24,93.93,0.00,2.91,0.00,0.05,0.00,0.30,0.00,0.00,2.81,8.80,5457.40,1928.20,0.00,0.00,0.00,51.20,3813.80,0.00,28369.40,0.00,0.00,0.00,0.00,3.60,0.00,3.60,0.00,102.40,11675644,0,4757496,28.95,25508,3155908,2129516,12.96,2229692,2288232,471120,1336852,118416,3240,8052,31404,0,0,0.00,0,0.00,7,383,4.26,3.85,3.68,0,3.60,0.00,102.40,28.44,0.00,0.22,0.22,0.08,19.00,22.60,2.49,5.06,0.00,0.00,0.00,0.00
2018-01-06 06:50:29,92.59,0.00,4.41,0.00,0.00,0.00,0.55,0.00,0.00,2.45,26.00,2873.60,3375.40,0.00,0.00,2.40,44328.00,19560.20,0.00,77321.00,0.00,0.00,0.00,0.00,320.40,0.60,319.80,4.80,81539.20,12230156,0,4202984,25.58,25544,2854840,2142944,13.04,1611080,2357800,253800,1088648,112056,3056,7276,31404,0,0,0.00,0,0.00,7,362,4.32,3.87,3.69,1,320.40,4.80,81539.20,254.51,34.38,98.16,0.77,24.56,2847.00,3345.20,19509.58,24908.47,0.00,0.00,0.00,2.04
2018-01-06 06:50:34,94.50,0.00,4.50,0.00,0.00,0.00,0.90,0.00,0.00,0.10,10.80,2940.80,4460.60,0.00,0.00,2.40,50576.00,4276.80,0.00,39151.40,0.00,0.00,0.00,0.00,424.80,0.60,424.20,4.80,108268.80,11869312,0,4563828,27.77,25564,2857944,2255900,13.73,1863716,2471836,109128,1452852,107532,3288,8348,31404,0,0,0.00,0,0.00,5,397,4.78,3.97,3.72,0,424.80,4.80,108268.80,254.88,81.84,199.54,1.39,59.04,7088.40,5011.60,55895.23,33576.76,0.00,0.00,0.00,4.58
2018-01-06 06:50:39,97.70,0.00,2.25,0.05,0.00,0.00,0.00,0.00,0.00,0.00,1.00,756.80,1257.80,0.00,0.00,0.00,10.40,639.80,0.00,1050.20,0.00,0.00,0.00,0.00,0.40,0.00,0.40,0.00,20.80,11569252,0,4863888,29.60,25572,3100856,2285388,13.91,2159000,2471896,352040,1505264,110064,3272,8456,31404,0,0,0.00,0,0.00,7,400,4.71,3.97,3.72,0,0.40,0.00,20.80,52.00,0.00,0.00,0.00,0.00,9.40,14.60,1.06,3.47,0.00,0.00,0.00,0.00
2018-01-06 06:50:44,97.65,0.00,2.30,0.00,0.00,0.00,0.05,0.00,0.00,0.00,4.80,1955.00,1621.20,0.00,0.00,0.00,16.00,8411.60,0.00,6852.40,0.00,0.00,0.00,0.00,0.40,0.00,0.40,0.00,32.00,11386812,0,5046328,30.71,25580,3214584,2279536,13.87,2331504,2479092,465776,1570468,113656,3320,8568,31404,0,0,0.00,0,0.00,14,404,4.90,4.02,3.74,0,0.40,0.00,32.00,80.00,0.00,0.00,0.00,0.00,313.40,150.60,2529.89,13.80,0.00,0.00,0.00,0.21
2018-01-06 06:50:49,97.85,0.00,1.90,0.00,0.00,0.00,0.20,0.00,0.00,0.05,2.00,4643.20,1722.80,0.00,0.00,0.00,8.80,5636.40,0.00,7018.00,0.00,0.00,0.00,0.00,0.40,0.00,0.40,0.00,17.60,11320220,0,5112920,31.11,25588,3258788,2279536,13.87,2337488,2538000,519772,1592048,114380,3416,8652,31404,0,0,0.00,0,0.00,7,414,5.23,4.10,3.77,0,0.40,0.00,17.60,44.00,0.00,2.00,2.00,0.08,100.60,427.60,6.82,3661.93,0.00,0.00,0.00,0.30
2018-01-06 06:50:54,97.70,0.00,1.95,0.00,0.00,0.00,0.30,0.00,0.00,0.05,0.20,5772.40,1814.60,0.00,0.00,0.00,16.00,205.20,0.00,3549.20,0.00,0.00,0.00,0.00,1.00,0.00,1.00,0.00,32.00,11238968,0,5194172,31.61,25596,3348940,2279536,13.87,2331596,2623340,609896,1581236,116704,3416,8656,31404,0,0,0.00,0,0.00,6,411,5.45,4.17,3.79,0,1.00,0.00,32.00,32.00,0.00,0.00,0.00,0.00,6.80,10.20,0.54,2.48,0.00,0.00,0.00,0.00
2018-01-06 06:50:59,97.30,0.00,2.35,0.00,0.00,0.00,0.30,0.00,0.00,0.05,0.00,5531.80,2265.60,0.00,0.00,0.00,183.20,49.40,0.00,2343.00,0.00,0.00,0.00,0.00,22.80,0.00,22.80,0.00,366.40,11144912,0,5288228,32.18,25604,3440444,2279536,13.87,2336948,2709980,700712,1581388,119252,3400,8660,31404,0,0,0.00,0,0.00,5,411,5.33,4.16,3.79,0,22.80,0.00,366.40,16.07,0.06,2.60,0.11,0.24,6.40,8.80,0.52,2.39,0.00,0.00,0.00,0.00
2018-01-06 06:51:04,97.15,0.00,2.60,0.00,0.00,0.00,0.25,0.00,0.00,0.00,0.00,5294.80,2650.60,0.00,0.00,0.80,37671.20,67.40,0.00,2351.80,0.00,0.00,0.00,0.00,296.80,0.20,296.60,1.60,75342.40,11051616,0,5381524,32.75,25616,3531012,2279536,13.87,2342392,2795432,603056,1581868,121796,3400,8664,31404,0,0,0.00,0,0.00,5,411,5.23,4.16,3.79,0,296.80,1.60,75342.40,253.85,29.70,100.09,0.77,22.72,6.80,9.40,0.55,2.65,0.00,0.00,0.00,0.00
2018-01-06 06:51:09,97.40,0.00,2.30,0.00,0.00,0.00,0.20,0.00,0.00,0.10,0.80,5439.40,2590.00,0.00,0.00,1.60,41127.20,153.20,0.00,2366.20,0.00,0.00,0.00,0.00,322.40,0.40,322.00,3.20,82254.40,10958460,0,5474680,33.31,25632,3619820,2279536,13.87,2348048,2879620,486080,1582732,124376,3408,8664,31404,0,0,0.00,0,0.00,7,413,5.13,4.16,3.80,0,322.40,3.20,82254.40,255.14,30.33,94.08,0.77,24.96,7.60,10.40,0.64,2.55,0.00,0.00,0.00,0.00
2018-01-06 06:51:14,97.05,0.00,2.80,0.00,0.00,0.00,0.10,0.00,0.00,0.05,1.20,5780.00,1865.40,0.00,0.00,0.00,9895.20,74.80,0.00,2369.80,0.00,0.00,0.00,0.00,48.40,0.00,48.40,0.00,12318.40,10864408,0,5568732,33.89,25640,3711260,2279536,13.87,2353832,2965532,528128,1583244,126908,3440,8664,31404,0,0,0.00,0,0.00,5,416,5.12,4.17,3.80,1,48.40,0.00,12318.40,254.51,5.12,27.80,0.73,3.52,13.20,18.40,1.27,26.18,0.00,0.00,0.00,0.00
2018-01-06 06:51:19,96.60,0.00,3.00,0.00,0.00,0.00,0.40,0.00,0.00,0.00,1.80,5733.60,3138.40,0.00,0.00,3.20,107042.40,102.60,0.00,4747.20,0.00,0.00,0.00,0.00,837.60,0.80,836.80,6.40,213876.80,10797740,0,5635400,34.29,25664,3775976,2279536,13.87,2323788,3060736,81624,1583660,128500,3440,8664,31404,0,0,0.00,0,0.00,5,416,5.11,4.19,3.81,1,837.60,6.40,213876.80,255.35,139.22,161.33,1.19,100.00,301.60,859.20,21.07,7436.60,0.00,0.00,0.00,0.61
2018-01-06 06:51:24,97.05,0.00,2.65,0.00,0.00,0.00,0.30,0.00,0.00,0.00,0.00,5631.80,2017.60,0.00,0.00,0.00,1988.80,37.80,0.00,2334.80,0.00,0.00,0.00,0.00,46.00,0.00,46.00,0.00,11657.60,10704700,0,5728440,34.86,25680,3866888,2279536,13.87,2330344,3144988,162668,1583612,131036,3432,8664,31404,0,0,0.00,0,0.00,6,415,5.02,4.18,3.81,0,46.00,0.00,11657.60,253.43,6.16,304.97,1.37,6.32,7.00,10.20,0.57,2.79,0.00,0.00,0.00,0.00
2018-01-06 06:51:29,96.95,0.00,2.65,0.00,0.00,0.00,0.35,0.00,0.00,0.05,0.00,5386.20,2263.20,0.00,0.00,2392.00,16.00,44.00,0.00,4287.40,0.00,0.00,0.00,0.00,20.00,19.40,0.60,4784.00,32.00,10628032,0,5805108,35.33,25688,3939848,2279536,13.87,2318808,3229988,252648,1583828,133140,3392,8664,31404,0,0,0.00,0,0.00,5,410,5.02,4.20,3.82,0,20.00,4784.00,32.00,240.80,0.05,2.40,0.32,0.64,81.40,427.00,5.52,3660.48,0.00,0.00,0.00,0.30
2018-01-06 06:51:34,97.10,0.00,2.55,0.00,0.00,0.00,0.25,0.00,0.00,0.10,0.00,5776.60,1798.20,0.00,0.00,0.00,72.80,47.80,0.00,2344.20,0.00,0.00,0.00,0.00,8.80,0.00,8.80,0.00,145.60,10536400,0,5896740,35.88,25696,4030552,2279536,13.87,2324868,3314320,343124,1583696,135592,3368,8664,31404,0,0,0.00,0,0.00,4,407,5.10,4.23,3.83,0,8.80,0.00,145.60,16.55,0.00,0.00,0.00,0.00,5.80,8.20,0.47,2.27,0.00,0.00,0.00,0.00
2018-01-06 06:51:39,97.60,0.00,2.15,0.00,0.00,0.00,0.25,0.00,0.00,0.00,0.20,5760.20,1606.00,0.00,0.00,0.00,48.80,50.60,0.00,2348.00,0.00,0.00,0.00,0.00,1.60,0.00,1.60,0.00,97.60,10442420,0,5990720,36.46,25704,4121984,2279536,13.87,2331308,3399024,434392,1583824,138124,3368,8664,31404,0,0,0.00,0,0.00,4,408,5.01,4.22,3.83,0,1.60,0.00,97.60,61.00,0.00,0.50,0.50,0.08,8.00,11.20,0.67,2.76,0.00,0.00,0.00,0.00
2018-01-06 06:51:44,39.64,0.00,2.01,0.00,0.10,0.00,0.10,0.00,0.00,58.15,11.60,3155.60,1763.60,0.00,0.00,0.00,40.00,1446.00,0.00,80593.20,0.00,0.00,0.00,0.00,0.80,0.00,0.80,0.00,80.00,11977340,0,4455800,27.11,25716,3720092,976512,5.94,769016,3435528,474036,458740,131988,2336,4948,31404,0,0,0.00,0,0.00,0,278,4.85,4.20,3.82,0,0.80,0.00,80.00,100.00,0.00,0.00,0.00,0.00,27.60,32.80,3.18,7.19,0.00,0.00,0.00,0.00
2018-01-06 06:51:49,0.05,0.00,0.05,0.95,0.05,0.00,0.00,0.00,0.00,98.90,0.00,276.80,363.40,0.00,0.00,0.80,23703.20,68.20,0.00,132.40,0.00,0.00,0.00,0.00,185.60,0.20,185.40,1.60,47406.40,11978752,0,4454388,27.11,25720,3720132,976512,5.94,768216,3435548,355704,457916,131932,2320,4684,31404,0,0,0.00,0,0.00,0,276,4.46,4.13,3.80,0,185.60,1.60,47406.40,255.43,7.17,38.61,0.33,6.16,5.80,6.80,0.46,1.12,0.00,0.00,0.00,0.00
2018-01-06 06:51:54,0.05,0.00,0.15,12.87,0.10,0.00,0.00,0.00,0.00,86.83,0.00,293.40,731.80,0.00,0.00,3.20,71066.40,7.80,0.00,36.40,0.00,0.00,0.00,0.00,557.60,0.80,556.80,6.40,142132.80,11978768,0,4454372,27.11,25744,3720188,976512,5.94,768272,3435572,452,457916,131908,2320,4684,31404,0,0,0.00,0,0.00,0,276,4.18,4.08,3.79,0,557.60,6.40,142132.80,254.91,79.74,143.01,1.03,57.68,4.80,6.20,0.37,1.15,0.00,0.00,0.00,0.00
2018-01-06 06:51:59,0.05,0.00,0.00,0.05,0.00,0.00,0.00,0.00,0.00,99.90,0.00,252.80,166.00,0.00,0.00,0.00,19.20,9.80,0.00,34.00,0.00,0.00,0.00,0.00,0.60,0.00,0.60,0.00,38.40,11978768,0,4454372,27.11,25752,3720212,976512,5.94,768284,3435592,480,457916,131908,2320,4684,31404,0,0,0.00,0,0.00,0,276,3.85,4.01,3.77,0,0.60,0.00,38.40,64.00,0.00,1.33,1.33,0.08,4.20,5.60,0.33,1.11,0.00,0.00,0.00,0.00
2018-01-06 06:52:04,0.00,0.00,0.00,0.00,0.00,0.00,0.00,0.00,0.00,100.00,0.00,247.60,160.00,0.00,0.00,0.00,21.60,7.80,0.00,33.60,0.00,0.00,0.00,0.00,1.20,0.00,1.20,0.00,43.20,11978692,0,4454448,27.11,25760,3720232,976512,5.94,768284,3435600,432,457916,131860,2320,4684,31404,0,0,0.00,0,0.00,0,276,3.54,3.95,3.75,0,1.20,0.00,43.20,36.00,0.00,0.67,0.67,0.08,4.00,5.20,0.31,1.00,0.00,0.00,0.00,0.00
2018-01-06 06:52:09,0.05,0.00,0.05,0.00,0.00,0.00,0.00,0.00,0.00,99.90,0.40,290.80,218.40,0.00,0.00,0.00,57.60,19.80,0.00,63.40,0.00,0.00,0.00,0.00,7.80,0.00,7.80,0.00,115.20,11978848,0,4454292,27.11,25768,3720272,976512,5.94,768248,3435644,224,457852,131828,2320,4684,31404,0,0,0.00,0,0.00,0,275,3.26,3.88,3.73,0,7.80,0.00,115.20,14.77,0.00,0.10,0.10,0.08,7.80,9.40,2.84,3.69,0.00,0.00,0.00,0.00
2018-01-06 06:52:14,0.05,0.00,0.25,0.00,0.00,0.00,0.00,0.00,0.00,99.70,0.40,274.60,198.00,0.00,0.00,0.00,49.60,14.80,0.00,25363.80,0.00,0.00,0.00,0.00,2.20,0.00,2.20,0.00,99.20,12484024,0,3949116,24.03,25776,3218252,976512,5.94,768120,2933804,356,457920,128700,2320,4684,31404,0,0,0.00,0,0.00,0,276,3.00,3.82,3.71,0,2.20,0.00,99.20,45.09,0.00,0.36,0.36,0.08,15.20,17.20,52.05,56.79,0.00,0.00,0.00,0.00
2018-01-06 06:52:19,90.89,0.00,3.25,0.05,0.05,0.00,0.00,0.00,0.00,5.76,32.40,2458.60,1804.80,0.00,0.00,0.00,41.60,22960.20,0.00,9155.80,0.00,0.00,0.00,0.00,1.00,0.00,1.00,0.00,83.20,11956016,0,4477124,27.24,25808,3218912,2086308,12.70,1292100,2934304,1280,981684,129576,3056,7212,31404,0,0,0.00,0,0.00,10,371,3.48,3.90,3.74,0,1.00,0.00,83.20,83.20,0.00,1.60,0.80,0.08,27.00,29.20,24.75,3.76,0.00,0.00,0.00,0.00
2018-01-06 06:52:24,96.95,0.00,2.80,0.00,0.00,0.00,0.10,0.00,0.00,0.15,8.80,4244.60,1884.80,0.00,0.00,0.00,55.20,2592.60,0.00,1513.00,0.00,0.00,0.00,0.00,1.00,0.00,1.00,0.00,110.40,11501012,0,4932128,30.01,25820,3219404,2135944,13.00,1744392,2934800,1960,1433984,130428,3304,8280,31404,0,0,0.00,0,0.00,5,399,4.08,4.02,3.78,0,1.00,0.00,110.40,110.40,0.00,2.40,0.80,0.08,13.40,18.80,3.93,2.76,0.00,0.00,0.00,0.00
2018-01-06 06:52:29,97.55,0.00,2.10,0.00,0.00,0.00,0.30,0.00,0.00,0.05,0.00,3575.40,1946.80,0.00,0.00,0.00,406.40,97.20,0.00,195.80,0.00,0.00,0.00,0.00,20.40,0.00,20.40,0.00,812.80,11501336,0,4931804,30.01,25832,3219428,2135944,13.00,1744000,2934828,96,1433584,130360,3256,8280,31404,0,0,0.00,0,0.00,5,393,4.63,4.14,3.81,0,20.40,0.00,812.80,39.84,0.02,1.22,0.08,0.16,5.60,8.20,0.45,1.98,0.00,0.00,0.00,0.00
2018-01-06 06:52:34,97.70,0.00,2.25,0.00,0.00,0.00,0.00,0.00,0.00,0.05,0.00,707.60,1271.00,0.00,0.00,0.00,27.20,38.60,0.00,69.80,0.00,0.00,0.00,0.00,0.60,0.00,0.60,0.00,54.40,11309012,0,5124128,31.18,25840,3414776,2135944,13.00,1938368,2934872,195588,1433600,130392,3224,8280,31404,0,0,0.00,0,0.00,5,389,4.58,4.13,3.81,0,0.60,0.00,54.40,90.67,0.00,0.00,0.00,0.00,7.00,10.60,0.56,2.60,0.00,0.00,0.00,0.00
2018-01-06 06:52:39,97.20,0.00,2.55,0.00,0.00,0.00,0.25,0.00,0.00,0.00,0.00,3280.20,2171.20,0.00,0.00,0.00,7.20,145.40,0.00,244.60,0.00,0.00,0.00,0.00,0.40,0.00,0.40,0.00,14.40,11281744,0,5151396,31.35,25848,3438896,2135944,13.00,1965220,2934880,219724,1435412,130656,3224,8280,31404,0,0,0.00,0,0.00,6,389,4.70,4.16,3.83,0,0.40,0.00,14.40,36.00,0.00,0.00,0.00,0.00,6.00,8.60,0.49,2.28,0.00,0.00,0.00,0.00
2018-01-06 06:52:44,98.50,0.00,1.40,0.00,0.00,0.00,0.00,0.00,0.00,0.10,0.00,580.60,1222.80,0.00,0.00,0.00,8.80,14.00,0.00,45.20,0.00,0.00,0.00,0.00,0.40,0.00,0.40,0.00,17.60,11096832,0,5336308,32.47,25856,3619420,2135944,13.00,2145280,2934920,400252,1435396,134112,3216,8280,31404,0,0,0.00,0,0.00,4,388,4.64,4.16,3.83,0,0.40,0.00,17.60,44.00,0.00,0.00,0.00,0.00,6.00,8.80,0.50,2.44,0.00,0.00,0.00,0.00
2018-01-06 06:52:49,97.00,0.00,2.90,0.00,0.00,0.00,0.00,0.00,0.00,0.10,3.20,1215.40,1506.00,0.00,0.00,0.80,21368.00,1484.20,0.00,747.80,0.00,0.00,0.00,0.00,171.20,0.20,171.00,1.60,42736.00,10840816,0,5592324,34.03,25868,3853532,2152380,13.10,2395132,2935000,527612,1450668,141172,3312,8336,31404,0,0,0.00,0,0.00,4,400,4.59,4.16,3.83,0,171.20,1.60,42736.00,249.64,6.24,36.48,0.28,4.80,6.40,9.80,0.55,2.99,0.00,0.00,0.00,0.00
2018-01-06 06:52:54,96.20,0.00,3.75,0.00,0.00,0.00,0.00,0.00,0.00,0.05,0.00,1345.00,1767.80,0.00,0.00,1.60,51136.00,15.60,0.00,679.60,0.00,0.00,0.00,0.00,373.40,0.40,373.00,3.20,95411.20,10557336,0,5875804,35.76,25884,4143080,2152380,13.10,2671592,2935044,561832,1438028,148792,3312,8324,31404,0,0,0.00,0,0.00,5,400,4.54,4.16,3.83,1,373.60,3.20,95462.40,255.53,45.82,115.10,0.86,32.08,5.80,8.00,0.46,1.97,0.00,0.00,0.00,0.00
2018-01-06 06:52:59,79.66,0.00,4.82,7.94,0.05,0.00,0.05,0.00,0.00,7.48,29.60,2471.00,2439.00,0.00,0.00,2.40,92197.60,20047.00,0.00,82297.60,0.00,0.00,0.00,0.00,716.60,0.60,716.00,4.80,183166.40,11544900,0,4888240,29.75,25924,3712436,2040332,12.42,1694744,2930692,144064,889260,142060,2872,6656,31404,0,0,0.00,0,0.00,12,349,4.58,4.17,3.84,1,716.40,4.80,183115.20,255.61,139.99,187.69,1.39,99.92,30.40,31.80,5.14,5.19,0.00,0.00,0.00,0.00
2018-01-06 06:53:04,90.75,0.00,2.96,2.31,0.05,0.00,0.10,0.00,0.00,3.82,14.00,2712.20,2437.00,0.00,0.00,0.80,13704.80,7077.00,0.00,16416.00,0.00,0.00,0.00,0.00,139.20,0.20,139.00,1.60,35499.20,11180384,0,5252756,31.96,25940,3697532,2138676,13.01,2036276,2949576,76576,1266840,141632,3336,7940,31404,0,0,0.00,0,0.00,5,403,4.93,4.25,3.86,0,139.20,1.60,35499.20,255.03,21.50,214.49,1.39,19.28,2447.00,914.00,20627.68,2704.98,0.00,0.00,0.00,1.69
2018-01-06 06:53:09,64.69,0.00,0.81,0.45,0.15,0.00,0.30,0.00,0.00,33.60,0.00,2600.80,2500.00,0.00,0.00,0.00,15064.00,80.00,0.00,661.20,0.00,0.00,0.00,0.00,118.20,0.00,118.20,0.00,30128.00,11185400,0,5247740,31.93,25952,3692436,2138676,13.01,2037736,2944872,1416,1264152,141948,3336,7960,31404,0,0,0.00,0,0.00,4,403,4.70,4.21,3.85,0,118.20,0.00,30128.00,254.89,4.35,36.77,0.29,3.44,8.60,13.60,0.96,3.22,0.00,0.00,0.00,0.00
2018-01-06 06:53:14,62.27,0.00,1.52,0.00,0.05,0.00,0.15,0.00,0.00,36.01,0.00,2073.20,2100.80,0.00,0.00,0.00,11.20,102.80,0.00,788.00,0.00,0.00,0.00,0.00,0.40,0.00,0.40,0.00,22.40,11029208,0,5403932,32.88,25960,3796824,2138676,13.01,2199364,2940200,111144,1316620,141684,3312,8060,31404,0,0,0.00,0,0.00,2,400,4.48,4.18,3.84,0,0.40,0.00,22.40,56.00,0.00,0.00,0.00,0.00,7.80,12.00,0.88,2.95,0.00,0.00,0.00,0.00
2018-01-06 06:53:19,69.50,0.00,2.32,14.95,0.05,0.05,0.10,0.00,0.00,13.03,12.20,1176.60,1514.80,0.00,0.00,2552.00,8128.80,6465.20,5.60,5472.60,0.00,0.00,0.00,0.00,178.00,103.40,74.60,5001.60,16257.60,10787760,0,5645380,34.35,27072,3978032,2174860,13.23,2397024,2981740,250212,1373896,143424,3352,8816,31404,0,0,0.00,0,0.00,6,408,4.36,4.16,3.84,1,178.00,5001.60,16257.60,119.43,3.43,19.18,4.80,85.44,712.40,362.80,1061.98,30.82,0.00,0.00,0.00,0.09
2018-01-06 06:53:24,54.60,0.00,1.91,19.96,0.05,0.00,0.00,0.00,0.00,23.48,0.80,1160.60,1485.60,0.00,0.00,2867.20,216.00,747.20,0.00,2938.40,0.00,0.00,0.00,0.00,39.20,22.80,16.40,5734.40,432.00,10613520,0,5819620,35.41,27088,4147200,2174860,13.23,2554396,2994212,415748,1374708,147540,3400,8840,31404,0,0,0.00,0,0.00,2,411,4.25,4.14,3.83,1,39.20,5734.40,432.00,157.31,1.93,48.96,24.53,96.16,409.80,428.40,3009.01,2055.19,0.00,0.00,0.00,0.25
2018-01-06 06:53:29,66.16,0.00,2.92,12.32,0.05,0.00,0.05,0.00,0.00,18.50,16.40,1775.80,2159.60,0.00,0.00,1639.20,5101.60,11545.80,0.00,43600.20,0.00,0.00,0.00,0.00,55.60,13.20,42.40,3278.40,10203.20,10999496,0,5433644,33.07,27108,3974640,2181024,13.27,2138356,3023632,224032,1162648,147752,3208,8296,31404,0,0,0.00,0,0.00,5,393,4.15,4.12,3.83,1,55.60,3278.40,10203.20,242.47,2.10,38.03,17.54,97.52,428.20,699.80,1043.44,5115.16,0.00,0.00,0.00,0.42
2018-01-06 06:53:34,68.09,0.00,2.12,1.97,0.10,0.00,0.45,0.00,0.00,27.27,7.40,2536.40,3094.60,0.00,0.00,13118.40,12660.00,4228.20,3.60,14648.40,0.00,0.00,0.00,0.00,232.00,121.20,110.80,26337.60,25320.00,10646772,0,5786368,35.21,27308,4068708,2236488,13.61,2472448,3037380,224232,1420288,147272,3360,8336,31404,0,0,0.00,0,0.00,7,406,4.38,4.17,3.85,1,232.00,26337.60,25320.00,222.66,7.73,33.14,1.79,41.44,2059.20,802.20,17844.19,55.66,0.00,0.00,0.00,1.46
2018-01-06 06:53:39,86.65,8.85,3.25,0.00,0.00,0.00,0.10,0.00,0.00,1.15,0.00,1074.45,1748.70,0.00,0.00,1266.27,107.78,3465.47,3.39,7733.93,0.00,0.00,0.00,0.00,70.06,68.26,1.80,2534.13,215.57,10276316,0,6156824,37.47,27852,4345660,2297424,13.98,2845844,3038628,500684,1511304,150768,3360,8524,31404,0,0,0.00,0,0.00,6,406,5.23,4.35,3.91,0,70.06,2534.13,215.57,39.25,1.48,21.74,7.83,54.85,1757.49,594.01,15270.00,42.18,0.00,0.00,0.00,1.25
2018-01-06 06:53:44,31.10,13.03,1.11,10.27,0.10,0.00,0.35,0.00,0.00,44.04,1.00,1621.60,1859.40,0.00,0.00,167.20,1008.00,7730.20,1.20,1443.60,0.00,0.00,0.00,0.00,17.40,9.00,8.40,331.20,2016.00,10111904,0,6321236,38.47,27868,4379356,2423148,14.75,3033904,3012680,544080,1639552,152260,3360,8832,31404,0,0,0.00,0,0.00,1,406,4.97,4.31,3.90,1,17.40,331.20,2016.00,134.90,0.50,25.93,26.80,46.64,81.40,432.80,5.88,3673.45,0.00,0.00,0.00,0.30
2018-01-06 06:53:49,29.39,9.78,1.36,14.01,0.05,0.00,0.05,0.00,0.00,45.36,0.80,1021.60,1279.00,0.00,0.00,774.40,1027.20,688.60,0.80,2270.00,0.00,0.00,0.00,0.00,41.20,32.80,8.40,1548.80,2054.40,9979812,0,6453328,39.27,27876,4468608,2463068,14.99,3156728,3018368,637112,1679252,154292,3384,8920,31404,0,0,0.00,0,0.00,2,409,4.73,4.27,3.89,1,41.20,1548.80,2054.40,87.46,0.74,18.93,16.29,67.12,297.00,489.60,1544.48,3078.95,0.00,0.00,0.00,0.25
2018-01-06 06:53:54,30.37,1.21,2.12,24.37,0.15,0.00,0.00,0.00,0.00,41.78,7.60,1220.40,1809.20,0.00,0.00,228.80,45696.00,5788.00,0.00,22909.60,0.00,0.00,0.00,0.00,375.80,16.60,359.20,457.60,91392.00,10157176,0,6275964,38.19,27900,4436252,2432524,14.80,2964256,3034812,380616,1534872,154560,3272,8444,31404,0,0,0.00,0,0.00,0,397,4.60,4.25,3.88,1,375.80,457.60,91392.00,244.41,34.35,91.31,2.55,96.00,227.40,317.40,16.43,2556.10,0.00,0.00,0.00,0.21
2018-01-06 06:53:59,31.72,1.61,1.46,20.09,0.05,0.00,0.15,0.00,0.00,44.91,3.80,1323.20,1663.00,0.00,0.00,225.60,672.80,3150.60,0.00,14077.80,0.00,0.00,0.00,0.00,33.40,13.40,20.00,451.20,1345.60,9929228,0,6503912,39.58,27912,4524596,2481972,15.10,3175780,3049284,470044,1672672,155988,3408,8896,31404,0,0,0.00,0,0.00,0,412,4.79,4.29,3.90,1,33.40,451.20,1345.60,53.80,1.04,32.14,27.90,93.20,2291.00,670.60,19964.19,47.25,0.00,0.00,0.00,1.64
2018-01-06 06:54:04,1.51,2.16,0.35,22.67,0.00,0.00,0.05,0.00,0.00,73.25,0.00,920.60,810.00,0.00,0.00,328.00,85.60,365.80,0.00,2979.80,0.00,0.00,0.00,0.00,20.40,15.40,5.00,656.00,171.20,9930924,0,6502216,39.57,27924,4522344,2481972,15.10,3176216,3046968,470836,1672876,156020,3392,8904,31404,0,0,0.00,0,0.00,2,410,4.48,4.24,3.88,1,20.40,656.00,171.20,40.55,0.92,42.39,44.90,91.60,673.40,495.40,5712.39,36.10,0.00,0.00,0.00,0.47
2018-01-06 06:54:09,1.82,0.81,0.40,23.60,0.15,0.00,0.10,0.00,0.00,73.12,0.00,1082.40,1562.60,0.00,0.00,128.00,55014.40,58.20,0.00,4699.20,0.00,0.00,0.00,0.00,437.80,7.20,430.60,256.00,110028.80,9948632,0,6484508,39.46,27940,4502872,2498832,15.21,3151720,3052300,196472,1673452,155724,3392,8904,31404,0,0,0.00,0,0.00,0,410,4.29,4.20,3.87,1,437.80,256.00,110028.80,251.91,55.40,126.53,2.25,98.40,773.20,1092.60,5506.29,5409.05,0.00,0.00,0.00,0.45
2018-01-06 06:54:14,2.26,1.46,0.40,22.99,0.05,0.00,0.05,0.00,0.00,72.79,0.00,1160.00,1188.60,0.00,0.00,458.40,1751.20,616.20,0.20,7504.60,0.00,0.00,0.00,0.00,99.40,24.60,74.80,916.80,3502.40,9947424,0,6485716,39.47,27956,4496896,2498832,15.21,3149580,3056852,192004,1681748,155372,3392,8924,31404,0,0,0.00,0,0.00,0,410,4.02,4.15,3.86,1,99.40,916.80,3502.40,44.46,4.61,46.98,9.48,94.24,1717.80,934.60,14637.01,1807.56,0.00,0.00,0.00,1.20
2018-01-06 06:54:19,0.71,0.15,0.20,24.45,0.05,0.00,0.00,0.00,0.00,74.45,0.00,758.00,694.80,0.00,0.00,2818.40,19808.00,12.20,0.00,318.20,0.00,0.00,0.00,0.00,248.40,93.00,155.40,5636.80,39616.00,9931196,0,6501944,39.57,27968,4513444,2498832,15.21,3152788,3070484,101760,1681772,155340,3392,8924,31404,0,0,0.00,0,0.00,1,410,3.78,4.10,3.84,1,248.40,5636.80,39616.00,182.18,7.87,31.48,4.00,99.44,9.40,16.00,1.29,4.39,0.00,0.00,0.00,0.00
2018-01-06 06:54:24,1.06,0.05,0.15,24.33,0.05,0.00,0.00,0.00,0.00,74.36,0.00,758.80,665.20,0.00,0.00,1020.80,33.60,18.60,0.00,416.80,0.00,0.00,0.00,0.00,41.20,36.60,4.60,2041.60,67.20,9928012,0,6505128,39.59,27976,4518244,2498832,15.21,3152220,3073464,106216,1679636,155356,3392,8924,31404,0,0,0.00,0,0.00,1,410,3.56,4.05,3.83,1,41.20,2041.60,67.20,51.18,1.89,45.86,24.25,99.92,9.40,16.00,1.29,4.29,0.00,0.00,0.00,0.00
2018-01-06 06:54:29,1.31,0.35,0.70,23.26,0.10,0.00,0.05,0.00,0.00,74.22,11.00,1145.60,1258.60,0.00,0.00,1840.00,22790.40,8146.00,7.20,12731.20,0.00,0.00,0.00,0.00,458.60,151.00,307.60,3681.60,45580.80,10121692,0,6311448,38.41,29744,4524432,2295228,13.97,2957148,3075364,636,1478592,155656,3384,8440,31404,0,0,0.00,0,0.00,0,410,3.35,4.00,3.81,1,458.60,3681.60,45580.80,107.42,9.69,21.16,2.10,96.32,223.00,165.40,1829.75,14.37,0.00,0.00,0.00,0.15
2018-01-06 06:54:34,1.46,0.00,0.10,24.19,0.15,0.00,0.05,0.00,0.00,74.04,0.00,1434.40,1287.40,0.00,0.00,1800.80,245.60,12.40,0.00,2860.60,0.00,0.00,0.00,0.00,446.60,427.20,19.40,3601.60,491.20,10116676,0,6316464,38.44,37564,4520036,2295228,13.97,2959064,3076972,444,1478556,157840,3384,8456,31404,0,0,0.00,0,0.00,1,409,3.16,3.95,3.80,1,446.60,3601.60,491.20,9.16,7.83,17.57,2.23,99.68,646.00,478.00,5490.88,34.97,0.00,0.00,0.00,0.45
2018-01-06 06:54:39,1.01,0.00,0.15,24.70,0.00,0.00,0.00,0.00,0.00,74.14,0.00,897.40,720.20,0.00,0.00,1208.00,11.20,11.60,0.00,363.40,0.00,0.00,0.00,0.00,296.20,295.80,0.40,2416.00,22.40,10115432,0,6317708,38.44,43480,4515136,2295228,13.97,2959668,3076448,584,1477540,158972,3384,8456,31404,0,0,0.00,0,0.00,1,409,2.99,3.90,3.78,1,296.20,2416.00,22.40,8.23,10.09,34.10,3.37,99.84,8.60,15.00,1.23,4.06,0.00,0.00,0.00,0.00
2018-01-06 06:54:44,0.81,0.00,0.25,24.34,0.20,0.00,0.00,0.00,0.00,74.40,0.00,1621.20,1398.60,0.00,0.00,3114.40,8.80,96.60,0.00,371.60,0.00,0.00,0.00,0.00,705.00,704.20,0.80,6228.80,17.60,10098616,0,6334524,38.55,56832,4513376,2295228,13.97,2965796,3082248,2300,1478088,163948,3384,8456,31404,0,0,0.00,0,0.00,1,409,2.83,3.85,3.77,1,705.00,6228.80,17.60,8.86,10.03,14.24,1.41,99.60,9.20,16.20,1.29,4.66,0.00,0.00,0.00,0.00
2018-01-06 06:54:49,1.99,0.00,0.10,24.13,0.15,0.00,0.10,0.00,0.00,73.52,0.00,2515.20,2418.40,0.00,0.00,3440.00,7.20,13.40,0.00,6708.60,0.00,0.00,0.00,0.00,810.80,810.40,0.40,6880.00,14.40,10081120,0,6352020,38.65,72500,4510596,2295228,13.97,2971732,3088820,3320,1477652,169236,3384,8456,31404,0,0,0.00,0,0.00,1,409,2.68,3.80,3.75,1,810.80,6880.00,14.40,8.50,7.08,8.75,1.23,99.68,1601.00,960.00,13793.09,66.77,0.00,0.00,0.00,1.13
2018-01-06 06:54:54,12.39,0.00,0.81,23.45,0.15,0.00,0.15,0.00,0.00,63.05,2.40,2370.20,2507.20,0.00,0.00,1241.60,16.00,1011.40,0.00,4949.80,0.00,0.00,0.00,0.00,268.20,266.80,1.40,2432.00,32.00,9990300,0,6442840,39.21,77936,4581080,2295228,13.97,3057156,3088000,77952,1486916,174908,3384,8472,31404,0,0,0.00,0,0.00,1,409,2.55,3.75,3.74,1,268.20,2432.00,32.00,9.19,5.22,18.49,3.72,99.68,996.20,1910.60,5055.41,13139.55,0.00,0.00,0.00,1.08
2018-01-06 06:54:59,33.59,0.00,1.97,19.55,0.15,0.00,0.15,0.00,0.00,44.60,0.20,2492.60,3533.00,0.00,0.00,4926.40,22.40,180.60,0.00,3288.60,0.00,0.00,0.00,0.00,1158.40,1157.20,1.20,9852.80,44.80,9782816,0,6650324,40.47,100804,4750376,2312096,14.07,3242316,3097748,250784,1489868,187708,3376,8476,31404,0,0,0.00,0,0.00,3,409,2.43,3.71,3.72,1,1158.40,9852.80,44.80,8.54,7.46,6.64,0.84,96.96,744.20,1383.80,3678.48,10006.67,0.00,0.00,0.00,0.82
2018-01-06 06:55:04,18.85,0.00,1.17,24.11,0.26,0.00,0.10,0.00,0.00,55.52,0.60,3247.60,3954.20,0.00,0.00,6080.00,1422.40,181.20,0.00,3026.80,0.00,0.00,0.00,0.00,968.40,956.00,12.40,12211.20,2844.80,9625404,0,6807736,41.43,118884,4879036,2312096,14.07,3368476,3115044,366636,1485748,202736,3392,8468,31404,0,0,0.00,0,0.00,0,410,2.47,3.70,3.72,1,968.40,12211.20,2844.80,15.55,3.61,3.74,1.01,97.84,611.00,2229.80,40.10,19487.57,0.00,0.00,0.00,1.60
2018-01-06 06:55:09,1.22,0.00,0.41,2.28,0.20,0.00,0.46,0.00,0.00,95.43,2.40,2786.80,3337.00,0.00,0.00,3952.00,162.40,1161.20,0.60,4144.00,0.00,0.00,0.00,0.00,136.00,125.80,10.20,7905.60,324.80,9616912,0,6816228,41.48,120788,4885192,2312096,14.07,3367912,3122236,366056,1484140,203944,3352,8164,31404,0,0,0.00,0,0.00,0,405,2.27,3.64,3.70,0,136.00,7905.60,324.80,60.52,0.26,1.99,0.77,10.48,706.00,2410.20,500.43,20725.63,0.00,0.00,0.00,1.70
2018-01-06 06:55:14,0.76,0.00,0.25,0.00,0.10,0.00,0.10,0.00,0.00,98.78,0.00,2254.20,2800.20,0.00,0.00,12288.00,0.00,11.80,0.00,3070.40,0.00,0.00,0.00,0.00,96.00,96.00,0.00,24576.00,0.00,9561024,0,6872116,41.82,120788,4941684,2312096,14.07,3367592,3178840,366228,1484168,204016,3352,8164,31404,0,0,0.00,0,0.00,0,404,2.09,3.58,3.68,0,96.00,24576.00,0.00,256.00,0.29,3.05,0.30,2.88,688.20,2033.00,1403.89,16795.21,0.00,0.00,0.00,1.38
2018-01-06 06:55:19,1.33,0.00,0.20,0.00,0.10,0.00,0.05,0.00,0.00,98.32,0.20,2330.00,2861.00,0.00,0.00,409.60,16.00,14.20,0.00,4044.40,0.00,0.00,0.00,0.00,4.00,3.20,0.80,819.20,32.00,9563532,0,6869608,41.80,120796,4938792,2312096,14.07,3367332,3176364,366284,1484104,204064,3344,8164,31404,0,0,0.00,0,0.00,0,404,1.92,3.52,3.66,0,4.00,819.20,32.00,212.80,0.01,2.80,0.40,0.16,928.80,2695.20,2090.43,22132.99,0.00,0.00,0.00,1.81
2018-01-06 06:55:24,1.53,0.00,0.36,1.68,0.20,0.00,0.20,0.00,0.00,96.03,0.20,2486.40,3205.20,0.00,0.00,7950.40,18348.00,16.60,0.00,6373.80,0.00,0.00,0.00,0.00,207.60,62.60,145.00,15900.80,36696.00,9529140,0,6904000,42.01,120816,4973312,2312096,14.07,3366880,3211320,274872,1484120,204060,3344,8164,31404,0,0,0.00,0,0.00,0,404,1.77,3.46,3.64,0,207.60,15900.80,36696.00,253.36,11.31,54.49,0.49,10.08,1512.40,2764.00,8104.91,18460.36,0.00,0.00,0.00,1.51
2018-01-06 06:55:29,0.61,0.00,0.31,0.77,0.20,0.00,0.00,0.00,0.00,98.11,0.20,2698.60,3551.40,0.00,0.00,0.00,18042.40,15.40,0.00,4298.20,0.00,0.00,0.00,0.00,112.80,0.00,112.80,0.00,28763.20,9534200,0,6898940,41.98,120828,4968168,2312096,14.07,3366624,3206520,184696,1484128,204100,3344,8164,31404,0,0,0.00,0,0.00,0,403,1.63,3.40,3.62,1,113.00,0.00,28814.40,254.99,4.66,36.01,0.30,3.36,986.80,3613.00,64.33,31643.84,0.00,0.00,0.00,2.59
2018-01-06 06:55:34,2.39,0.00,0.46,7.88,0.15,0.00,0.05,0.00,0.00,89.06,0.20,1982.20,2735.40,0.00,0.00,1.60,36860.80,35.80,0.00,5756.20,0.00,0.00,0.00,0.00,317.80,0.40,317.40,3.20,81043.20,9536796,0,6896344,41.97,120844,4963252,2258392,13.74,3367796,3202140,400,1485752,204148,3344,8168,31404,0,0,0.00,0,0.00,0,404,1.58,3.36,3.61,0,317.60,3.20,80992.00,255.02,48.88,155.75,1.15,36.64,1352.60,2490.40,7063.27,17145.93,0.00,0.00,0.00,1.40
2018-01-06 06:55:39,2.09,0.00,0.10,0.00,0.10,0.00,0.10,0.00,0.00,97.60,0.20,2527.00,2986.40,0.00,0.00,0.00,23.20,145.40,0.00,5054.20,0.00,0.00,0.00,0.00,1.40,0.00,1.40,0.00,46.40,9527536,0,6905604,42.02,120852,4958172,2258392,13.74,3379356,3197164,444,1499512,204160,3344,8196,31404,0,0,0.00,0,0.00,0,404,1.45,3.30,3.59,0,1.40,0.00,46.40,33.14,0.00,0.00,0.00,0.00,1046.40,2579.20,3699.38,19801.49,0.00,0.00,0.00,1.62
2018-01-06 06:55:44,0.86,0.00,0.20,0.00,0.15,0.00,0.61,0.00,0.00,98.17,0.00,2424.00,3304.40,0.00,0.00,0.00,51.20,9.20,0.00,5288.40,0.00,0.00,0.00,0.00,1.40,0.00,1.40,0.00,102.40,9553804,0,6879336,41.86,120860,4932320,2258392,13.74,3346632,3206164,284,1499420,203680,3336,8196,31404,0,0,0.00,0,0.00,1,403,1.34,3.25,3.57,0,1.40,0.00,102.40,73.14,0.00,0.57,0.57,0.08,975.80,3217.20,1878.71,26925.28,0.00,0.00,0.00,2.21
2018-01-06 06:55:49,0.96,0.00,0.30,0.00,0.00,0.00,0.00,0.00,0.00,98.74,0.00,759.00,766.20,0.00,0.00,0.00,34.40,11.40,0.00,2625.00,0.00,0.00,0.00,0.00,5.20,0.00,5.20,0.00,68.80,9580168,0,6852972,41.70,120868,4907212,2258392,13.74,3313176,3214256,204,1499352,202448,3328,8196,31404,0,0,0.00,0,0.00,0,402,1.31,3.21,3.55,0,5.20,0.00,68.80,13.23,0.00,0.15,0.15,0.08,323.20,894.00,1384.29,6753.14,0.00,0.00,0.00,0.55
2018-01-06 06:55:54,0.91,0.00,0.20,0.00,0.15,0.00,0.10,0.00,0.00,98.63,0.00,1697.40,1879.60,0.00,0.00,0.00,12.80,9.80,0.00,3344.80,0.00,0.00,0.00,0.00,1.00,0.00,1.00,0.00,25.60,9586736,0,6846404,41.66,120876,4900384,2258392,13.74,3310124,3210184,228,1499356,202436,3328,8196,31404,0,0,0.00,0,0.00,1,402,1.20,3.16,3.53,0,1.00,0.00,25.60,25.60,0.00,0.00,0.00,0.00,739.80,1402.80,3679.39,9509.37,0.00,0.00,0.00,0.78
2018-01-06 06:55:59,1.31,0.00,0.40,0.05,0.00,0.00,0.10,0.00,0.00,98.14,0.00,1087.60,1236.60,0.00,0.00,0.00,16.80,15.20,0.00,6344.60,0.00,0.00,0.00,0.00,1.40,0.00,1.40,0.00,33.60,9624080,0,6809060,41.43,120884,4864012,2258392,13.74,3256812,3227344,276,1499296,201136,3320,8196,31404,0,0,0.00,0,0.00,0,401,1.11,3.11,3.52,0,1.40,0.00,33.60,24.00,0.00,0.57,0.57,0.08,1109.60,1851.00,7348.76,10728.34,0.00,0.00,0.00,0.88
2018-01-06 06:56:04,35.48,0.00,1.71,0.00,0.05,0.00,0.10,0.00,0.00,62.66,1.20,946.40,1318.60,0.00,0.00,0.00,7.20,48.20,0.00,4981.80,0.00,0.00,0.00,0.00,0.40,0.00,0.40,0.00,14.40,9496776,0,6936364,42.21,120892,4994532,2258392,13.74,3371936,3241912,172432,1499080,201668,3032,8196,31404,0,0,0.00,0,0.00,5,371,1.02,3.05,3.50,0,0.40,0.00,14.40,36.00,0.00,0.00,0.00,0.00,664.40,1612.00,3677.59,11316.29,0.00,0.00,0.00,0.93
2018-01-06 06:56:09,98.25,0.00,1.50,0.00,0.00,0.00,0.15,0.00,0.00,0.10,5.20,2267.80,1562.80,0.00,0.00,0.00,35.20,2380.20,0.00,4615.20,0.00,0.00,0.00,0.00,1.40,0.00,1.40,0.00,70.40,9477220,0,6955920,42.33,120900,5006084,2258392,13.74,3382168,3248992,212616,1504260,202864,3264,8208,31404,0,0,0.00,0,0.00,8,397,1.50,3.12,3.52,0,1.40,0.00,70.40,50.29,0.00,0.00,0.00,0.00,185.40,828.60,12.66,7129.98,0.00,0.00,0.00,0.58
2018-01-06 06:56:14,99.00,0.00,1.00,0.00,0.00,0.00,0.00,0.00,0.00,0.00,2.00,1833.00,1300.60,0.00,0.00,0.00,8.80,2769.80,0.00,2564.20,0.00,0.00,0.00,0.00,0.40,0.00,0.40,0.00,17.60,9463488,0,6969652,42.41,120908,5002236,2254516,13.72,3398932,3245800,214232,1521560,202820,3368,8548,31404,0,0,0.00,0,0.00,5,407,2.02,3.20,3.54,0,0.40,0.00,17.60,44.00,0.00,2.00,2.00,0.08,8.40,12.80,0.94,4.22,0.00,0.00,0.00,0.00
2018-01-06 06:56:19,99.15,0.00,0.80,0.00,0.00,0.00,0.05,0.00,0.00,0.00,0.00,1804.20,1331.80,0.00,0.00,0.00,52.00,299.20,0.00,1016.40,0.00,0.00,0.00,0.00,1.40,0.00,1.40,0.00,104.00,9472516,0,6960624,42.36,120916,5000668,2254516,13.72,3391152,3244320,217308,1513984,202864,3360,8536,31404,0,0,0.00,0,0.00,6,405,2.18,3.21,3.54,0,1.40,0.00,104.00,74.29,0.00,0.57,0.57,0.08,6.00,8.80,0.47,2.51,0.00,0.00,0.00,0.00
2018-01-06 06:56:24,98.70,0.00,1.20,0.00,0.00,0.00,0.05,0.00,0.00,0.05,0.00,1976.80,1381.40,0.00,0.00,0.00,26.40,59.20,0.00,708.00,0.00,0.00,0.00,0.00,4.40,0.00,4.40,0.00,52.80,9477120,0,6956020,42.33,120924,5000984,2254516,13.72,3386332,3244304,222656,1509188,202824,3320,8268,31404,0,0,0.00,0,0.00,7,401,2.32,3.23,3.54,0,4.40,0.00,52.80,12.00,0.00,0.00,0.00,0.00,6.80,9.60,0.55,2.71,0.00,0.00,0.00,0.00
2018-01-06 06:56:29,98.80,0.00,1.05,0.00,0.00,0.00,0.00,0.00,0.00,0.15,0.00,2081.00,1412.20,0.00,0.00,0.00,28.80,44.80,0.00,470.80,0.00,0.00,0.00,0.00,1.80,0.00,1.80,0.00,57.60,9476128,0,6957012,42.34,120932,5002448,2254516,13.72,3386732,3246012,229440,1509324,202840,3320,8268,31404,0,0,0.00,0,0.00,4,401,2.46,3.24,3.55,0,1.80,0.00,57.60,32.00,0.00,0.44,0.44,0.08,5.80,8.80,0.49,2.83,0.00,0.00,0.00,0.00
2018-01-06 06:56:34,97.70,0.00,1.55,0.00,0.00,0.00,0.15,0.00,0.00,0.60,2.00,2334.00,1732.60,0.00,0.00,0.00,6.40,244.80,0.00,14683.00,0.00,0.00,0.00,0.00,0.40,0.00,0.40,0.00,12.80,9738776,0,6694364,40.74,120940,4744888,2254516,13.72,3109188,3264888,183052,1508604,198172,3320,8268,31404,0,0,0.00,0,0.00,4,390,2.58,3.25,3.55,0,0.40,0.00,12.80,32.00,0.00,2.00,2.00,0.08,209.80,934.20,14.24,8077.68,0.00,0.00,0.00,0.66
2018-01-06 06:56:39,84.87,0.00,3.82,0.00,0.00,0.00,0.05,0.00,0.00,11.26,30.00,2501.40,1887.80,0.00,0.00,0.00,72.00,22008.40,0.00,98575.00,0.00,0.00,0.00,0.00,1.80,0.00,1.80,0.00,144.00,11051636,0,5381504,32.75,120968,4024660,2082336,12.67,1815912,3266384,25524,936504,180404,2880,6776,31404,0,0,0.00,0,0.00,12,354,2.85,3.30,3.56,0,1.80,0.00,144.00,80.00,0.00,0.00,0.00,0.00,103.60,346.60,10.69,2697.23,0.00,0.00,0.00,0.22
2018-01-06 06:56:44,93.34,0.00,5.06,0.00,0.00,0.00,1.45,0.00,0.00,0.15,13.60,4377.20,5097.40,0.00,0.00,0.00,4952.80,4529.60,0.00,58512.80,0.00,0.00,0.00,0.00,40.00,0.00,40.00,0.00,9905.60,10468356,0,5964784,36.30,120980,4017072,2255484,13.73,2277368,3391540,91556,1531188,175504,3360,8236,31404,0,0,0.00,0,0.00,6,406,3.51,3.43,3.60,0,40.00,0.00,9905.60,247.64,1.02,25.44,0.28,1.12,11836.60,6533.00,98119.93,30417.93,0.00,0.00,0.00,8.04
2018-01-06 06:56:49,94.60,0.00,4.65,0.00,0.00,0.00,0.60,0.00,0.00,0.15,0.00,1529.00,3252.40,0.00,0.00,268.00,13.60,391.80,0.00,39142.80,0.00,0.00,0.00,0.00,2.60,2.20,0.40,536.00,27.20,10084332,0,6348808,38.63,120988,4344900,2293412,13.96,2644796,3403592,463340,1582444,179724,3304,8348,31404,0,0,0.00,0,0.00,5,399,3.63,3.45,3.61,0,2.60,536.00,27.20,216.62,0.01,2.15,0.31,0.08,8977.40,2653.60,76015.47,12083.57,0.00,0.00,0.00,6.23
2018-01-06 06:56:54,94.85,0.00,4.80,0.00,0.05,0.00,0.15,0.00,0.00,0.15,0.00,1527.00,1759.20,0.00,0.00,0.00,56.80,24.80,0.00,4294.60,0.00,0.00,0.00,0.00,1.00,0.00,1.00,0.00,113.60,9660504,0,6772636,41.21,120996,4743408,2293412,13.96,3046700,3415804,898272,1598720,189288,3072,8384,31404,0,0,0.00,0,0.00,7,370,3.66,3.46,3.61,0,1.00,0.00,113.60,113.60,0.00,0.00,0.00,0.00,569.20,1307.80,3364.97,9571.43,0.00,0.00,0.00,0.78
2018-01-06 06:56:59,97.60,0.00,2.15,0.00,0.00,0.00,0.10,0.00,0.00,0.15,6.20,2339.40,1577.40,0.00,0.00,0.00,80.00,1345.00,0.00,9795.20,0.00,0.00,0.00,0.00,9.00,0.00,9.00,0.00,160.00,9758508,0,6674632,40.62,121004,4761396,2189720,13.33,2936408,3424168,943288,1478176,190988,3296,8212,31404,0,0,0.00,0,0.00,11,401,4.24,3.59,3.65,0,9.00,0.00,160.00,17.78,0.00,0.09,0.09,0.08,153.80,830.00,10.69,7131.77,0.00,0.00,0.00,0.58
2018-01-06 06:57:04,98.45,0.00,1.55,0.00,0.00,0.00,0.00,0.00,0.00,0.00,1.80,1915.80,1303.80,0.00,0.00,0.00,10.40,5146.20,0.00,3107.80,0.00,0.00,0.00,0.00,0.40,0.00,0.40,0.00,20.80,9702472,0,6730668,40.96,121012,4757728,2189720,13.33,2996732,3420968,944716,1539196,190784,3392,8312,31404,0,0,0.00,0,0.00,5,410,4.63,3.68,3.68,0,0.40,0.00,20.80,52.00,0.00,2.00,2.00,0.08,6.60,10.20,0.61,3.01,0.00,0.00,0.00,0.00
2018-01-06 06:57:09,98.85,0.00,1.05,0.00,0.00,0.00,0.10,0.00,0.00,0.00,0.00,1819.00,1385.40,0.00,0.00,0.00,95.20,986.60,0.00,1836.00,0.00,0.00,0.00,0.00,10.20,0.00,10.20,0.00,190.40,9708660,0,6724480,40.92,121020,4752144,2206156,13.43,2989888,3420196,947880,1537180,190708,3392,8296,31404,0,0,0.00,0,0.00,4,407,4.58,3.68,3.68,0,10.20,0.00,190.40,18.67,0.00,0.47,0.08,0.08,50.00,140.80,3.42,1156.04,0.00,0.00,0.00,0.09
2018-01-06 06:57:14,98.80,0.00,1.15,0.00,0.00,0.00,0.05,0.00,0.00,0.00,0.00,2085.40,1600.80,0.00,0.00,0.00,111.20,58.20,0.00,2170.20,0.00,0.00,0.00,0.00,2.80,0.00,2.80,0.00,222.40,9729948,0,6703192,40.79,121028,4734448,2206156,13.43,2956500,3433252,952616,1534332,190252,3360,8304,31404,0,0,0.00,0,0.00,6,406,4.53,3.69,3.68,0,2.80,0.00,222.40,79.43,0.00,0.00,0.00,0.00,179.20,688.60,11.98,5967.10,0.00,0.00,0.00,0.49
2018-01-06 06:57:19,98.45,0.00,1.40,0.05,0.00,0.00,0.10,0.00,0.00,0.00,0.00,2089.20,2025.00,0.00,0.00,2.40,80739.20,58.00,0.00,814.40,0.00,0.00,0.00,0.00,600.80,0.60,600.20,4.80,153440.00,9734936,0,6698204,40.76,121048,4736364,2206156,13.43,2950100,3434896,556500,1527692,190204,3360,8288,31404,0,0,0.00,0,0.00,4,406,4.49,3.69,3.68,1,601.00,4.80,153491.20,255.40,88.27,142.07,1.06,63.84,5.60,8.40,0.47,2.73,0.00,0.00,0.00,0.00
2018-01-06 06:57:24,97.60,0.00,1.45,0.80,0.05,0.00,0.05,0.00,0.00,0.05,0.00,2184.00,2372.00,0.00,0.00,2061.60,90962.40,41.20,0.00,4117.80,0.00,0.00,0.00,0.00,733.40,17.20,716.20,4123.20,183153.60,9787452,0,6645688,40.44,121076,4683232,2206156,13.43,2898256,3434924,108036,1527940,189280,3360,8288,31404,0,0,0.00,0,0.00,3,406,4.53,3.71,3.69,2,733.40,4123.20,183153.60,255.35,140.48,191.57,1.36,100.00,86.00,415.40,5.74,3564.02,0.00,0.00,0.00,0.29
2018-01-06 06:57:29,7.46,0.00,1.61,4.84,0.05,0.00,0.00,0.00,0.00,86.03,11.00,1231.60,1100.40,0.00,0.00,0.80,16812.80,1208.60,0.00,99832.60,0.00,0.00,0.00,0.00,158.80,0.20,158.60,1.60,40435.20,11770868,0,4662272,28.37,121080,3789608,972864,5.92,943232,3430132,25020,462976,169892,2272,4444,31404,0,0,0.00,0,0.00,0,270,4.16,3.65,3.67,0,158.60,1.60,40384.00,254.64,29.33,203.03,1.39,22.00,26.20,31.60,2.93,6.78,0.00,0.00,0.00,0.00
2018-01-06 06:57:34,0.00,0.00,0.05,0.05,0.00,0.00,0.00,0.00,0.00,99.90,0.00,265.40,215.00,0.00,0.00,0.00,5034.40,9.00,0.00,289.80,0.00,0.00,0.00,0.00,48.40,0.00,48.40,0.00,10068.80,11776100,0,4657040,28.34,121092,3784292,972864,5.92,943068,3425596,172,462976,169828,2272,4444,31404,0,0,0.00,0,0.00,1,270,3.83,3.59,3.65,0,48.40,0.00,10068.80,208.03,1.04,21.59,0.25,1.20,3.80,5.00,0.29,0.99,0.00,0.00,0.00,0.00
2018-01-06 06:57:39,0.00,0.00,0.05,0.05,0.00,0.00,0.00,0.00,0.00,99.90,0.00,278.20,185.80,0.00,0.00,0.00,12.00,10.80,0.00,297.40,0.00,0.00,0.00,0.00,0.40,0.00,0.40,0.00,24.00,11781488,0,4651652,28.31,121100,3779124,972864,5.92,942688,3420660,248,462976,169732,2272,4444,31404,0,0,0.00,0,0.00,1,270,3.52,3.53,3.63,0,0.40,0.00,24.00,60.00,0.00,0.00,0.00,0.00,4.60,6.00,0.35,1.14,0.00,0.00,0.00,0.00
2018-01-06 06:57:44,0.05,0.00,0.00,0.00,0.00,0.00,0.00,0.00,0.00,99.95,0.00,270.00,174.40,0.00,0.00,0.00,19.20,7.80,0.00,299.00,0.00,0.00,0.00,0.00,1.20,0.00,1.20,0.00,38.40,11786560,0,4646580,28.28,121108,3773956,972864,5.92,942316,3416040,192,462976,169532,2272,4444,31404,0,0,0.00,0,0.00,0,270,3.24,3.47,3.61,0,1.20,0.00,38.40,32.00,0.00,0.00,0.00,0.00,4.40,5.80,0.34,1.12,0.00,0.00,0.00,0.00
