timestamp,cpu.%usr,cpu.%nice,cpu.%sys,cpu.%iowait,cpu.%steal,cpu.%irq,cpu.%soft,cpu.%guest,cpu.%gnice,cpu.%idle,task.proc/s,task.cswch/s,intr.intr/s,swap.pswpin/s,swap.pswpout/s,paging.pgpgin/s,paging.pgpgout/s,paging.fault/s,paging.majflt/s,paging.pgfree/s,paging.pgscank/s,paging.pgscand/s,paging.pgsteal/s,paging.%vmeff,io.tps,io.rtps,io.wtps,io.bread/s,io.bwrtn/s,memory.kbmemfree,memory.kbavail,memory.kbmemused,memory.%memused,memory.kbbuffers,memory.kbcached,memory.kbcommit,memory.%commit,memory.kbactive,memory.kbinact,memory.kbdirty,memory.kbanonpg,memory.kbslab,memory.kbkstack,memory.kbpgtbl,memory.kbvmused,swap.kbswpfree,swap.kbswpused,swap.%swpused,swap.kbswpcad,swap.%swpcad,load.runq-sz,load.plist-sz,load.ldavg-1,load.ldavg-5,load.ldavg-15,load.blocked,disk.tps,disk.rd_sec/s,disk.wr_sec/s,disk.avgrq-sz,disk.avgqu-sz,disk.await,disk.svctm,disk.%util,network.rxpck/s,network.txpck/s,network.rxkB/s,network.txkB/s,network.rxcmp/s,network.txcmp/s,network.rxmcst/s,network.%ifutil
2017-09-24 15:19:15,77.32,0.00,5.34,0.10,0.00,0.00,0.20,0.00,0.00,17.04,19.60,3512.20,2125.00,0.00,0.00,0.00,69.60,12263.00,0.00,13048.80,0.00,0.00,0.00,0.00,4.00,0.00,4.00,0.00,139.20,1909432,0,1945412,50.47,34648,502736,3129112,81.17,1609244,238748,131732,1310892,42388,4496,7364,10916,0,0,0.00,0,0.00,2,545,1.64,1.21,1.11,0,4.00,0.00,139.20,34.80,0.01,1.40,1.00,0.40,1.80,1.80,0.21,0.14,0.00,0.00,0.00,0.00
2017-09-24 15:19:20,71.70,0.00,4.97,0.10,0.00,0.00,0.10,0.00,0.00,23.12,14.00,2476.40,2056.60,0.00,0.00,0.00,12405.60,6906.60,0.00,2728.00,0.00,0.00,0.00,0.00,118.20,0.00,118.20,0.00,24811.20,1551776,0,2303068,59.74,34656,631572,3558152,92.30,1836116,358932,199248,1532940,45776,4712,8192,10916,0,0,0.00,0,0.00,5,586,1.59,1.21,1.11,0,118.20,0.00,24811.20,209.91,3.88,32.83,0.27,3.20,1.80,1.80,0.22,0.15,0.00,0.00,0.00,0.00
2017-09-24 15:19:25,61.74,0.00,2.43,5.26,0.00,0.00,0.00,0.00,0.00,30.57,14.20,2237.20,1791.80,0.00,0.00,0.00,39784.80,7653.60,0.00,2595.20,0.00,0.00,0.00,0.00,311.40,0.00,311.40,0.00,79569.60,1227296,0,2627548,68.16,34668,631696,4852172,125.87,2167472,355660,564,1856768,46712,5040,9396,10916,0,0,0.00,0,0.00,3,636,1.54,1.20,1.11,0,311.40,0.00,79569.60,255.52,60.39,193.92,1.45,45.12,2.00,2.00,0.22,0.22,0.00,0.00,0.00,0.00
2017-09-24 15:19:30,62.68,0.00,2.43,0.00,0.10,0.00,0.00,0.00,0.00,34.79,2.60,2085.40,1414.00,0.00,0.00,0.00,495.20,3038.60,0.00,2187.80,0.00,0.00,0.00,0.00,4.00,0.00,4.00,0.00,990.40,979712,0,2875132,74.58,34668,637208,4935560,128.04,2419000,348744,3680,2097924,46916,5248,9936,10916,0,0,0.00,0,0.00,3,642,1.50,1.20,1.11,0,4.00,0.00,990.40,247.60,0.04,9.20,0.60,0.24,1.40,1.40,0.17,0.11,0.00,0.00,0.00,0.00
2017-09-24 15:19:35,52.38,0.00,0.10,0.00,0.00,0.00,0.00,0.00,0.00,47.52,0.00,1707.40,1079.40,0.00,0.00,0.00,25.60,25.40,0.00,44.40,0.00,0.00,0.00,0.00,0.40,0.00,0.40,0.00,51.20,979744,0,2875100,74.58,34676,637236,4935560,128.04,2420960,348764,3772,2097832,46916,5216,9944,10916,0,0,0.00,0,0.00,3,638,1.46,1.20,1.11,0,0.40,0.00,51.20,128.00,0.00,2.00,2.00,0.08,1.20,1.20,0.13,0.09,0.00,0.00,0.00,0.00
2017-09-24 15:19:40,52.48,0.00,0.30,0.00,0.00,0.00,0.00,0.00,0.00,47.22,0.20,1760.80,1120.60,0.00,0.00,0.00,4.00,127.60,0.00,542.00,0.00,0.00,0.00,0.00,0.40,0.00,0.40,0.00,8.00,950996,0,2903848,75.33,34680,637260,4935560,128.04,2449732,348736,3796,2126528,46924,5224,9996,10916,0,0,0.00,0,0.00,4,639,1.42,1.19,1.11,0,0.40,0.00,8.00,20.00,0.00,0.00,0.00,0.00,1.20,1.20,0.13,0.16,0.00,0.00,0.00,0.00
2017-09-24 15:19:45,52.08,0.00,0.10,0.00,0.00,0.00,0.00,0.00,0.00,47.82,0.00,1748.80,1195.80,0.00,0.00,0.00,15.20,31.60,0.00,41.40,0.00,0.00,0.00,0.00,0.40,0.00,0.40,0.00,30.40,950888,0,2903956,75.33,34688,637284,4935560,128.04,2449840,348748,3852,2126616,46924,5208,9996,10916,0,0,0.00,0,0.00,4,637,1.39,1.19,1.11,0,0.40,0.00,30.40,76.00,0.00,0.00,0.00,0.00,1.40,1.40,0.17,0.11,0.00,0.00,0.00,0.00
2017-09-24 15:19:50,52.28,0.00,0.20,0.00,0.10,0.00,0.00,0.00,0.00,47.42,0.20,1685.00,997.40,0.00,0.00,0.00,50.40,29.80,0.00,32.60,0.00,0.00,0.00,0.00,6.20,0.00,6.20,0.00,100.80,950648,0,2904196,75.34,34696,637316,4935560,128.04,2449940,348768,3736,2126740,46924,5200,9996,10916,0,0,0.00,0,0.00,2,636,1.36,1.19,1.11,0,6.20,0.00,100.80,16.26,0.00,0.13,0.13,0.08,1.00,1.00,0.12,0.08,0.00,0.00,0.00,0.00
2017-09-24 15:19:55,75.68,0.00,0.70,0.20,0.00,0.00,0.10,0.00,0.00,23.32,0.80,1979.00,1160.60,0.00,0.00,0.00,472.80,3248.20,0.00,1919.00,0.00,0.00,0.00,0.00,23.60,0.00,23.60,0.00,945.60,893468,0,2961376,76.82,34772,637296,5051940,131.05,2506960,348808,3268,2183700,46924,5208,10144,10916,0,0,0.00,0,0.00,2,638,1.33,1.18,1.11,0,23.60,0.00,945.60,40.07,0.05,2.00,0.27,0.64,1.20,1.20,0.13,0.16,0.00,0.00,0.00,0.00
2017-09-24 15:20:00,52.42,0.00,0.20,0.00,0.00,0.00,0.00,0.00,0.00,47.37,0.20,1770.80,1096.80,0.00,0.00,0.00,625.60,27.60,0.00,378.20,0.00,0.00,0.00,0.00,5.60,0.00,5.60,0.00,1251.20,897752,0,2957092,76.71,34780,637396,5051940,131.05,2502344,348872,316,2179040,46924,5192,10148,10916,0,0,0.00,0,0.00,3,636,1.30,1.18,1.11,0,5.60,0.00,1251.20,223.43,0.04,8.00,0.57,0.32,1.40,1.40,0.17,0.11,0.00,0.00,0.00,0.00
2017-09-24 15:20:05,51.72,0.00,0.10,0.00,0.00,0.00,0.00,0.00,0.00,48.18,0.00,1714.80,1037.20,0.00,0.00,0.00,0.00,19.80,0.00,51.00,0.00,0.00,0.00,0.00,0.00,0.00,0.00,0.00,0.00,895596,0,2959248,76.77,34780,637432,5051940,131.05,2504100,348888,396,2180784,46932,5192,10156,10916,0,0,0.00,0,0.00,3,634,1.28,1.18,1.11,0,0.00,0.00,0.00,0.00,0.00,0.00,0.00,0.00,1.00,1.00,0.12,0.08,0.00,0.00,0.00,0.00
2017-09-24 15:20:10,54.30,0.00,0.61,0.00,0.00,0.00,0.00,0.00,0.00,45.10,0.20,1783.40,1251.60,0.00,0.00,0.00,4.00,1350.00,0.00,749.40,0.00,0.00,0.00,0.00,0.40,0.00,0.40,0.00,8.00,863112,0,2991732,77.61,34788,637456,5051940,131.05,2536904,348912,424,2213576,46932,5184,10192,10916,0,0,0.00,0,0.00,3,635,1.26,1.17,1.11,0,0.40,0.00,8.00,20.00,0.00,0.00,0.00,0.00,1.40,1.40,0.14,0.17,0.00,0.00,0.00,0.00
2017-09-24 15:20:15,54.25,0.00,0.20,0.00,0.00,0.00,0.00,0.00,0.00,45.55,0.00,1735.00,1129.40,0.00,0.00,0.00,16.80,645.40,0.00,958.00,0.00,0.00,0.00,0.00,0.40,0.00,0.40,0.00,33.60,845964,0,3008880,78.05,34792,637488,5051940,131.05,2553548,348932,496,2230200,46932,5184,10256,10916,0,0,0.00,0,0.00,3,634,1.24,1.17,1.11,0,0.40,0.00,33.60,84.00,0.00,2.00,2.00,0.08,1.40,1.40,0.17,0.11,0.00,0.00,0.00,0.00
2017-09-24 15:20:20,51.47,0.00,0.10,0.10,0.00,0.00,0.00,0.00,0.00,48.33,0.00,1718.60,1105.00,0.00,0.00,0.00,32.00,17.60,0.00,46.20,0.00,0.00,0.00,0.00,1.80,0.00,1.80,0.00,64.00,838076,0,3016768,78.26,34800,637508,5051940,131.05,2561420,348944,372,2238064,46932,5160,10292,10916,0,0,0.00,0,0.00,2,631,1.22,1.17,1.11,0,1.80,0.00,64.00,35.56,0.00,0.00,0.00,0.00,1.20,1.20,0.13,0.09,0.00,0.00,0.00,0.00
2017-09-24 15:20:25,52.63,0.00,0.30,0.00,0.00,0.00,0.00,0.00,0.00,47.06,0.00,1779.00,1139.60,0.00,0.00,0.00,15.20,23.60,0.00,31.40,0.00,0.00,0.00,0.00,1.20,0.00,1.20,0.00,30.40,821716,0,3033128,78.68,34808,637536,5051940,131.05,2577812,348964,524,2254440,46932,5152,10324,10916,0,0,0.00,0,0.00,1,630,1.44,1.22,1.12,0,1.20,0.00,30.40,25.33,0.00,0.67,0.67,0.08,1.20,1.20,0.13,0.16,0.00,0.00,0.00,0.00
2017-09-24 15:20:30,51.37,0.00,0.10,0.00,0.10,0.00,0.00,0.00,0.00,48.43,0.00,1720.60,1136.80,0.00,0.00,0.00,107.20,13.40,0.00,376.20,0.00,0.00,0.00,0.00,7.00,0.00,7.00,0.00,214.40,822384,0,3032460,78.67,34812,637560,5051940,131.05,2577012,348976,144,2253616,46936,5144,10336,10916,0,0,0.00,0,0.00,1,629,1.40,1.21,1.12,0,7.00,0.00,214.40,30.63,0.00,0.57,0.11,0.08,1.40,1.40,0.17,0.11,0.00,0.00,0.00,0.00
2017-09-24 15:20:35,52.18,0.00,0.20,0.00,0.00,0.00,0.00,0.00,0.00,47.62,0.00,1709.20,1077.20,0.00,0.00,0.00,12.00,17.60,0.00,23.40,0.00,0.00,0.00,0.00,0.40,0.00,0.40,0.00,24.00,808048,0,3046796,79.04,34820,637592,5051940,131.05,2591388,349004,236,2267992,46940,5144,10364,10916,0,0,0.00,0,0.00,2,629,1.37,1.21,1.12,0,0.40,0.00,24.00,60.00,0.00,2.00,2.00,0.08,1.00,1.00,0.12,0.08,0.00,0.00,0.00,0.00
2017-09-24 15:20:40,51.72,0.00,0.10,0.00,0.00,0.00,0.00,0.00,0.00,48.18,0.00,1672.40,965.40,0.00,0.00,0.00,16.80,15.40,0.00,26.00,0.00,0.00,0.00,0.00,0.40,0.00,0.40,0.00,33.60,795760,0,3059084,79.36,34828,637616,5051940,131.05,2603736,349020,312,2280324,46940,5144,10376,10916,0,0,0.00,0,0.00,1,629,1.34,1.20,1.12,0,0.40,0.00,33.60,84.00,0.00,2.00,2.00,0.08,1.20,1.20,0.13,0.16,0.00,0.00,0.00,0.00
2017-09-24 15:20:45,51.87,0.00,0.20,0.00,0.00,0.00,0.00,0.00,0.00,47.93,0.00,1733.00,1137.20,0.00,0.00,0.00,3.20,18.20,0.00,23.40,0.00,0.00,0.00,0.00,0.40,0.00,0.40,0.00,6.40,787444,0,3067400,79.57,34836,637644,5051940,131.05,2612040,349036,340,2288596,46940,5144,10408,10916,0,0,0.00,0,0.00,1,629,1.31,1.20,1.12,0,0.40,0.00,6.40,16.00,0.00,2.00,2.00,0.08,1.00,1.00,0.12,0.08,0.00,0.00,0.00,0.00
2017-09-24 15:20:50,52.07,0.00,0.10,0.00,0.00,0.00,0.10,0.00,0.00,47.72,0.00,1714.00,1133.20,0.00,0.00,0.00,35.20,29.60,0.00,25.40,0.00,0.00,0.00,0.00,2.20,0.00,2.20,0.00,70.40,764908,0,3089936,80.16,34844,637668,5121900,132.87,2634772,349056,224,2311316,46948,5144,10440,10916,0,0,0.00,0,0.00,1,629,1.29,1.20,1.12,0,2.20,0.00,70.40,32.00,0.00,0.36,0.36,0.08,1.40,1.40,0.17,0.11,0.00,0.00,0.00,0.00
2017-09-24 15:20:55,51.76,0.00,0.20,0.00,0.10,0.00,0.00,0.00,0.00,47.94,0.40,1755.40,1204.00,0.00,0.00,0.00,10.40,27.60,0.00,30.80,0.00,0.00,0.00,0.00,0.60,0.00,0.60,0.00,20.80,764916,0,3089928,80.16,34848,637696,5121900,132.87,2634888,349076,388,2311420,46948,5136,10452,10916,0,0,0.00,0,0.00,1,630,1.27,1.19,1.12,0,0.60,0.00,20.80,34.67,0.00,1.33,1.33,0.08,1.20,1.20,0.13,0.16,0.00,0.00,0.00,0.00
2017-09-24 15:21:00,51.16,0.00,0.30,0.10,0.00,0.00,0.00,0.00,0.00,48.44,0.00,1713.20,1078.00,0.00,0.00,0.00,18.40,13.80,0.00,25.60,0.00,0.00,0.00,0.00,0.60,0.00,0.60,0.00,36.80,764908,0,3089936,80.16,34856,637724,5121900,132.87,2634960,349096,448,2311476,46944,5152,10452,10916,0,0,0.00,0,0.00,1,630,1.25,1.19,1.12,0,0.60,0.00,36.80,61.33,0.00,1.33,1.33,0.08,1.40,1.40,0.17,0.11,0.00,0.00,0.00,0.00
2017-09-24 15:21:05,51.67,0.00,0.20,0.00,0.00,0.00,0.00,0.00,0.00,48.13,0.00,1736.20,1211.20,0.00,0.00,0.00,64.00,15.40,0.00,130.80,0.00,0.00,0.00,0.00,4.00,0.00,4.00,0.00,128.00,760812,0,3094032,80.26,34864,637748,5121900,132.87,2639096,349112,184,2315604,46944,5152,10460,10916,0,0,0.00,0,0.00,1,629,1.23,1.19,1.12,0,4.00,0.00,128.00,32.00,0.00,0.00,0.00,0.00,1.20,1.40,0.13,0.10,0.00,0.00,0.00,0.00
2017-09-24 15:21:10,51.16,0.00,0.20,0.00,0.00,0.00,0.00,0.00,0.00,48.63,0.00,1669.20,1143.80,0.00,0.00,0.00,22.40,12.60,0.00,510.20,0.00,0.00,0.00,0.00,0.60,0.00,0.60,0.00,44.80,759732,0,3095112,80.29,34876,637772,5121900,132.87,2639684,349140,276,2316132,46944,5144,10460,10916,0,0,0.00,0,0.00,2,629,1.21,1.18,1.12,0,0.60,0.00,44.80,74.67,0.00,0.00,0.00,0.00,1.40,1.20,0.14,0.16,0.00,0.00,0.00,0.00
2017-09-24 15:21:15,51.41,0.00,0.20,0.00,0.00,0.00,0.10,0.00,0.00,48.28,0.00,1796.20,1229.00,0.00,0.00,0.00,56.80,19.00,0.00,26.00,0.00,0.00,0.00,0.00,5.20,0.00,5.20,0.00,113.60,759756,0,3095088,80.29,34884,637800,5121900,132.87,2639680,349156,20,2316160,46944,5144,10460,10916,0,0,0.00,0,0.00,1,629,1.19,1.18,1.12,0,5.20,0.00,113.60,21.85,0.00,0.15,0.15,0.08,1.40,1.40,0.14,0.10,0.00,0.00,0.00,0.00
2017-09-24 15:21:20,51.41,0.00,0.20,0.00,0.00,0.00,0.00,0.00,0.00,48.38,0.00,1768.60,1101.20,0.00,0.00,0.00,20.80,15.00,0.00,25.20,0.00,0.00,0.00,0.00,0.40,0.00,0.40,0.00,41.60,757684,0,3097160,80.34,34888,637828,5121900,132.87,2641764,349172,240,2318228,46972,5144,10464,10916,0,0,0.00,0,0.00,2,629,1.18,1.18,1.12,0,0.40,0.00,41.60,104.00,0.00,2.00,2.00,0.08,1.40,1.40,0.17,0.11,0.00,0.00,0.00,0.00
2017-09-24 15:21:25,52.02,0.00,0.20,0.00,0.10,0.00,0.00,0.00,0.00,47.68,0.00,1783.20,1274.80,0.00,0.00,0.00,5.60,14.80,0.00,26.00,0.00,0.00,0.00,0.00,0.40,0.00,0.40,0.00,11.20,757700,0,3097144,80.34,34896,637852,5121900,132.87,2641812,349188,276,2318252,46976,5144,10464,10916,0,0,0.00,0,0.00,1,629,1.16,1.18,1.12,0,0.40,0.00,11.20,28.00,0.00,2.00,2.00,0.08,1.20,1.20,0.13,0.16,0.00,0.00,0.00,0.00
2017-09-24 15:21:30,51.16,0.00,0.10,0.00,0.00,0.00,0.00,0.00,0.00,48.74,0.00,1650.00,1043.80,0.00,0.00,0.00,14.40,13.80,0.00,25.40,0.00,0.00,0.00,0.00,0.40,0.00,0.40,0.00,28.80,757676,0,3097168,80.34,34904,637876,5121900,132.87,2641848,349208,340,2318280,46984,5144,10464,10916,0,0,0.00,0,0.00,1,629,1.39,1.22,1.13,0,0.40,0.00,28.80,72.00,0.00,2.00,2.00,0.08,1.40,1.40,0.17,0.11,0.00,0.00,0.00,0.00
2017-09-24 15:21:35,51.57,0.00,0.20,0.00,0.00,0.00,0.00,0.00,0.00,48.23,0.00,1753.80,1145.60,0.00,0.00,0.00,5.60,14.60,0.00,23.40,0.00,0.00,0.00,0.00,0.40,0.00,0.40,0.00,11.20,757668,0,3097176,80.35,34912,637908,5121900,132.87,2641880,349228,372,2318308,46992,5144,10464,10916,0,0,0.00,0,0.00,1,629,1.36,1.22,1.13,0,0.40,0.00,11.20,28.00,0.00,2.00,2.00,0.08,1.00,1.00,0.12,0.08,0.00,0.00,0.00,0.00
2017-09-24 15:21:40,51.41,0.00,0.20,0.00,0.00,0.00,0.00,0.00,0.00,48.39,0.00,1683.60,1089.20,0.00,0.00,0.00,12.80,12.80,0.00,30.80,0.00,0.00,0.00,0.00,0.40,0.00,0.40,0.00,25.60,749476,0,3105368,80.56,34916,637936,5121900,132.87,2650020,349248,420,2326416,46992,5144,10464,10916,0,0,0.00,0,0.00,2,629,1.33,1.22,1.13,0,0.40,0.00,25.60,64.00,0.00,2.00,2.00,0.08,1.20,1.20,0.13,0.16,0.00,0.00,0.00,0.00
2017-09-24 15:21:45,51.16,0.00,0.30,0.10,0.00,0.00,0.00,0.00,0.00,48.44,0.00,1742.20,1022.80,0.00,0.00,0.00,32.00,18.40,0.00,23.60,0.00,0.00,0.00,0.00,2.40,0.00,2.40,0.00,64.00,749476,0,3105368,80.56,34920,637956,5121900,132.87,2650064,349256,292,2326464,46992,5144,10464,10916,0,0,0.00,0,0.00,1,629,1.30,1.21,1.13,0,2.40,0.00,64.00,26.67,0.00,0.00,0.00,0.00,1.00,1.00,0.12,0.08,0.00,0.00,0.00,0.00
2017-09-24 15:21:50,51.31,0.00,0.30,0.00,0.00,0.00,0.00,0.00,0.00,48.39,0.00,1720.00,1063.80,0.00,0.00,0.00,72.00,15.00,0.00,27.00,0.00,0.00,0.00,0.00,3.40,0.00,3.40,0.00,144.00,747428,0,3107416,80.61,34924,637980,5121900,132.87,2652160,349264,156,2328528,46996,5144,10464,10916,0,0,0.00,0,0.00,1,629,1.28,1.21,1.13,0,3.40,0.00,144.00,42.35,0.00,0.00,0.00,0.00,1.80,1.60,0.19,0.13,0.00,0.00,0.00,0.00
2017-09-24 15:21:55,51.62,0.00,0.10,0.00,0.00,0.00,0.00,0.00,0.00,48.28,0.40,1780.00,1230.40,0.00,0.00,0.00,14.40,25.20,0.00,225.80,0.00,0.00,0.00,0.00,1.20,0.00,1.20,0.00,28.80,748828,0,3106016,80.57,34936,638004,5121900,132.87,2648312,349284,232,2326704,46996,5144,10460,10916,0,0,0.00,0,0.00,1,630,1.26,1.21,1.13,0,1.20,0.00,28.80,24.00,0.00,0.67,0.67,0.08,1.20,1.20,0.13,0.16,0.00,0.00,0.00,0.00
2017-09-24 15:22:00,51.26,0.00,0.10,0.00,0.10,0.00,0.00,0.00,0.00,48.54,0.00,1660.00,974.00,0.00,0.00,0.00,10.40,11.80,0.00,25.20,0.00,0.00,0.00,0.00,0.40,0.00,0.40,0.00,20.80,748852,0,3105992,80.57,34944,638032,5121900,132.87,2648396,349308,272,2326776,46988,5152,10460,10916,0,0,0.00,0,0.00,1,630,1.23,1.20,1.13,0,0.40,0.00,20.80,52.00,0.00,0.00,0.00,0.00,1.40,1.40,0.17,0.11,0.00,0.00,0.00,0.00
2017-09-24 15:22:05,51.46,0.00,0.10,0.00,0.00,0.00,0.00,0.00,0.00,48.44,0.00,1744.60,1063.40,0.00,0.00,0.00,4.00,15.20,0.00,27.40,0.00,0.00,0.00,0.00,0.40,0.00,0.40,0.00,8.00,748852,0,3105992,80.57,34952,638068,5121900,132.87,2650500,349328,316,2326824,46988,5152,10460,10916,0,0,0.00,0,0.00,1,629,1.22,1.20,1.13,0,0.40,0.00,8.00,20.00,0.00,0.00,0.00,0.00,1.00,1.00,0.12,0.08,0.00,0.00,0.00,0.00
2017-09-24 15:22:10,51.21,0.00,0.00,0.10,0.00,0.00,0.00,0.00,0.00,48.69,0.00,1646.80,982.40,0.00,0.00,0.00,12.80,11.60,0.00,26.80,0.00,0.00,0.00,0.00,0.40,0.00,0.40,0.00,25.60,748844,0,3106000,80.57,34960,638088,5121900,132.87,2650460,349344,372,2326756,46992,5144,10460,10916,0,0,0.00,0,0.00,1,629,1.20,1.20,1.13,0,0.40,0.00,25.60,64.00,0.00,0.00,0.00,0.00,1.40,1.40,0.14,0.17,0.00,0.00,0.00,0.00
2017-09-24 15:22:15,51.47,0.00,0.10,0.00,0.00,0.00,0.00,0.00,0.00,48.43,0.00,1706.60,1006.20,0.00,0.00,0.00,33.60,19.20,0.00,24.20,0.00,0.00,0.00,0.00,2.40,0.00,2.40,0.00,67.20,748860,0,3105984,80.57,34964,638112,5121900,132.87,2650496,349356,248,2326776,46992,5144,10460,10916,0,0,0.00,0,0.00,1,629,1.18,1.19,1.13,0,2.40,0.00,67.20,28.00,0.00,0.00,0.00,0.00,1.20,1.20,0.13,0.09,0.00,0.00,0.00,0.00
2017-09-24 15:22:20,51.26,0.00,0.10,0.00,0.00,0.00,0.00,0.00,0.00,48.64,0.00,1660.60,1059.80,0.00,0.00,0.00,8.80,13.80,0.00,631.80,0.00,0.00,0.00,0.00,0.40,0.00,0.40,0.00,17.60,744232,0,3110612,80.69,34972,638140,5121900,132.87,2654780,349356,384,2331064,46992,5144,10464,10916,0,0,0.00,0,0.00,1,629,1.17,1.19,1.13,0,0.40,0.00,17.60,44.00,0.00,0.00,0.00,0.00,1.40,1.40,0.17,0.11,0.00,0.00,0.00,0.00
2017-09-24 15:22:25,54.55,0.00,0.81,0.00,0.00,0.00,0.00,0.00,0.00,44.65,1.60,2359.80,1184.40,0.00,0.00,0.00,56.80,80.40,0.00,79.40,0.00,0.00,0.00,0.00,3.80,0.00,3.80,0.00,113.60,732524,0,3122320,81.00,34976,638168,5110752,132.58,2666932,349372,132,2343296,46992,5144,10468,10916,0,0,0.00,0,0.00,4,637,1.15,1.19,1.13,0,3.80,0.00,113.60,29.89,0.00,0.00,0.00,0.00,1.20,1.20,0.13,0.16,0.00,0.00,0.00,0.00
2017-09-24 15:22:30,51.52,0.00,0.30,0.00,0.00,0.00,0.00,0.00,0.00,48.18,0.00,1747.80,1093.40,0.00,0.00,0.00,10.40,15.80,0.00,840.40,0.00,0.00,0.00,0.00,0.40,0.00,0.40,0.00,20.80,732012,0,3122832,81.01,34984,638204,5110752,132.58,2667268,349352,240,2343432,46992,5208,10492,10916,0,0,0.00,0,0.00,1,637,1.14,1.18,1.12,0,0.40,0.00,20.80,52.00,0.00,0.00,0.00,0.00,1.40,1.40,0.17,0.11,0.00,0.00,0.00,0.00
2017-09-24 15:22:35,51.06,0.00,0.30,0.00,0.00,0.00,0.00,0.00,0.00,48.64,0.00,1693.80,1059.40,0.00,0.00,0.00,11.20,12.00,0.00,23.40,0.00,0.00,0.00,0.00,1.20,0.00,1.20,0.00,22.40,731988,0,3122856,81.01,34992,638228,5110752,132.58,2667284,349372,268,2343440,46992,5208,10492,10916,0,0,0.00,0,0.00,1,637,1.13,1.18,1.12,0,1.20,0.00,22.40,18.67,0.00,0.00,0.00,0.00,1.00,1.00,0.12,0.08,0.00,0.00,0.00,0.00
2017-09-24 15:22:40,51.41,0.00,0.10,0.00,0.00,0.00,0.00,0.00,0.00,48.48,0.00,1693.80,1098.40,0.00,0.00,0.00,9.60,13.60,0.00,128.00,0.00,0.00,0.00,0.00,0.40,0.00,0.40,0.00,19.20,731312,0,3123532,81.03,34996,638252,5110752,132.58,2667328,349384,272,2343464,46992,5208,10492,10916,0,0,0.00,0,0.00,1,637,1.12,1.18,1.12,0,0.40,0.00,19.20,48.00,0.00,0.00,0.00,0.00,1.20,1.20,0.13,0.16,0.00,0.00,0.00,0.00
2017-09-24 15:22:45,51.16,0.00,0.10,0.00,0.10,0.00,0.00,0.00,0.00,48.64,0.00,1749.60,1220.60,0.00,0.00,0.00,27.20,43.20,0.00,23.40,0.00,0.00,0.00,0.00,2.00,0.00,2.00,0.00,54.40,731328,0,3123516,81.03,34996,638284,5110752,132.58,2667872,349400,312,2343996,46992,5208,10492,10916,0,0,0.00,0,0.00,1,637,1.11,1.17,1.12,0,2.00,0.00,54.40,27.20,0.00,0.00,0.00,0.00,1.00,1.00,0.12,0.08,0.00,0.00,0.00,0.00
2017-09-24 15:22:50,51.56,0.00,0.20,0.00,0.00,0.00,0.00,0.00,0.00,48.23,0.00,1752.00,1063.40,0.00,0.00,0.00,7.20,16.80,0.00,333.60,0.00,0.00,0.00,0.00,0.40,0.00,0.40,0.00,14.40,731112,0,3123732,81.03,35000,638308,5110752,132.58,2667912,349416,320,2344032,47000,5208,10496,10916,0,0,0.00,0,0.00,1,637,1.10,1.17,1.12,0,0.40,0.00,14.40,36.00,0.00,0.00,0.00,0.00,1.60,1.60,0.18,0.13,0.00,0.00,0.00,0.00
2017-09-24 15:22:55,51.31,0.00,0.20,0.10,0.00,0.00,0.00,0.00,0.00,48.39,0.40,1721.60,1054.40,0.00,0.00,0.00,8.00,22.40,0.00,51.00,0.00,0.00,0.00,0.00,0.40,0.00,0.40,0.00,16.00,731508,0,3123336,81.02,35008,638332,5110752,132.58,2667536,349432,356,2343628,47000,5208,10496,10916,0,0,0.00,0,0.00,1,638,1.09,1.17,1.12,0,0.40,0.00,16.00,40.00,0.00,0.00,0.00,0.00,1.20,1.20,0.13,0.16,0.00,0.00,0.00,0.00
2017-09-24 15:23:00,51.21,0.00,0.20,0.00,0.00,0.00,0.00,0.00,0.00,48.59,0.00,1773.40,1217.60,0.00,0.00,0.00,45.60,17.80,0.00,25.60,0.00,0.00,0.00,0.00,2.40,0.00,2.40,0.00,91.20,731376,0,3123468,81.03,35016,638364,5110752,132.58,2667732,349448,260,2343800,47000,5216,10496,10916,0,0,0.00,0,0.00,1,638,1.09,1.16,1.12,0,2.40,0.00,91.20,38.00,0.00,0.00,0.00,0.00,1.40,1.40,0.17,0.11,0.00,0.00,0.00,0.00
2017-09-24 15:23:05,51.31,0.00,0.20,0.00,0.00,0.00,0.00,0.00,0.00,48.49,0.00,1699.80,977.60,0.00,0.00,0.00,8.80,13.40,0.00,130.00,0.00,0.00,0.00,0.00,0.40,0.00,0.40,0.00,17.60,729328,0,3125516,81.08,35024,638392,5110752,132.58,2669800,349472,244,2345860,47000,5216,10500,10916,0,0,0.00,0,0.00,1,637,1.32,1.21,1.14,0,0.40,0.00,17.60,44.00,0.00,0.00,0.00,0.00,1.00,1.00,0.12,0.08,0.00,0.00,0.00,0.00
2017-09-24 15:23:10,51.26,0.00,0.10,0.00,0.10,0.00,0.00,0.00,0.00,48.54,0.00,1725.00,1104.00,0.00,0.00,0.00,17.60,13.40,0.00,26.80,0.00,0.00,0.00,0.00,1.20,0.00,1.20,0.00,35.20,729320,0,3125524,81.08,35036,638416,5110752,132.58,2669764,349496,308,2345808,47000,5208,10500,10916,0,0,0.00,0,0.00,2,637,1.29,1.21,1.14,0,1.20,0.00,35.20,29.33,0.00,3.33,2.00,0.24,1.40,1.40,0.14,0.17,0.00,0.00,0.00,0.00
2017-09-24 15:23:15,51.81,0.00,0.10,0.00,0.00,0.00,0.00,0.00,0.00,48.08,0.00,1723.60,1013.20,0.00,0.00,0.00,39.20,18.00,0.00,24.60,0.00,0.00,0.00,0.00,2.40,0.00,2.40,0.00,78.40,729336,0,3125508,81.08,35044,638440,5110752,132.58,2669820,349516,164,2345852,47000,5208,10500,10916,0,0,0.00,0,0.00,1,637,1.27,1.20,1.14,0,2.40,0.00,78.40,32.67,0.00,0.00,0.00,0.00,1.20,1.20,0.13,0.09,0.00,0.00,0.00,0.00
2017-09-24 15:23:20,51.52,0.00,0.10,0.10,0.00,0.00,0.00,0.00,0.00,48.28,0.00,1701.20,1113.40,0.00,0.00,0.00,8.80,20.20,0.00,23.40,0.00,0.00,0.00,0.00,0.40,0.00,0.40,0.00,17.60,729196,0,3125648,81.08,35052,638468,5110752,132.58,2669956,349524,320,2345968,46992,5208,10500,10916,0,0,0.00,0,0.00,1,637,1.25,1.20,1.14,0,0.40,0.00,17.60,44.00,0.00,4.00,4.00,0.16,1.00,1.00,0.12,0.08,0.00,0.00,0.00,0.00
2017-09-24 15:23:25,51.26,0.00,0.10,0.00,0.00,0.00,0.00,0.00,0.00,48.63,0.00,1677.20,1050.20,0.00,0.00,0.00,4.00,13.60,0.00,27.80,0.00,0.00,0.00,0.00,0.40,0.00,0.40,0.00,8.00,729212,0,3125632,81.08,35060,638484,5110752,132.58,2669988,349548,356,2345992,46992,5208,10500,10916,0,0,0.00,0,0.00,1,637,1.23,1.20,1.13,0,0.40,0.00,8.00,20.00,0.00,0.00,0.00,0.00,1.60,1.60,0.18,0.19,0.00,0.00,0.00,0.00
2017-09-24 15:23:30,51.52,0.00,0.20,0.00,0.00,0.00,0.00,0.00,0.00,48.28,0.00,1720.00,1059.80,0.00,0.00,0.00,0.00,15.80,0.00,58.60,0.00,0.00,0.00,0.00,0.00,0.00,0.00,0.00,0.00,729624,0,3125220,81.07,35060,638524,5110752,132.58,2669452,349568,392,2345460,46996,5144,10500,10916,0,0,0.00,0,0.00,1,629,1.21,1.19,1.13,0,0.00,0.00,0.00,0.00,0.00,0.00,0.00,0.00,1.40,1.40,0.17,0.11,0.00,0.00,0.00,0.00
2017-09-24 15:23:35,51.41,0.00,0.00,0.00,0.00,0.00,0.00,0.00,0.00,48.59,0.00,1718.00,1159.00,0.00,0.00,0.00,56.00,11.80,0.00,23.60,0.00,0.00,0.00,0.00,4.80,0.00,4.80,0.00,112.00,729648,0,3125196,81.07,35068,638544,5110752,132.58,2669492,349584,124,2345464,46996,5144,10500,10916,0,0,0.00,0,0.00,1,629,1.19,1.19,1.13,0,4.80,0.00,112.00,23.33,0.00,0.17,0.17,0.08,1.00,1.00,0.12,0.08,0.00,0.00,0.00,0.00
2017-09-24 15:23:40,51.21,0.00,0.20,0.00,0.10,0.00,0.00,0.00,0.00,48.49,0.00,1758.20,1247.80,0.00,0.00,0.00,6.40,14.20,0.00,129.20,0.00,0.00,0.00,0.00,0.40,0.00,0.40,0.00,12.80,729064,0,3125780,81.09,35076,638572,5110752,132.58,2669528,349604,204,2345484,47008,5144,10500,10916,0,0,0.00,0,0.00,1,629,1.18,1.19,1.13,0,0.40,0.00,12.80,32.00,0.00,0.00,0.00,0.00,1.40,1.40,0.14,0.17,0.00,0.00,0.00,0.00
2017-09-24 15:23:45,51.46,0.00,0.10,0.10,0.00,0.00,0.00,0.00,0.00,48.34,0.00,1680.80,967.60,0.00,0.00,0.00,33.60,17.80,0.00,23.60,0.00,0.00,0.00,0.00,2.40,0.00,2.40,0.00,67.20,727032,0,3127812,81.14,35084,638596,5110752,132.58,2671624,349620,100,2347568,47008,5144,10504,10916,0,0,0.00,0,0.00,1,629,1.16,1.18,1.13,0,2.40,0.00,67.20,28.00,0.00,0.00,0.00,0.00,1.00,1.00,0.12,0.08,0.00,0.00,0.00,0.00
2017-09-24 15:23:50,51.26,0.00,0.10,0.00,0.00,0.00,0.00,0.00,0.00,48.63,0.00,1719.60,1094.40,0.00,0.00,0.00,12.80,15.40,0.00,23.40,0.00,0.00,0.00,0.00,1.00,0.00,1.00,0.00,25.60,727016,0,3127828,81.14,35092,638632,5110752,132.58,2671656,349648,272,2347596,47008,5144,10504,10916,0,0,0.00,0,0.00,1,629,1.15,1.18,1.13,0,1.00,0.00,25.60,25.60,0.00,0.00,0.00,0.00,1.00,1.00,0.12,0.08,0.00,0.00,0.00,0.00
2017-09-24 15:23:55,51.21,0.00,0.20,0.00,0.00,0.00,0.00,0.00,0.00,48.59,0.40,1719.80,1092.40,0.00,0.00,0.00,19.20,29.20,0.00,32.00,0.00,0.00,0.00,0.00,0.40,0.00,0.40,0.00,38.40,727032,0,3127812,81.14,35100,638652,5110752,132.58,2671788,349664,328,2347704,47012,5144,10504,10916,0,0,0.00,0,0.00,1,630,1.14,1.18,1.13,0,0.40,0.00,38.40,96.00,0.00,2.00,2.00,0.08,1.60,1.60,0.18,0.19,0.00,0.00,0.00,0.00
2017-09-24 15:24:00,51.77,0.00,0.00,0.00,0.00,0.00,0.00,0.00,0.00,48.23,0.00,1713.00,1009.20,0.00,0.00,0.00,5.60,14.20,0.00,204.40,0.00,0.00,0.00,0.00,0.40,0.00,0.40,0.00,11.20,722048,0,3132796,81.27,35108,638680,5110752,132.58,2676504,349684,380,2352408,47012,5152,10516,10916,0,0,0.00,0,0.00,1,630,1.13,1.18,1.13,0,0.40,0.00,11.20,28.00,0.00,0.00,0.00,0.00,1.40,1.40,0.17,0.11,0.00,0.00,0.00,0.00
2017-09-24 15:24:05,51.26,0.00,0.20,0.00,0.00,0.00,0.00,0.00,0.00,48.54,0.00,1677.60,960.40,0.00,0.00,0.00,4.80,13.00,0.00,29.80,0.00,0.00,0.00,0.00,0.40,0.00,0.40,0.00,9.60,720008,0,3134836,81.32,35112,638704,5110752,132.58,2678580,349696,408,2354468,47012,5152,10520,10916,0,0,0.00,0,0.00,1,629,1.12,1.17,1.13,0,0.40,0.00,9.60,24.00,0.00,0.00,0.00,0.00,1.60,1.60,0.16,0.11,0.00,0.00,0.00,0.00
2017-09-24 15:24:10,51.06,0.00,0.10,0.00,0.00,0.00,0.00,0.00,0.00,48.83,0.00,1691.60,996.40,0.00,0.00,0.00,54.40,14.40,0.00,27.60,0.00,0.00,0.00,0.00,4.00,0.00,4.00,0.00,108.80,720016,0,3134828,81.32,35120,638736,5110752,132.58,2678532,349728,148,2354424,47012,5144,10520,10916,0,0,0.00,0,0.00,1,629,1.11,1.17,1.13,0,4.00,0.00,108.80,27.20,0.00,0.00,0.00,0.00,1.60,1.60,0.16,0.18,0.00,0.00,0.00,0.00
2017-09-24 15:24:15,51.01,0.00,0.30,0.00,0.10,0.00,0.00,0.00,0.00,48.59,0.00,1686.00,1048.60,0.00,0.00,0.00,39.20,16.20,0.00,23.40,0.00,0.00,0.00,0.00,2.40,0.00,2.40,0.00,78.40,720016,0,3134828,81.32,35128,638756,5110752,132.58,2678580,349740,80,2354436,47012,5144,10520,10916,0,0,0.00,0,0.00,1,629,1.10,1.17,1.13,0,2.40,0.00,78.40,32.67,0.00,0.33,0.33,0.08,1.00,1.00,0.12,0.08,0.00,0.00,0.00,0.00
2017-09-24 15:24:20,51.06,0.00,0.30,0.00,0.00,0.00,0.00,0.00,0.00,48.63,0.00,1755.40,1089.60,0.00,0.00,0.00,44.80,18.00,0.00,23.40,0.00,0.00,0.00,0.00,5.00,0.00,5.00,0.00,89.60,720016,0,3134828,81.32,35132,638784,5110752,132.58,2678628,349748,76,2354460,47012,5144,10520,10916,0,0,0.00,0,0.00,1,629,1.09,1.16,1.13,0,5.00,0.00,89.60,17.92,0.00,0.00,0.00,0.00,1.00,1.00,0.12,0.08,0.00,0.00,0.00,0.00
2017-09-24 15:24:25,51.16,0.00,0.10,0.00,0.00,0.00,0.00,0.00,0.00,48.74,0.00,1700.00,1061.80,0.00,0.00,0.00,12.80,14.40,0.00,27.80,0.00,0.00,0.00,0.00,0.40,0.00,0.40,0.00,25.60,720008,0,3134836,81.32,35136,638808,5110752,132.58,2678656,349760,188,2354472,47020,5144,10520,10916,0,0,0.00,0,0.00,2,629,1.08,1.16,1.13,0,0.40,0.00,25.60,64.00,0.00,2.00,2.00,0.08,1.60,1.60,0.18,0.19,0.00,0.00,0.00,0.00
2017-09-24 15:24:30,51.31,0.00,0.10,0.00,0.00,0.00,0.10,0.00,0.00,48.48,0.00,1738.20,1073.20,0.00,0.00,0.00,6.40,14.80,0.00,25.40,0.00,0.00,0.00,0.00,0.40,0.00,0.40,0.00,12.80,720008,0,3134836,81.32,35140,638840,5110752,132.58,2678672,349780,248,2354488,47024,5144,10520,10916,0,0,0.00,0,0.00,1,629,1.08,1.16,1.13,0,0.40,0.00,12.80,32.00,0.00,0.00,0.00,0.00,1.40,1.40,0.17,0.11,0.00,0.00,0.00,0.00
2017-09-24 15:24:35,51.01,0.00,0.20,0.10,0.00,0.00,0.00,0.00,0.00,48.69,0.00,1696.40,966.40,0.00,0.00,0.00,7.20,12.00,0.00,22.40,0.00,0.00,0.00,0.00,0.40,0.00,0.40,0.00,14.40,720008,0,3134836,81.32,35144,638864,5110752,132.58,2678700,349788,272,2354496,47024,5144,10520,10916,0,0,0.00,0,0.00,2,629,1.07,1.16,1.13,0,0.40,0.00,14.40,36.00,0.00,0.00,0.00,0.00,0.80,0.80,0.10,0.06,0.00,0.00,0.00,0.00
2017-09-24 15:24:40,51.16,0.00,0.10,0.00,0.00,0.00,0.00,0.00,0.00,48.74,0.00,1746.60,1240.40,0.00,0.00,0.00,3.20,13.80,0.00,39.40,0.00,0.00,0.00,0.00,0.40,0.00,0.40,0.00,6.40,718060,0,3136784,81.37,35152,638884,5110752,132.58,2680512,349804,296,2356280,47024,5144,10520,10916,0,0,0.00,0,0.00,1,629,1.06,1.15,1.13,0,0.40,0.00,6.40,16.00,0.00,2.00,2.00,0.08,1.20,1.20,0.13,0.16,0.00,0.00,0.00,0.00
2017-09-24 15:24:45,51.37,0.00,0.20,0.00,0.00,0.00,0.00,0.00,0.00,48.43,0.00,1651.20,1044.80,0.00,0.00,0.00,12.80,12.40,0.00,23.40,0.00,0.00,0.00,0.00,0.40,0.00,0.40,0.00,25.60,718084,0,3136760,81.37,35160,638916,5110752,132.58,2680544,349816,360,2356312,47024,5144,10520,10916,0,0,0.00,0,0.00,2,629,1.06,1.15,1.13,0,0.40,0.00,25.60,64.00,0.00,2.00,2.00,0.08,1.00,1.00,0.12,0.08,0.00,0.00,0.00,0.00
2017-09-24 15:24:50,51.41,0.00,0.10,0.00,0.10,0.00,0.00,0.00,0.00,48.39,0.00,1746.00,1223.00,0.00,0.00,0.00,28.80,16.20,0.00,23.60,0.00,0.00,0.00,0.00,2.60,0.00,2.60,0.00,57.60,718084,0,3136760,81.37,35164,638940,5110752,132.58,2680576,349840,236,2356312,47024,5144,10520,10916,0,0,0.00,0,0.00,1,629,1.05,1.15,1.13,0,2.60,0.00,57.60,22.15,0.00,0.62,0.62,0.16,1.00,1.00,0.12,0.08,0.00,0.00,0.00,0.00
2017-09-24 15:24:55,51.16,0.00,0.10,0.00,0.00,0.00,0.00,0.00,0.00,48.74,0.40,1672.20,1020.40,0.00,0.00,0.00,55.20,25.00,0.00,31.80,0.00,0.00,0.00,0.00,3.40,0.00,3.40,0.00,110.40,718084,0,3136760,81.37,35172,638972,5110752,132.58,2680616,349860,92,2356344,47028,5144,10520,10916,0,0,0.00,0,0.00,3,630,1.05,1.15,1.13,0,3.40,0.00,110.40,32.47,0.00,0.24,0.24,0.08,1.60,1.60,0.18,0.19,0.00,0.00,0.00,0.00
2017-09-24 15:25:00,51.26,0.00,0.20,0.00,0.00,0.00,0.00,0.00,0.00,48.54,0.00,1699.60,1074.20,0.00,0.00,0.00,15.20,13.00,0.00,130.20,0.00,0.00,0.00,0.00,1.20,0.00,1.20,0.00,30.40,718012,0,3136832,81.37,35180,638988,5110752,132.58,2680728,349868,216,2356428,47028,5152,10520,10916,0,0,0.00,0,0.00,3,630,1.05,1.14,1.13,0,1.20,0.00,30.40,25.33,0.00,0.67,0.67,0.08,2.00,1.80,0.20,0.13,0.00,0.00,0.00,0.00
2017-09-24 15:25:05,51.21,0.00,0.20,0.00,0.00,0.00,0.00,0.00,0.00,48.59,0.40,1723.20,1098.20,0.00,0.00,0.00,12.80,177.20,0.00,79.80,0.00,0.00,0.00,0.00,0.40,0.00,0.40,0.00,25.60,715840,0,3139004,81.43,35184,639020,5110752,132.58,2682820,349880,268,2358500,47056,5152,10524,10916,0,0,0.00,0,0.00,1,629,1.04,1.14,1.12,0,0.40,0.00,25.60,64.00,0.00,0.00,0.00,0.00,1.00,1.00,0.12,0.08,0.00,0.00,0.00,0.00
2017-09-24 15:25:10,51.16,0.00,0.20,0.00,0.00,0.00,0.00,0.00,0.00,48.64,0.00,1655.60,939.80,0.00,0.00,0.00,18.40,13.20,0.00,493.00,0.00,0.00,0.00,0.00,0.60,0.00,0.60,0.00,36.80,714412,0,3140432,81.47,35192,639044,5110752,132.58,2683716,349896,368,2359380,47036,5144,10524,10916,0,0,0.00,0,0.00,1,629,1.04,1.14,1.12,0,0.60,0.00,36.80,61.33,0.00,0.00,0.00,0.00,1.40,1.40,0.14,0.17,0.00,0.00,0.00,0.00
2017-09-24 15:25:15,51.36,0.00,0.10,0.00,0.10,0.00,0.00,0.00,0.00,48.44,0.00,1761.20,1111.00,0.00,0.00,0.00,4.80,15.20,0.00,23.40,0.00,0.00,0.00,0.00,0.40,0.00,0.40,0.00,9.60,714412,0,3140432,81.47,35200,639076,5110752,132.58,2683772,349920,400,2359416,47036,5144,10524,10916,0,0,0.00,0,0.00,1,629,1.04,1.14,1.12,0,0.40,0.00,9.60,24.00,0.00,0.00,0.00,0.00,1.00,1.00,0.12,0.08,0.00,0.00,0.00,0.00
2017-09-24 15:25:20,51.31,0.00,0.10,0.10,0.00,0.00,0.00,0.00,0.00,48.48,0.00,1681.20,1056.20,0.00,0.00,0.00,33.60,15.20,0.00,23.40,0.00,0.00,0.00,0.00,2.60,0.00,2.60,0.00,67.20,714412,0,3140432,81.47,35204,639096,5110752,132.58,2683808,349928,272,2359436,47036,5144,10524,10916,0,0,0.00,0,0.00,3,629,1.03,1.13,1.12,0,2.60,0.00,67.20,25.85,0.00,0.00,0.00,0.00,1.00,1.00,0.12,0.08,0.00,0.00,0.00,0.00
2017-09-24 15:25:25,51.32,0.00,0.20,0.00,0.00,0.00,0.00,0.00,0.00,48.48,0.00,1689.80,1040.80,0.00,0.00,0.00,7.20,18.00,0.00,131.80,0.00,0.00,0.00,0.00,0.40,0.00,0.40,0.00,14.40,712300,0,3142544,81.52,35212,639124,5100960,132.33,2685876,349944,408,2361496,47040,5144,10532,10916,0,0,0.00,0,0.00,3,629,1.03,1.13,1.12,0,0.40,0.00,14.40,36.00,0.00,4.00,4.00,0.16,1.60,1.60,0.18,0.19,0.00,0.00,0.00,0.00
2017-09-24 15:25:30,51.16,0.00,0.10,0.10,0.00,0.00,0.00,0.00,0.00,48.64,0.00,1719.20,1156.80,0.00,0.00,0.00,64.80,12.60,0.00,27.60,0.00,0.00,0.00,0.00,5.80,0.00,5.80,0.00,129.60,712268,0,3142576,81.52,35220,639148,5100960,132.33,2685900,349968,152,2361500,47040,5144,10532,10916,0,0,0.00,0,0.00,2,629,1.03,1.13,1.12,0,5.80,0.00,129.60,22.34,0.04,6.76,0.28,0.16,1.40,1.40,0.17,0.11,0.00,0.00,0.00,0.00
2017-09-24 15:25:35,51.51,0.00,0.10,0.00,0.00,0.00,0.00,0.00,0.00,48.39,0.00,1758.40,1135.40,0.00,0.00,0.00,14.40,14.00,0.00,23.60,0.00,0.00,0.00,0.00,1.60,0.00,1.60,0.00,28.80,712332,0,3142512,81.52,35228,639180,5100960,132.33,2685928,349992,216,2361524,47008,5144,10532,10916,0,0,0.00,0,0.00,1,629,1.03,1.13,1.12,0,1.60,0.00,28.80,18.00,0.00,0.00,0.00,0.00,1.00,1.00,0.12,0.08,0.00,0.00,0.00,0.00
2017-09-24 15:25:40,50.91,0.00,0.10,0.00,0.00,0.00,0.00,0.00,0.00,48.99,0.00,1674.20,963.40,0.00,0.00,0.00,17.60,11.60,0.00,155.20,0.00,0.00,0.00,0.00,0.40,0.00,0.40,0.00,35.20,710584,0,3144260,81.57,35236,639204,5100960,132.33,2687464,350008,268,2363040,47012,5144,10532,10916,0,0,0.00,0,0.00,1,629,1.02,1.13,1.12,0,0.40,0.00,35.20,88.00,0.00,2.00,2.00,0.08,1.20,1.20,0.13,0.16,0.00,0.00,0.00,0.00
2017-09-24 15:25:45,51.51,0.00,0.00,0.00,0.00,0.00,0.10,0.00,0.00,48.39,0.00,1724.80,1187.60,0.00,0.00,0.00,4.80,15.00,0.00,23.80,0.00,0.00,0.00,0.00,0.40,0.00,0.40,0.00,9.60,710592,0,3144252,81.57,35244,639232,5100960,132.33,2687524,350032,304,2363084,47012,5144,10532,10916,0,0,0.00,0,0.00,2,629,1.02,1.12,1.12,0,0.40,0.00,9.60,24.00,0.00,0.00,0.00,0.00,1.00,1.00,0.12,0.08,0.00,0.00,0.00,0.00
2017-09-24 15:25:50,51.16,0.00,0.20,0.00,0.00,0.00,0.00,0.00,0.00,48.63,0.00,1694.00,990.20,0.00,0.00,0.00,28.00,15.20,0.00,485.20,0.00,0.00,0.00,0.00,2.20,0.00,2.20,0.00,48.00,703384,0,3151460,81.75,35252,639248,5100960,132.33,2694688,350044,180,2370232,47012,5144,10532,10916,0,0,0.00,0,0.00,1,629,1.02,1.12,1.12,0,2.20,0.00,48.00,21.82,0.06,0.00,8.73,1.92,1.00,1.00,0.12,0.08,0.00,0.00,0.00,0.00
2017-09-24 15:25:55,51.56,0.00,0.30,0.00,0.00,0.00,0.00,0.00,0.00,48.14,0.40,1794.60,1212.00,0.00,0.00,0.00,0.00,29.40,0.00,30.00,0.00,0.00,0.00,0.00,0.60,0.00,0.60,0.00,8.00,703260,0,3151584,81.76,35252,639284,5100960,132.33,2694876,350064,352,2370404,47012,5144,10536,10916,0,0,0.00,0,0.00,1,630,1.02,1.12,1.12,0,0.60,0.00,8.00,13.33,0.02,136.00,13.33,0.80,1.20,1.20,0.13,0.16,0.00,0.00,0.00,0.00
2017-09-24 15:26:00,51.21,0.00,0.20,0.00,0.10,0.00,0.00,0.00,0.00,48.49,0.00,1664.40,991.20,0.00,0.00,0.00,8.80,12.00,0.00,559.60,0.00,0.00,0.00,0.00,0.40,0.00,0.40,0.00,17.60,697408,0,3157436,81.91,35260,639312,5100960,132.33,2700628,350084,412,2376140,47012,5152,10536,10916,0,0,0.00,0,0.00,2,630,1.02,1.12,1.12,0,0.40,0.00,17.60,44.00,0.00,0.00,0.00,0.00,2.20,2.20,0.24,0.17,0.00,0.00,0.00,0.00
2017-09-24 15:26:05,51.21,0.00,0.10,0.10,0.00,0.00,0.00,0.00,0.00,48.59,0.00,1779.80,1139.40,0.00,0.00,0.00,55.20,14.60,0.00,28.20,0.00,0.00,0.00,0.00,4.20,0.00,4.20,0.00,110.40,697408,0,3157436,81.91,35268,639336,5100960,132.33,2700672,350100,144,2376168,47012,5152,10536,10916,0,0,0.00,0,0.00,3,629,1.02,1.12,1.12,0,4.20,0.00,110.40,26.29,0.00,0.19,0.19,0.08,1.20,1.20,0.13,0.09,0.00,0.00,0.00,0.00
2017-09-24 15:26:10,51.01,0.00,0.10,0.00,0.00,0.00,0.00,0.00,0.00,48.89,0.00,1680.80,1053.00,0.00,0.00,0.00,8.00,11.80,0.00,26.00,0.00,0.00,0.00,0.00,0.40,0.00,0.40,0.00,16.00,697416,0,3157428,81.91,35276,639360,5100960,132.33,2700616,350120,220,2376104,47016,5144,10536,10916,0,0,0.00,0,0.00,3,629,1.01,1.11,1.12,0,0.40,0.00,16.00,40.00,0.00,0.00,0.00,0.00,1.20,1.20,0.13,0.16,0.00,0.00,0.00,0.00
2017-09-24 15:26:15,51.31,0.00,0.10,0.00,0.00,0.00,0.00,0.00,0.00,48.59,0.00,1773.60,1119.80,0.00,0.00,0.00,8.00,14.20,0.00,23.40,0.00,0.00,0.00,0.00,1.00,0.00,1.00,0.00,16.00,697416,0,3157428,81.91,35284,639388,5100960,132.33,2700664,350144,248,2376136,47016,5144,10536,10916,0,0,0.00,0,0.00,2,629,1.01,1.11,1.12,0,1.00,0.00,16.00,16.00,0.00,0.00,0.00,0.00,1.00,1.00,0.12,0.08,0.00,0.00,0.00,0.00
2017-09-24 15:26:20,51.16,0.00,0.10,0.00,0.10,0.00,0.00,0.00,0.00,48.64,0.00,1702.40,1075.00,0.00,0.00,0.00,36.80,14.20,0.00,228.40,0.00,0.00,0.00,0.00,2.80,0.00,2.80,0.00,73.60,697280,0,3157564,81.91,35292,639416,5100960,132.33,2700684,350164,116,2376140,47016,5144,10536,10916,0,0,0.00,0,0.00,1,629,1.01,1.11,1.12,0,2.80,0.00,73.60,26.29,0.00,0.00,0.00,0.00,1.00,1.00,0.12,0.08,0.00,0.00,0.00,0.00
2017-09-24 15:26:25,55.57,0.00,0.40,0.10,0.00,0.00,0.00,0.00,0.00,43.93,1.80,2490.60,1230.80,0.00,0.00,0.00,7.20,67.80,0.00,231.60,0.00,0.00,0.00,0.00,0.40,0.00,0.40,0.00,14.40,688792,0,3166052,82.13,35300,639456,5100960,132.33,2709692,350180,304,2385116,47016,5216,10560,10916,0,0,0.00,0,0.00,1,638,1.01,1.11,1.12,0,0.40,0.00,14.40,36.00,0.00,2.00,2.00,0.08,1.20,1.20,0.13,0.16,0.00,0.00,0.00,0.00
2017-09-24 15:26:30,51.21,0.00,0.00,0.00,0.00,0.00,0.00,0.00,0.00,48.79,0.00,1679.20,1155.40,0.00,0.00,0.00,16.00,13.20,0.00,28.20,0.00,0.00,0.00,0.00,0.40,0.00,0.40,0.00,32.00,688776,0,3166068,82.13,35308,639480,5100960,132.33,2709712,350204,380,2385128,47020,5216,10560,10916,0,0,0.00,0,0.00,3,638,1.01,1.11,1.12,0,0.40,0.00,32.00,80.00,0.00,4.00,4.00,0.16,2.00,2.00,0.23,0.16,0.00,0.00,0.00,0.00
2017-09-24 15:26:35,51.92,0.00,0.10,0.00,0.00,0.00,0.00,0.00,0.00,47.98,0.00,1776.80,1243.40,0.00,0.00,0.00,4.00,16.60,0.00,25.00,0.00,0.00,0.00,0.00,0.40,0.00,0.40,0.00,8.00,688652,0,3166192,82.14,35316,639508,5100960,132.33,2709808,350224,416,2385208,47020,5216,10560,10916,0,0,0.00,0,0.00,2,638,1.01,1.10,1.12,0,0.40,0.00,8.00,20.00,0.00,0.00,0.00,0.00,1.40,1.20,0.14,0.09,0.00,0.00,0.00,0.00
2017-09-24 15:26:40,50.81,0.00,0.20,0.00,0.00,0.00,0.10,0.00,0.00,48.89,0.00,1713.60,1081.40,0.00,0.00,0.00,56.80,12.20,0.00,26.00,0.00,0.00,0.00,0.00,4.20,0.00,4.20,0.00,113.60,688652,0,3166192,82.14,35328,639532,5100960,132.33,2709816,350252,152,2385208,47024,5216,10560,10916,0,0,0.00,0,0.00,1,638,1.01,1.10,1.12,0,4.20,0.00,113.60,27.05,0.00,0.00,0.00,0.00,1.20,1.20,0.13,0.16,0.00,0.00,0.00,0.00
2017-09-24 15:26:45,51.16,0.00,0.20,0.00,0.00,0.00,0.00,0.00,0.00,48.63,0.00,1729.60,1102.80,0.00,0.00,0.00,10.40,14.40,0.00,23.80,0.00,0.00,0.00,0.00,0.40,0.00,0.40,0.00,20.80,688652,0,3166192,82.14,35336,639564,5100960,132.33,2709844,350268,248,2385232,47024,5216,10560,10916,0,0,0.00,0,0.00,2,638,1.01,1.10,1.12,0,0.40,0.00,20.80,52.00,0.00,0.00,0.00,0.00,1.00,1.00,0.12,0.08,0.00,0.00,0.00,0.00
2017-09-24 15:26:50,51.31,0.00,0.00,0.00,0.00,0.00,0.00,0.00,0.00,48.69,0.00,1681.60,982.80,0.00,0.00,0.00,33.60,11.80,0.00,102.00,0.00,0.00,0.00,0.00,1.80,0.00,1.80,0.00,49.60,687504,0,3167340,82.17,35344,639580,5100960,132.33,2710400,350280,128,2385756,47024,5216,10560,10916,0,0,0.00,0,0.00,3,638,1.25,1.15,1.13,0,2.40,0.00,67.20,28.00,0.00,0.00,0.00,0.00,1.00,1.00,0.12,0.08,0.00,0.00,0.00,0.00
2017-09-24 15:26:55,51.21,0.00,0.10,0.00,0.00,0.00,0.00,0.00,0.00,48.69,0.40,1755.00,1172.20,0.00,0.00,0.00,0.00,29.40,0.00,30.80,0.00,0.00,0.00,0.00,0.60,0.00,0.60,0.00,17.60,687596,0,3167248,82.16,35344,639616,5100960,132.33,2710472,350300,276,2385840,47024,5216,10564,10916,0,0,0.00,0,0.00,1,639,1.23,1.15,1.13,0,0.00,0.00,0.00,0.00,0.00,0.00,0.00,0.00,1.40,1.40,0.14,0.17,0.00,0.00,0.00,0.00
2017-09-24 15:27:00,50.96,0.00,0.20,0.00,0.00,0.00,0.10,0.00,0.00,48.74,0.00,1692.20,1036.00,0.00,0.00,0.00,17.60,12.20,0.00,129.60,0.00,0.00,0.00,0.00,1.00,0.00,1.00,0.00,35.20,687432,0,3167412,82.17,35352,639644,5100960,132.33,2710480,350324,296,2385812,47024,5224,10564,10916,0,0,0.00,0,0.00,1,639,1.21,1.14,1.13,0,1.00,0.00,35.20,35.20,0.00,0.00,0.00,0.00,1.80,1.80,0.22,0.15,0.00,0.00,0.00,0.00
2017-09-24 15:27:05,51.47,0.00,0.20,0.00,0.00,0.00,0.00,0.00,0.00,48.33,0.00,1765.80,1231.60,0.00,0.00,0.00,8.80,14.60,0.00,27.60,0.00,0.00,0.00,0.00,0.40,0.00,0.40,0.00,17.60,687376,0,3167468,82.17,35360,639664,5100960,132.33,2710500,350336,332,2385812,47024,5224,10564,10916,0,0,0.00,0,0.00,1,638,1.19,1.14,1.13,0,0.40,0.00,17.60,44.00,0.00,0.00,0.00,0.00,1.00,1.00,0.12,0.08,0.00,0.00,0.00,0.00
2017-09-24 15:27:10,51.21,0.00,0.10,0.00,0.10,0.00,0.00,0.00,0.00,48.59,0.00,1684.40,1108.60,0.00,0.00,0.00,14.40,13.00,0.00,129.60,0.00,0.00,0.00,0.00,0.60,0.00,0.60,0.00,28.80,685376,0,3169468,82.22,35368,639692,5100960,132.33,2712524,350352,408,2387820,47024,5216,10568,10916,0,0,0.00,0,0.00,2,638,1.18,1.14,1.13,0,0.60,0.00,28.80,48.00,0.00,0.00,0.00,0.00,1.40,1.40,0.14,0.17,0.00,0.00,0.00,0.00
2017-09-24 15:27:15,51.11,0.00,0.10,0.00,0.00,0.00,0.00,0.00,0.00,48.79,0.00,1755.60,1222.40,0.00,0.00,0.00,36.80,13.80,0.00,23.40,0.00,0.00,0.00,0.00,0.80,0.00,0.80,0.00,73.60,685360,0,3169484,82.22,35376,639716,5100960,132.33,2712540,350372,276,2387820,47028,5216,10568,10916,0,0,0.00,0,0.00,1,638,1.16,1.14,1.13,0,0.80,0.00,73.60,92.00,0.00,0.00,0.00,0.00,1.00,1.00,0.12,0.08,0.00,0.00,0.00,0.00
2017-09-24 15:27:20,51.06,0.00,0.10,0.10,0.00,0.00,0.00,0.00,0.00,48.74,0.00,1698.40,1108.20,0.00,0.00,0.00,28.00,12.20,0.00,99.00,0.00,0.00,0.00,0.00,2.60,0.00,2.60,0.00,56.00,684528,0,3170316,82.24,35384,639744,5100960,132.33,2713124,350396,276,2388392,47028,5216,10568,10916,0,0,0.00,0,0.00,5,638,1.15,1.13,1.13,0,2.60,0.00,56.00,21.54,0.00,0.00,0.00,0.00,1.00,1.00,0.12,0.08,0.00,0.00,0.00,0.00
2017-09-24 15:27:25,51.06,0.00,0.20,0.00,0.00,0.00,0.00,0.00,0.00,48.74,0.00,1716.80,1192.40,0.00,0.00,0.00,70.40,19.40,0.00,61.60,0.00,0.00,0.00,0.00,5.80,0.00,5.80,0.00,140.80,685120,0,3169724,82.23,35392,639772,5100960,132.33,2712540,350416,176,2387792,47032,5144,10568,10916,0,0,0.00,0,0.00,1,629,1.14,1.13,1.13,0,5.80,0.00,140.80,24.28,0.00,0.00,0.00,0.00,1.20,1.20,0.13,0.16,0.00,0.00,0.00,0.00
2017-09-24 15:27:30,51.11,0.00,0.10,0.00,0.00,0.00,0.00,0.00,0.00,48.79,0.00,1693.20,1018.20,0.00,0.00,0.00,7.20,15.20,0.00,29.00,0.00,0.00,0.00,0.00,0.40,0.00,0.40,0.00,14.40,685120,0,3169724,82.23,35400,639796,5100960,132.33,2712556,350420,228,2387824,47032,5144,10572,10916,0,0,0.00,0,0.00,1,629,1.13,1.13,1.13,0,0.40,0.00,14.40,36.00,0.00,0.00,0.00,0.00,2.20,2.20,0.24,0.17,0.00,0.00,0.00,0.00
2017-09-24 15:27:35,51.11,0.00,0.00,0.00,0.10,0.00,0.00,0.00,0.00,48.79,0.00,1684.20,1023.80,0.00,0.00,0.00,3.20,12.00,0.00,23.40,0.00,0.00,0.00,0.00,0.40,0.00,0.40,0.00,6.40,685120,0,3169724,82.23,35408,639820,5100960,132.33,2712604,350452,252,2387828,47032,5144,10572,10916,0,0,0.00,0,0.00,1,629,1.12,1.13,1.13,0,0.40,0.00,6.40,16.00,0.00,0.00,0.00,0.00,1.00,1.00,0.12,0.08,0.00,0.00,0.00,0.00
2017-09-24 15:27:40,51.26,0.00,0.10,0.00,0.00,0.00,0.00,0.00,0.00,48.64,0.00,1736.80,1091.60,0.00,0.00,0.00,0.00,14.40,0.00,26.00,0.00,0.00,0.00,0.00,0.00,0.00,0.00,0.00,0.00,685104,0,3169740,82.23,35408,639848,5100960,132.33,2712624,350452,280,2387868,47048,5144,10572,10916,0,0,0.00,0,0.00,1,629,1.11,1.13,1.13,0,0.00,0.00,0.00,0.00,0.00,0.00,0.00,0.00,1.20,1.20,0.13,0.16,0.00,0.00,0.00,0.00
2017-09-24 15:27:45,51.26,0.00,0.00,0.00,0.00,0.00,0.00,0.00,0.00,48.74,0.00,1672.80,950.80,0.00,0.00,0.00,4.80,12.20,0.00,24.60,0.00,0.00,0.00,0.00,0.40,0.00,0.40,0.00,9.60,684980,0,3169864,82.23,35416,639876,5100960,132.33,2712644,350476,312,2387876,47048,5144,10572,10916,0,0,0.00,0,0.00,1,629,1.10,1.12,1.13,0,0.40,0.00,9.60,24.00,0.00,0.00,0.00,0.00,1.20,1.20,0.13,0.09,0.00,0.00,0.00,0.00
2017-09-24 15:27:50,51.12,0.00,0.00,0.00,0.00,0.00,0.00,0.00,0.00,48.88,0.00,1741.40,1135.80,0.00,0.00,0.00,4.80,13.60,0.00,24.20,0.00,0.00,0.00,0.00,0.40,0.00,0.40,0.00,9.60,684980,0,3169864,82.23,35424,639904,5100960,132.33,2712680,350492,340,2387900,47048,5144,10572,10916,0,0,0.00,0,0.00,3,629,1.09,1.12,1.12,0,0.40,0.00,9.60,24.00,0.00,0.00,0.00,0.00,1.20,1.20,0.13,0.09,0.00,0.00,0.00,0.00
2017-09-24 15:27:55,51.21,0.00,0.10,0.00,0.00,0.00,0.00,0.00,0.00,48.69,0.40,1743.20,1250.60,0.00,0.00,0.00,33.60,27.40,0.00,30.00,0.00,0.00,0.00,0.00,3.00,0.00,3.00,0.00,67.20,684980,0,3169864,82.23,35424,639928,5100960,132.33,2712844,350508,340,2388000,47052,5144,10572,10916,0,0,0.00,0,0.00,2,630,1.08,1.12,1.12,0,3.00,0.00,67.20,22.40,0.01,3.47,0.27,0.08,1.20,1.20,0.13,0.16,0.00,0.00,0.00,0.00
2017-09-24 15:28:00,51.16,0.00,0.20,0.10,0.00,0.00,0.00,0.00,0.00,48.54,0.00,1681.20,1017.40,0.00,0.00,0.00,62.40,14.20,0.00,27.20,0.00,0.00,0.00,0.00,3.00,0.00,3.00,0.00,124.80,684972,0,3169872,82.23,35432,639956,5100960,132.33,2712840,350528,204,2388000,47052,5152,10572,10916,0,0,0.00,0,0.00,1,630,1.08,1.12,1.12,0,3.00,0.00,124.80,41.60,0.00,0.00,0.00,0.00,1.80,1.80,0.22,0.15,0.00,0.00,0.00,0.00
2017-09-24 15:28:05,51.01,0.00,0.10,0.00,0.00,0.00,0.00,0.00,0.00,48.89,0.00,1702.80,1072.20,0.00,0.00,0.00,0.00,12.20,0.00,28.20,0.00,0.00,0.00,0.00,0.00,0.00,0.00,0.00,0.00,684972,0,3169872,82.23,35432,639984,5100960,132.33,2712864,350552,244,2388000,47052,5152,10572,10916,0,0,0.00,0,0.00,1,629,1.07,1.12,1.12,0,0.00,0.00,0.00,0.00,0.00,0.00,0.00,0.00,1.20,1.20,0.13,0.09,0.00,0.00,0.00,0.00
2017-09-24 15:28:10,53.08,0.00,0.40,0.00,0.10,0.00,0.00,0.00,0.00,46.42,0.00,1710.80,1130.00,0.00,0.00,0.00,4.80,566.80,0.00,390.60,0.00,0.00,0.00,0.00,0.40,0.00,0.40,0.00,9.60,681276,0,3173568,82.33,35440,640008,5100960,132.33,2716628,350564,280,2391756,47052,5144,10580,10916,0,0,0.00,0,0.00,1,629,1.06,1.11,1.12,0,0.40,0.00,9.60,24.00,0.00,0.00,0.00,0.00,1.20,1.20,0.13,0.16,0.00,0.00,0.00,0.00
2017-09-24 15:28:15,51.37,0.00,0.20,0.00,0.00,0.00,0.00,0.00,0.00,48.43,0.00,1721.76,1082.24,0.00,0.00,0.00,13.57,12.18,0.00,404.19,0.00,0.00,0.00,0.00,0.40,0.00,0.40,0.00,27.15,688056,0,3166788,82.15,35448,640032,5088596,132.01,2709288,350584,348,2384392,47052,5144,10580,10916,0,0,0.00,0,0.00,1,629,1.06,1.11,1.12,0,0.40,0.00,27.15,68.00,0.00,2.00,2.00,0.08,1.00,1.00,0.12,0.08,0.00,0.00,0.00,0.00
2017-09-24 15:28:20,51.36,0.00,0.30,0.00,0.00,0.00,0.00,0.00,0.00,48.34,0.00,1712.60,1211.20,0.00,0.00,0.00,4.00,14.40,0.00,515.00,0.00,0.00,0.00,0.00,0.40,0.00,0.40,0.00,8.00,687700,0,3167144,82.16,35452,640060,5088596,132.01,2709712,350592,380,2384792,47052,5144,10576,10916,0,0,0.00,0,0.00,1,629,1.05,1.11,1.12,0,0.40,0.00,8.00,20.00,0.00,2.00,2.00,0.08,1.00,1.00,0.12,0.08,0.00,0.00,0.00,0.00
2017-09-24 15:28:25,51.21,0.00,0.00,0.00,0.00,0.00,0.00,0.00,0.00,48.79,0.00,1724.20,1099.40,0.00,0.00,0.00,42.40,17.20,0.00,26.20,0.00,0.00,0.00,0.00,2.60,0.00,2.60,0.00,84.80,687700,0,3167144,82.16,35460,640084,5088596,132.01,2709720,350616,368,2384792,47048,5144,10576,10916,0,0,0.00,0,0.00,1,629,1.05,1.11,1.12,0,2.60,0.00,84.80,32.62,0.00,0.31,0.31,0.08,1.20,1.20,0.13,0.16,0.00,0.00,0.00,0.00
2017-09-24 15:28:30,51.21,0.00,0.10,0.00,0.10,0.00,0.00,0.00,0.00,48.59,0.00,1757.00,1137.00,0.00,0.00,0.00,7.20,14.20,0.00,30.80,0.00,0.00,0.00,0.00,0.40,0.00,0.40,0.00,14.40,677584,0,3177260,82.42,35468,640112,5088596,132.01,2719896,350636,404,2394952,47052,5144,10576,10916,0,0,0.00,0,0.00,1,629,1.05,1.11,1.12,0,0.40,0.00,14.40,36.00,0.00,2.00,2.00,0.08,1.40,1.40,0.17,0.11,0.00,0.00,0.00,0.00
2017-09-24 15:28:35,50.96,0.00,0.20,0.00,0.00,0.00,0.00,0.00,0.00,48.84,0.00,1677.00,959.20,0.00,0.00,0.00,62.40,12.20,0.00,25.40,0.00,0.00,0.00,0.00,4.20,0.00,4.20,0.00,124.80,675536,0,3179308,82.48,35476,640136,5088596,132.01,2721956,350652,116,2397000,47056,5144,10580,10916,0,0,0.00,0,0.00,2,629,1.05,1.11,1.12,0,4.20,0.00,124.80,29.71,0.00,0.00,0.00,0.00,1.40,1.40,0.17,0.11,0.00,0.00,0.00,0.00
2017-09-24 15:28:40,50.96,0.00,0.30,0.00,0.00,0.00,0.00,0.00,0.00,48.74,0.00,1744.20,1138.60,0.00,0.00,0.00,48.00,18.80,0.00,624.00,0.00,0.00,0.00,0.00,5.40,0.00,5.40,0.00,96.00,671048,0,3183796,82.59,35484,640168,5088596,132.01,2726424,350672,124,2401456,47060,5144,10580,10916,0,0,0.00,0,0.00,1,629,1.04,1.10,1.12,0,5.40,0.00,96.00,17.78,0.00,0.15,0.15,0.08,1.40,1.40,0.15,0.17,0.00,0.00,0.00,0.00
2017-09-24 15:28:45,51.16,0.00,0.10,0.00,0.00,0.00,0.00,0.00,0.00,48.74,0.00,1735.80,1191.80,0.00,0.00,0.00,11.20,12.20,0.00,23.80,0.00,0.00,0.00,0.00,0.40,0.00,0.40,0.00,22.40,671056,0,3183788,82.59,35492,640192,5088596,132.01,2726448,350696,208,2401460,47060,5144,10580,10916,0,0,0.00,0,0.00,1,629,1.04,1.10,1.12,0,0.40,0.00,22.40,56.00,0.00,0.00,0.00,0.00,1.00,1.00,0.12,0.08,0.00,0.00,0.00,0.00
2017-09-24 15:28:50,51.21,0.00,0.30,0.00,0.00,0.00,0.00,0.00,0.00,48.48,0.60,1744.00,1121.00,0.00,0.00,0.00,4.80,76.20,0.00,867.40,0.00,0.00,0.00,0.00,0.40,0.00,0.40,0.00,9.60,670704,0,3184140,82.60,35496,640224,5088596,132.01,2726560,350708,248,2401552,47176,5152,10580,10916,0,0,0.00,0,0.00,1,630,1.04,1.10,1.12,0,0.40,0.00,9.60,24.00,0.00,2.00,2.00,0.08,1.20,1.20,0.13,0.09,0.00,0.00,0.00,0.00
2017-09-24 15:28:55,51.16,0.00,0.20,0.00,0.00,0.00,0.00,0.00,0.00,48.64,0.40,1720.00,968.60,0.00,0.00,0.00,9.60,23.00,0.00,30.20,0.00,0.00,0.00,0.00,0.40,0.00,0.40,0.00,19.20,670704,0,3184140,82.60,35504,640244,5088596,132.01,2726572,350720,288,2401552,47176,5152,10580,10916,0,0,0.00,0,0.00,1,631,1.03,1.10,1.12,0,0.40,0.00,19.20,48.00,0.00,2.00,2.00,0.08,1.20,1.20,0.13,0.16,0.00,0.00,0.00,0.00
2017-09-24 15:29:00,51.46,0.00,0.10,0.10,0.00,0.00,0.00,0.00,0.00,48.34,0.00,1724.20,1085.60,0.00,0.00,0.00,5.60,14.20,0.00,131.80,0.00,0.00,0.00,0.00,0.40,0.00,0.40,0.00,11.20,670548,0,3184296,82.61,35512,640272,5088596,132.01,2726660,350744,336,2401652,47176,5160,10580,10916,0,0,0.00,0,0.00,1,630,1.03,1.10,1.12,0,0.40,0.00,11.20,28.00,0.00,2.00,2.00,0.08,1.40,1.40,0.17,0.11,0.00,0.00,0.00,0.00
2017-09-24 15:29:05,51.11,0.00,0.10,0.00,0.00,0.00,0.00,0.00,0.00,48.79,0.00,1715.20,1087.00,0.00,0.00,0.00,16.00,12.80,0.00,30.20,0.00,0.00,0.00,0.00,0.40,0.00,0.40,0.00,32.00,670592,0,3184252,82.60,35520,640296,5088596,132.01,2726652,350764,416,2401600,47176,5152,10580,10916,0,0,0.00,0,0.00,2,629,1.03,1.10,1.12,0,0.40,0.00,32.00,80.00,0.00,2.00,2.00,0.08,1.60,1.60,0.18,0.12,0.00,0.00,0.00,0.00
2017-09-24 15:29:10,51.12,0.00,0.00,0.00,0.00,0.00,0.00,0.00,0.00,48.88,0.00,1732.80,1131.20,0.00,0.00,0.00,41.60,18.80,0.00,538.20,0.00,0.00,0.00,0.00,2.60,0.00,2.60,0.00,83.20,670552,0,3184292,82.60,35532,640328,5088596,132.01,2726620,350792,420,2401552,47176,5144,10580,10916,0,0,0.00,0,0.00,2,629,1.03,1.10,1.12,0,2.60,0.00,83.20,32.00,0.00,0.62,0.31,0.08,1.20,1.20,0.13,0.16,0.00,0.00,0.00,0.00
2017-09-24 15:29:15,50.91,0.00,0.30,0.00,0.10,0.00,0.10,0.00,0.00,48.59,0.00,1721.00,1109.60,0.00,0.00,0.00,77.60,12.20,0.00,23.00,0.00,0.00,0.00,0.00,5.60,0.00,5.60,0.00,155.20,668528,0,3186316,82.66,35540,640348,5088596,132.01,2728688,350808,116,2403608,47180,5144,10584,10916,0,0,0.00,0,0.00,5,629,1.02,1.09,1.12,0,5.60,0.00,155.20,27.71,0.00,0.14,0.14,0.08,1.00,1.00,0.12,0.08,0.00,0.00,0.00,0.00
2017-09-24 15:29:20,51.21,0.00,0.10,0.00,0.00,0.00,0.00,0.00,0.00,48.69,0.00,1741.60,1201.60,0.00,0.00,0.00,12.00,13.60,0.00,228.40,0.00,0.00,0.00,0.00,0.40,0.00,0.40,0.00,24.00,668400,0,3186444,82.66,35548,640376,5088596,132.01,2728720,350828,208,2403640,47180,5144,10584,10916,0,0,0.00,0,0.00,2,629,1.02,1.09,1.12,0,0.40,0.00,24.00,60.00,0.00,2.00,2.00,0.08,1.00,1.00,0.12,0.08,0.00,0.00,0.00,0.00
2017-09-24 15:29:25,51.16,0.00,0.10,0.00,0.00,0.00,0.00,0.00,0.00,48.74,0.00,1703.80,1072.40,0.00,0.00,0.00,12.00,11.80,0.00,26.00,0.00,0.00,0.00,0.00,0.40,0.00,0.40,0.00,24.00,668376,0,3186468,82.66,35556,640400,5088596,132.01,2728748,350848,268,2403640,47184,5144,10584,10916,0,0,0.00,0,0.00,2,629,1.18,1.12,1.13,0,0.40,0.00,24.00,60.00,0.00,0.00,0.00,0.00,1.20,1.20,0.13,0.16,0.00,0.00,0.00,0.00
2017-09-24 15:29:30,51.37,0.00,0.20,0.00,0.00,0.00,0.10,0.00,0.00,48.33,0.00,1739.40,1136.00,0.00,0.00,0.00,3.20,15.80,0.00,25.40,0.00,0.00,0.00,0.00,0.40,0.00,0.40,0.00,6.40,668384,0,3186460,82.66,35560,640432,5088596,132.01,2728764,350864,316,2403660,47184,5144,10584,10916,0,0,0.00,0,0.00,2,629,1.33,1.16,1.14,0,0.40,0.00,6.40,16.00,0.00,0.00,0.00,0.00,1.40,1.40,0.17,0.11,0.00,0.00,0.00,0.00
2017-09-24 15:29:35,51.11,0.00,0.10,0.00,0.10,0.00,0.00,0.00,0.00,48.69,0.00,1749.80,1213.00,0.00,0.00,0.00,14.40,12.00,0.00,25.20,0.00,0.00,0.00,0.00,0.60,0.00,0.60,0.00,28.80,668400,0,3186444,82.66,35564,640456,5088596,132.01,2728832,350872,364,2403684,47188,5144,10584,10916,0,0,0.00,0,0.00,2,629,1.30,1.15,1.14,0,0.60,0.00,28.80,48.00,0.00,0.00,0.00,0.00,1.40,1.40,0.17,0.11,0.00,0.00,0.00,0.00
2017-09-24 15:29:40,51.26,0.00,0.30,0.00,0.00,0.00,0.00,0.00,0.00,48.43,0.00,1767.40,1135.00,0.00,0.00,0.00,34.40,20.80,0.00,77.40,0.00,0.00,0.00,0.00,2.60,0.00,2.60,0.00,68.80,667344,0,3187500,82.69,35572,640480,5088596,132.01,2729880,350892,360,2404720,47188,5144,10588,10916,0,0,0.00,0,0.00,2,629,1.28,1.15,1.14,0,2.60,0.00,68.80,26.46,0.00,0.00,0.00,0.00,1.20,1.20,0.13,0.16,0.00,0.00,0.00,0.00
2017-09-24 15:29:45,51.26,0.00,0.30,0.00,0.00,0.00,0.00,0.00,0.00,48.43,0.00,1727.20,1075.80,0.00,0.00,0.00,7.20,12.60,0.00,24.20,0.00,0.00,0.00,0.00,0.40,0.00,0.40,0.00,14.40,667320,0,3187524,82.69,35580,640508,5088596,132.01,2729920,350916,404,2404748,47188,5144,10588,10916,0,0,0.00,0,0.00,1,629,1.25,1.15,1.14,0,0.40,0.00,14.40,36.00,0.00,0.00,0.00,0.00,1.20,1.20,0.13,0.09,0.00,0.00,0.00,0.00
2017-09-24 15:29:50,51.72,0.00,0.00,0.10,0.00,0.00,0.00,0.00,0.00,48.18,0.00,1764.60,1215.20,0.00,0.00,0.00,60.00,16.00,0.00,27.20,0.00,0.00,0.00,0.00,4.20,0.00,4.20,0.00,120.00,667352,0,3187492,82.69,35588,640524,5088596,132.01,2729868,350932,152,2404688,47188,5136,10588,10916,0,0,0.00,0,0.00,2,628,1.23,1.15,1.13,0,4.20,0.00,120.00,28.57,0.00,0.38,0.38,0.16,1.00,1.00,0.12,0.08,0.00,0.00,0.00,0.00
2017-09-24 15:29:55,51.11,0.00,0.20,0.00,0.00,0.00,0.00,0.00,0.00,48.69,0.40,1701.40,966.60,0.00,0.00,0.00,5.60,22.00,0.00,30.00,0.00,0.00,0.00,0.00,0.40,0.00,0.40,0.00,11.20,667352,0,3187492,82.69,35588,640564,5088596,132.01,2729940,350948,196,2404760,47192,5136,10588,10916,0,0,0.00,0,0.00,2,629,1.21,1.14,1.13,0,0.40,0.00,11.20,28.00,0.00,0.00,0.00,0.00,1.20,1.20,0.13,0.16,0.00,0.00,0.00,0.00
2017-09-24 15:30:00,51.06,0.00,0.10,0.00,0.00,0.00,0.00,0.00,0.00,48.83,0.00,1695.40,1073.80,0.00,0.00,0.00,73.60,16.80,0.00,127.80,0.00,0.00,0.00,0.00,6.00,0.00,6.00,0.00,147.20,667032,0,3187812,82.70,35596,640584,5088596,132.01,2730044,350964,108,2404828,47192,5144,10588,10916,0,0,0.00,0,0.00,2,629,1.20,1.14,1.13,0,6.00,0.00,147.20,24.53,0.00,0.00,0.00,0.00,1.40,1.40,0.17,0.11,0.00,0.00,0.00,0.00
2017-09-24 15:30:05,51.01,0.00,0.20,0.00,0.00,0.00,0.00,0.00,0.00,48.79,0.00,1733.80,1018.20,0.00,0.00,0.00,12.00,14.80,0.00,29.60,0.00,0.00,0.00,0.00,0.40,0.00,0.40,0.00,24.00,667132,0,3187712,82.69,35604,640612,5088596,132.01,2730064,350980,208,2404848,47192,5144,10588,10916,0,0,0.00,0,0.00,1,628,1.18,1.14,1.13,0,0.40,0.00,24.00,60.00,0.00,2.00,2.00,0.08,1.40,1.40,0.17,0.11,0.00,0.00,0.00,0.00
2017-09-24 15:30:10,51.16,0.00,0.00,0.00,0.00,0.00,0.00,0.00,0.00,48.84,0.00,1677.20,970.00,0.00,0.00,0.00,6.40,11.80,0.00,26.80,0.00,0.00,0.00,0.00,0.40,0.00,0.40,0.00,12.80,667024,0,3187820,82.70,35612,640636,5088596,132.01,2730004,351004,244,2404780,47192,5136,10588,10916,0,0,0.00,0,0.00,1,628,1.17,1.14,1.13,0,0.40,0.00,12.80,32.00,0.00,0.00,0.00,0.00,1.40,1.40,0.14,0.17,0.00,0.00,0.00,0.00
2017-09-24 15:30:15,51.31,0.00,0.20,0.00,0.00,0.00,0.00,0.00,0.00,48.48,0.00,1767.80,1192.20,0.00,0.00,0.00,4.80,14.00,0.00,23.40,0.00,0.00,0.00,0.00,0.40,0.00,0.40,0.00,9.60,667040,0,3187804,82.70,35620,640668,5088596,132.01,2730044,351036,276,2404800,47192,5136,10588,10916,0,0,0.00,0,0.00,2,628,1.15,1.13,1.13,0,0.40,0.00,9.60,24.00,0.00,0.00,0.00,0.00,1.00,1.00,0.12,0.08,0.00,0.00,0.00,0.00
2017-09-24 15:30:20,51.11,0.00,0.10,0.10,0.10,0.00,0.00,0.00,0.00,48.59,0.00,1664.60,961.40,0.00,0.00,0.00,4.80,11.40,0.00,125.80,0.00,0.00,0.00,0.00,0.40,0.00,0.40,0.00,9.60,666968,0,3187876,82.70,35628,640688,5088596,132.01,2730068,351048,312,2404800,47196,5136,10588,10916,0,0,0.00,0,0.00,2,628,1.14,1.13,1.13,0,0.40,0.00,9.60,24.00,0.00,0.00,0.00,0.00,1.00,1.00,0.12,0.08,0.00,0.00,0.00,0.00
2017-09-24 15:30:25,51.26,0.00,0.00,0.00,0.00,0.00,0.00,0.00,0.00,48.74,0.00,1723.80,1114.20,0.00,0.00,0.00,5.60,33.00,0.00,46.60,0.00,0.00,0.00,0.00,0.40,0.00,0.40,0.00,11.20,667224,0,3187620,82.69,35632,640720,5088596,132.01,2730116,351056,344,2404820,47200,5136,10588,10916,0,0,0.00,0,0.00,1,628,1.13,1.13,1.13,0,0.40,0.00,11.20,28.00,0.00,0.00,0.00,0.00,1.20,1.20,0.13,0.16,0.00,0.00,0.00,0.00
2017-09-24 15:30:30,50.91,0.00,0.20,0.00,0.00,0.00,0.10,0.00,0.00,48.79,0.00,1716.00,1081.40,0.00,0.00,0.00,34.40,16.60,0.00,25.40,0.00,0.00,0.00,0.00,2.60,0.00,2.60,0.00,68.80,667224,0,3187620,82.69,35640,640736,5088596,132.01,2730128,351068,328,2404820,47200,5136,10588,10916,0,0,0.00,0,0.00,1,628,1.12,1.13,1.13,0,2.60,0.00,68.80,26.46,0.00,0.00,0.00,0.00,1.40,1.40,0.17,0.11,0.00,0.00,0.00,0.00
2017-09-24 15:30:35,54.98,0.00,0.41,0.00,0.00,0.00,0.00,0.00,0.00,44.61,2.20,2635.80,1440.20,0.00,0.00,0.00,44.80,370.60,0.00,80.00,0.00,0.00,0.00,0.00,2.40,0.00,2.40,0.00,89.60,664996,0,3189848,82.75,35640,640792,5088596,132.01,2732104,351100,140,2406796,47220,5224,10848,10916,0,0,0.00,0,0.00,1,639,1.11,1.12,1.13,0,2.40,0.00,89.60,37.33,0.00,0.00,0.00,0.00,4.60,5.00,0.53,0.85,0.00,0.00,0.00,0.00
2017-09-24 15:30:40,50.96,0.00,0.20,0.00,0.00,0.00,0.00,0.00,0.00,48.84,0.00,1692.60,1075.80,0.00,0.00,0.00,12.80,23.00,0.00,118.00,0.00,0.00,0.00,0.00,0.40,0.00,0.40,0.00,25.60,666160,0,3188684,82.72,35648,640808,5088596,132.01,2730944,351108,228,2405596,47220,5208,10588,10916,0,0,0.00,0,0.00,1,637,1.10,1.12,1.13,0,0.40,0.00,25.60,64.00,0.00,0.00,0.00,0.00,2.60,2.80,0.29,0.30,0.00,0.00,0.00,0.00
2017-09-24 15:30:45,51.11,0.00,0.20,0.00,0.10,0.00,0.00,0.00,0.00,48.58,0.00,1753.20,1127.60,0.00,0.00,0.00,4.80,14.20,0.00,23.80,0.00,0.00,0.00,0.00,0.40,0.00,0.40,0.00,9.60,666160,0,3188684,82.72,35656,640840,5088596,132.01,2730988,351128,272,2405620,47220,5208,10588,10916,0,0,0.00,0,0.00,1,637,1.09,1.12,1.13,0,0.40,0.00,9.60,24.00,0.00,0.00,0.00,0.00,1.00,1.00,0.12,0.08,0.00,0.00,0.00,0.00
2017-09-24 15:30:50,50.91,0.00,0.10,0.00,0.00,0.00,0.00,0.00,0.00,48.99,0.00,1697.20,1104.80,0.00,0.00,0.00,12.00,12.40,0.00,23.40,0.00,0.00,0.00,0.00,0.40,0.00,0.40,0.00,24.00,666160,0,3188684,82.72,35664,640864,5088596,132.01,2731004,351148,344,2405624,47220,5208,10588,10916,0,0,0.00,0,0.00,1,637,1.09,1.12,1.13,0,0.40,0.00,24.00,60.00,0.00,0.00,0.00,0.00,1.00,1.00,0.12,0.08,0.00,0.00,0.00,0.00
2017-09-24 15:30:55,52.73,0.00,0.10,0.00,0.00,0.00,0.00,0.00,0.00,47.17,0.40,1810.60,1280.20,0.00,0.00,0.00,7.20,217.20,0.00,297.00,0.00,0.00,0.00,0.00,0.40,0.00,0.40,0.00,14.40,665412,0,3189432,82.74,35672,640896,5072212,131.58,2731708,351172,388,2406316,47220,5208,10592,10916,0,0,0.00,0,0.00,1,638,1.08,1.12,1.13,0,0.40,0.00,14.40,36.00,0.00,2.00,2.00,0.08,1.20,1.20,0.13,0.16,0.00,0.00,0.00,0.00
2017-09-24 15:31:00,50.96,0.00,0.20,0.00,0.00,0.00,0.00,0.00,0.00,48.84,0.00,1739.40,1180.20,0.00,0.00,0.00,38.40,16.60,0.00,47.80,0.00,0.00,0.00,0.00,2.20,0.00,2.20,0.00,76.80,663916,0,3190928,82.78,35680,640916,5072212,131.58,2733272,351188,368,2407864,47220,5216,10592,10916,0,0,0.00,0,0.00,4,638,1.07,1.12,1.13,0,2.20,0.00,76.80,34.91,0.00,0.00,0.00,0.00,1.20,1.20,0.14,0.10,0.00,0.00,0.00,0.00
2017-09-24 15:31:05,51.46,0.00,0.20,0.00,0.00,0.00,0.00,0.00,0.00,48.34,0.00,1715.40,1106.20,0.00,0.00,0.00,0.00,16.00,0.00,27.40,0.00,0.00,0.00,0.00,0.00,0.00,0.00,0.00,0.00,663768,0,3191076,82.78,35680,640944,5072212,131.58,2733348,351200,412,2407924,47220,5216,10592,10916,0,0,0.00,0,0.00,1,637,1.07,1.11,1.13,0,0.00,0.00,0.00,0.00,0.00,0.00,0.00,0.00,1.00,1.00,0.12,0.08,0.00,0.00,0.00,0.00
2017-09-24 15:31:10,51.01,0.00,0.20,0.00,0.00,0.00,0.00,0.00,0.00,48.79,0.00,1706.40,1107.00,0.00,0.00,0.00,73.60,12.60,0.00,28.80,0.00,0.00,0.00,0.00,5.40,0.00,5.40,0.00,147.20,663800,0,3191044,82.78,35692,640968,5072212,131.58,2733292,351224,128,2407856,47224,5208,10592,10916,0,0,0.00,0,0.00,1,637,1.06,1.11,1.13,0,5.40,0.00,147.20,27.26,0.00,0.00,0.00,0.00,1.80,1.80,0.20,0.20,0.00,0.00,0.00,0.00
2017-09-24 15:31:15,51.21,0.00,0.10,0.10,0.00,0.00,0.00,0.00,0.00,48.59,0.00,1765.40,1236.40,0.00,0.00,0.00,13.60,14.20,0.00,24.60,0.00,0.00,0.00,0.00,0.60,0.00,0.60,0.00,27.20,663800,0,3191044,82.78,35700,641000,5072212,131.58,2733332,351248,236,2407880,47224,5208,10592,10916,0,0,0.00,0,0.00,1,637,1.06,1.11,1.13,0,0.60,0.00,27.20,45.33,0.00,0.00,0.00,0.00,1.20,1.20,0.13,0.09,0.00,0.00,0.00,0.00
2017-09-24 15:31:20,50.91,0.00,0.00,0.00,0.10,0.00,0.00,0.00,0.00,48.99,0.00,1677.80,1069.40,0.00,0.00,0.00,63.20,16.60,0.00,127.60,0.00,0.00,0.00,0.00,4.40,0.00,4.40,0.00,126.40,661752,0,3193092,82.83,35708,641028,5072212,131.58,2735396,351268,172,2409928,47228,5208,10596,10916,0,0,0.00,0,0.00,2,637,1.05,1.11,1.13,0,4.40,0.00,126.40,28.73,0.00,0.00,0.00,0.00,1.40,1.40,0.15,0.10,0.00,0.00,0.00,0.00
2017-09-24 15:31:25,51.46,0.00,0.10,0.00,0.00,0.00,0.10,0.00,0.00,48.34,0.00,1708.00,1019.00,0.00,0.00,0.00,10.40,51.20,0.00,63.40,0.00,0.00,0.00,0.00,0.40,0.00,0.40,0.00,20.80,661380,0,3193464,82.84,35716,641048,5072212,131.58,2735504,351276,240,2410036,47232,5208,10596,10916,0,0,0.00,0,0.00,1,637,1.05,1.11,1.13,0,0.40,0.00,20.80,52.00,0.00,2.00,2.00,0.08,1.20,1.20,0.13,0.16,0.00,0.00,0.00,0.00
2017-09-24 15:31:30,50.96,0.00,0.10,0.10,0.00,0.00,0.00,0.00,0.00,48.84,0.00,1697.00,1072.80,0.00,0.00,0.00,5.60,12.40,0.00,25.40,0.00,0.00,0.00,0.00,0.40,0.00,0.40,0.00,11.20,661380,0,3193464,82.84,35724,641072,5072212,131.58,2735464,351304,268,2409976,47232,5208,10596,10916,0,0,0.00,0,0.00,1,637,1.04,1.10,1.12,0,0.40,0.00,11.20,28.00,0.00,2.00,2.00,0.08,1.40,1.40,0.17,0.11,0.00,0.00,0.00,0.00
2017-09-24 15:31:35,51.21,0.00,0.10,0.00,0.00,0.00,0.00,0.00,0.00,48.69,0.00,1772.60,1196.40,0.00,0.00,0.00,4.00,15.20,0.00,74.60,0.00,0.00,0.00,0.00,0.40,0.00,0.40,0.00,8.00,661800,0,3193044,82.83,35732,641104,5072212,131.58,2734892,351328,316,2409392,47232,5136,10596,10916,0,0,0.00,0,0.00,1,628,1.04,1.10,1.12,0,0.40,0.00,8.00,20.00,0.00,0.00,0.00,0.00,4.80,4.80,0.33,0.28,0.00,0.00,0.00,0.00
2017-09-24 15:31:40,51.11,0.00,0.00,0.00,0.00,0.00,0.00,0.00,0.00,48.89,0.00,1709.80,1162.60,0.00,0.00,0.00,5.60,12.40,0.00,27.80,0.00,0.00,0.00,0.00,0.40,0.00,0.40,0.00,11.20,661824,0,3193020,82.83,35736,641132,5072212,131.58,2734924,351340,344,2409400,47232,5136,10596,10916,0,0,0.00,0,0.00,1,628,1.04,1.10,1.12,0,0.40,0.00,11.20,28.00,0.00,0.00,0.00,0.00,1.60,1.60,0.18,0.19,0.00,0.00,0.00,0.00
2017-09-24 15:31:45,51.37,0.00,0.10,0.00,0.00,0.00,0.00,0.00,0.00,48.53,0.00,1730.60,1152.20,0.00,0.00,0.00,5.60,14.80,0.00,23.40,0.00,0.00,0.00,0.00,0.40,0.00,0.40,0.00,11.20,661824,0,3193020,82.83,35740,641152,5072212,131.58,2734968,351348,372,2409436,47232,5136,10596,10916,0,0,0.00,0,0.00,1,628,1.03,1.10,1.12,0,0.40,0.00,11.20,28.00,0.00,2.00,2.00,0.08,1.00,1.00,0.12,0.08,0.00,0.00,0.00,0.00
2017-09-24 15:31:50,51.06,0.00,0.10,0.00,0.10,0.00,0.00,0.00,0.00,48.74,0.00,1710.80,1179.00,0.00,0.00,0.00,44.00,16.20,0.00,23.40,0.00,0.00,0.00,0.00,5.80,0.00,5.80,0.00,88.00,661824,0,3193020,82.83,35740,641180,5072212,131.58,2734992,351364,268,2409436,47232,5136,10596,10916,0,0,0.00,0,0.00,1,628,1.03,1.10,1.12,0,5.80,0.00,88.00,15.17,0.00,0.00,0.00,0.00,1.00,1.00,0.12,0.08,0.00,0.00,0.00,0.00
2017-09-24 15:31:55,51.01,0.00,0.20,0.00,0.00,0.00,0.00,0.00,0.00,48.79,0.40,1738.40,1085.20,0.00,0.00,0.00,41.60,24.00,0.00,31.20,0.00,0.00,0.00,0.00,1.20,0.00,1.20,0.00,83.20,661824,0,3193020,82.83,35748,641208,5072212,131.58,2735004,351384,164,2409452,47236,5136,10600,10916,0,0,0.00,0,0.00,3,629,1.03,1.10,1.12,0,1.20,0.00,83.20,69.33,0.00,0.00,0.00,0.00,1.40,1.40,0.15,0.24,0.00,0.00,0.00,0.00
2017-09-24 15:32:00,50.96,0.00,0.10,0.00,0.00,0.00,0.00,0.00,0.00,48.94,0.00,1730.60,1202.20,0.00,0.00,0.00,19.20,11.80,0.00,23.40,0.00,0.00,0.00,0.00,1.00,0.00,1.00,0.00,38.40,661832,0,3193012,82.83,35756,641232,5072212,131.58,2735104,351408,228,2409524,47240,5144,10600,10916,0,0,0.00,0,0.00,1,629,1.03,1.09,1.12,0,1.00,0.00,38.40,38.40,0.00,0.00,0.00,0.00,1.00,1.00,0.12,0.08,0.00,0.00,0.00,0.00
2017-09-24 15:32:05,51.11,0.00,0.10,0.10,0.00,0.00,0.00,0.00,0.00,48.69,0.00,1743.60,1125.40,0.00,0.00,0.00,4.00,14.20,0.00,30.00,0.00,0.00,0.00,0.00,0.40,0.00,0.40,0.00,8.00,661816,0,3193028,82.83,35764,641256,5072212,131.58,2735124,351424,252,2409528,47240,5144,10600,10916,0,0,0.00,0,0.00,1,628,1.51,1.19,1.15,0,0.40,0.00,8.00,20.00,0.00,0.00,0.00,0.00,1.60,1.60,0.18,0.12,0.00,0.00,0.00,0.00
2017-09-24 15:32:10,51.01,0.00,0.20,0.00,0.00,0.00,0.00,0.00,0.00,48.79,0.00,1717.40,981.80,0.00,0.00,0.00,4.80,12.20,0.00,79.40,0.00,0.00,0.00,0.00,0.40,0.00,0.40,0.00,9.60,662624,0,3192220,82.81,35772,641280,5072212,131.58,2734080,351436,292,2408480,47240,5136,10600,10916,0,0,0.00,0,0.00,2,628,1.46,1.19,1.15,0,0.40,0.00,9.60,24.00,0.00,0.00,0.00,0.00,1.60,1.60,0.18,0.19,0.00,0.00,0.00,0.00
2017-09-24 15:32:15,51.01,0.00,0.10,0.00,0.00,0.00,0.00,0.00,0.00,48.89,0.00,1719.80,996.40,0.00,0.00,0.00,4.00,14.00,0.00,23.40,0.00,0.00,0.00,0.00,0.40,0.00,0.40,0.00,8.00,662692,0,3192152,82.81,35780,641304,5072212,131.58,2734064,351456,316,2408452,47240,5136,10600,10916,0,0,0.00,0,0.00,1,628,1.43,1.19,1.15,0,0.40,0.00,8.00,20.00,0.00,2.00,2.00,0.08,1.00,1.00,0.12,0.08,0.00,0.00,0.00,0.00
2017-09-24 15:32:20,50.96,0.00,0.10,0.00,0.00,0.00,0.00,0.00,0.00,48.94,0.00,1676.60,953.00,0.00,0.00,0.00,27.20,16.40,0.00,48.40,0.00,0.00,0.00,0.00,2.60,0.00,2.60,0.00,54.40,661116,0,3193728,82.85,35780,641336,5072212,131.58,2735620,351480,312,2410020,47240,5136,10600,10916,0,0,0.00,0,0.00,1,628,1.39,1.18,1.15,0,2.60,0.00,54.40,20.92,0.01,4.00,0.31,0.08,1.00,1.00,0.12,0.08,0.00,0.00,0.00,0.00
2017-09-24 15:32:25,51.06,0.00,0.20,0.00,0.00,0.00,0.00,0.00,0.00,48.74,0.00,1730.40,1103.80,0.00,0.00,0.00,21.60,14.80,0.00,26.00,0.00,0.00,0.00,0.00,2.80,0.00,2.80,0.00,43.20,661140,0,3193704,82.85,35784,641360,5072212,131.58,2735684,351488,268,2410028,47240,5136,10600,10916,0,0,0.00,0,0.00,1,628,1.36,1.18,1.15,0,2.80,0.00,43.20,15.43,0.00,0.29,0.29,0.08,1.20,1.20,0.13,0.16,0.00,0.00,0.00,0.00
2017-09-24 15:32:30,50.96,0.00,0.10,0.00,0.10,0.00,0.00,0.00,0.00,48.84,0.00,1680.40,1022.00,0.00,0.00,0.00,47.20,11.40,0.00,280.60,0.00,0.00,0.00,0.00,1.00,0.00,1.00,0.00,94.40,659808,0,3195036,82.88,35792,641392,5072212,131.58,2736936,351508,180,2411260,47244,5136,10600,10916,0,0,0.00,0,0.00,1,628,1.33,1.18,1.15,0,1.00,0.00,94.40,94.40,0.00,0.80,0.80,0.08,3.60,3.60,0.27,0.22,0.00,0.00,0.00,0.00
2017-09-24 15:32:35,51.11,0.00,0.00,0.10,0.00,0.00,0.00,0.00,0.00,48.79,0.00,1701.80,1064.40,0.00,0.00,0.00,48.80,17.00,0.00,26.80,0.00,0.00,0.00,0.00,6.80,0.00,6.80,0.00,97.60,659832,0,3195012,82.88,35800,641416,5072212,131.58,2736948,351528,100,2411260,47232,5136,10600,10916,0,0,0.00,0,0.00,2,628,1.31,1.17,1.15,0,6.80,0.00,97.60,14.35,0.00,0.47,0.47,0.32,1.60,1.60,0.18,0.12,0.00,0.00,0.00,0.00
2017-09-24 15:32:40,51.01,0.00,0.30,0.00,0.00,0.00,0.00,0.00,0.00,48.69,0.00,1726.60,1113.60,0.00,0.00,0.00,13.60,14.40,0.00,28.00,0.00,0.00,0.00,0.00,0.40,0.00,0.40,0.00,27.20,659832,0,3195012,82.88,35804,641444,5072212,131.58,2736988,351544,208,2411284,47232,5136,10600,10916,0,0,0.00,0,0.00,1,628,1.28,1.17,1.15,0,0.40,0.00,27.20,68.00,0.00,2.00,2.00,0.08,1.60,1.60,0.18,0.19,0.00,0.00,0.00,0.00
2017-09-24 15:32:45,51.01,0.00,0.00,0.00,0.00,0.00,0.00,0.00,0.00,48.99,0.00,1703.00,1048.80,0.00,0.00,0.00,6.40,11.80,0.00,23.60,0.00,0.00,0.00,0.00,0.40,0.00,0.40,0.00,12.80,659832,0,3195012,82.88,35808,641472,5072212,131.58,2737012,351556,236,2411288,47236,5136,10600,10916,0,0,0.00,0,0.00,1,628,1.26,1.17,1.15,0,0.40,0.00,12.80,32.00,0.00,0.00,0.00,0.00,1.00,1.00,0.12,0.08,0.00,0.00,0.00,0.00
2017-09-24 15:32:50,50.86,0.00,0.20,0.00,0.00,0.00,0.00,0.00,0.00,48.94,0.00,1744.20,1149.40,0.00,0.00,0.00,3.20,13.80,0.00,23.60,0.00,0.00,0.00,0.00,0.40,0.00,0.40,0.00,6.40,659708,0,3195136,82.89,35816,641496,5072212,131.58,2737048,351572,264,2411308,47240,5136,10600,10916,0,0,0.00,0,0.00,2,628,1.24,1.17,1.14,0,0.40,0.00,6.40,16.00,0.00,2.00,2.00,0.08,1.00,1.00,0.12,0.08,0.00,0.00,0.00,0.00
2017-09-24 15:32:55,51.16,0.00,0.20,0.10,0.10,0.00,0.00,0.00,0.00,48.44,0.40,1738.20,1145.60,0.00,0.00,0.00,5.60,23.00,0.00,31.00,0.00,0.00,0.00,0.00,0.40,0.00,0.40,0.00,11.20,659708,0,3195136,82.89,35820,641520,5072212,131.58,2737068,351584,292,2411312,47240,5136,10600,10916,0,0,0.00,0,0.00,3,629,1.22,1.16,1.14,0,0.40,0.00,11.20,28.00,0.00,0.00,0.00,0.00,1.40,1.40,0.14,0.17,0.00,0.00,0.00,0.00
2017-09-24 15:33:00,50.96,0.00,0.20,0.00,0.00,0.00,0.00,0.00,0.00,48.84,0.00,1729.60,1103.00,0.00,0.00,0.00,5.60,13.80,0.00,335.80,0.00,0.00,0.00,0.00,0.40,0.00,0.40,0.00,11.20,655180,0,3199664,83.00,35824,641552,5072212,131.58,2741192,351596,344,2415416,47236,5144,10600,10916,0,0,0.00,0,0.00,1,629,1.20,1.16,1.14,0,0.40,0.00,11.20,28.00,0.00,2.00,2.00,0.08,1.00,1.00,0.12,0.08,0.00,0.00,0.00,0.00
2017-09-24 15:33:05,51.21,0.00,0.00,0.00,0.00,0.00,0.00,0.00,0.00,48.79,0.00,1711.00,1087.20,0.00,0.00,0.00,32.00,17.00,0.00,31.00,0.00,0.00,0.00,0.00,3.00,0.00,3.00,0.00,64.00,655164,0,3199680,83.00,35832,641580,5072212,131.58,2741204,351624,332,2415416,47236,5144,10600,10916,0,0,0.00,0,0.00,1,628,1.19,1.16,1.14,0,3.00,0.00,64.00,21.33,0.00,0.00,0.00,0.00,1.60,1.60,0.18,0.12,0.00,0.00,0.00,0.00
2017-09-24 15:33:10,51.36,0.00,0.20,0.00,0.00,0.00,0.00,0.00,0.00,48.44,0.00,1778.80,1297.60,0.00,0.00,0.00,70.40,16.20,0.00,418.40,0.00,0.00,0.00,0.00,5.40,0.00,5.40,0.00,140.80,646312,0,3208532,83.23,35844,641600,5072212,131.58,2749776,351640,124,2423972,47240,5136,10600,10916,0,0,0.00,0,0.00,3,628,1.17,1.15,1.14,0,5.40,0.00,140.80,26.07,0.00,0.15,0.15,0.08,1.60,1.60,0.18,0.19,0.00,0.00,0.00,0.00
2017-09-24 15:33:15,51.01,0.00,0.10,0.00,0.00,0.00,0.00,0.00,0.00,48.89,0.00,1692.40,1065.40,0.00,0.00,0.00,52.00,16.60,0.00,23.40,0.00,0.00,0.00,0.00,5.40,0.00,5.40,0.00,104.00,646352,0,3208492,83.23,35848,641624,5072212,131.58,2749792,351652,104,2423976,47240,5136,10600,10916,0,0,0.00,0,0.00,1,628,1.16,1.15,1.14,0,5.40,0.00,104.00,19.26,0.00,0.15,0.15,0.08,1.00,1.00,0.12,0.08,0.00,0.00,0.00,0.00
2017-09-24 15:33:20,51.26,0.00,0.20,0.10,0.00,0.00,0.00,0.00,0.00,48.43,0.00,1758.00,1161.40,0.00,0.00,0.00,9.60,14.40,0.00,895.20,0.00,0.00,0.00,0.00,0.40,0.00,0.40,0.00,19.20,647392,0,3207452,83.21,35856,641656,5059752,131.26,2748788,351672,196,2422948,47240,5136,10600,10916,0,0,0.00,0,0.00,1,628,1.14,1.15,1.14,0,0.40,0.00,19.20,48.00,0.00,4.00,4.00,0.16,1.00,1.00,0.12,0.08,0.00,0.00,0.00,0.00
2017-09-24 15:33:25,51.01,0.00,0.10,0.00,0.10,0.00,0.00,0.00,0.00,48.79,0.00,1724.80,1194.40,0.00,0.00,0.00,6.40,13.00,0.00,129.20,0.00,0.00,0.00,0.00,0.40,0.00,0.40,0.00,12.80,645344,0,3209500,83.26,35864,641680,5059752,131.26,2750844,351696,244,2424996,47244,5136,10604,10916,0,0,0.00,0,0.00,1,628,1.13,1.15,1.14,0,0.40,0.00,12.80,32.00,0.00,0.00,0.00,0.00,1.20,1.20,0.13,0.16,0.00,0.00,0.00,0.00
2017-09-24 15:33:30,50.96,0.00,0.20,0.00,0.00,0.00,0.00,0.00,0.00,48.84,0.00,1773.80,1147.60,0.00,0.00,0.00,4.00,14.20,0.00,126.80,0.00,0.00,0.00,0.00,0.40,0.00,0.40,0.00,8.00,645280,0,3209564,83.26,35872,641708,5059752,131.26,2750896,351712,276,2425028,47244,5136,10604,10916,0,0,0.00,0,0.00,1,628,1.12,1.14,1.14,0,0.40,0.00,8.00,20.00,0.00,0.00,0.00,0.00,1.20,1.20,0.13,0.09,0.00,0.00,0.00,0.00
2017-09-24 15:33:35,51.01,0.00,0.10,0.00,0.00,0.00,0.00,0.00,0.00,48.89,0.00,1735.80,1176.20,0.00,0.00,0.00,5.60,12.00,0.00,25.40,0.00,0.00,0.00,0.00,0.40,0.00,0.40,0.00,11.20,645156,0,3209688,83.26,35876,641732,5059752,131.26,2750916,351724,300,2425032,47244,5136,10604,10916,0,0,0.00,0,0.00,1,628,1.11,1.14,1.14,0,0.40,0.00,11.20,28.00,0.00,2.00,2.00,0.08,1.40,1.40,0.17,0.11,0.00,0.00,0.00,0.00
2017-09-24 15:33:40,50.91,0.00,0.20,0.00,0.00,0.00,0.00,0.00,0.00,48.89,0.00,1772.40,1177.40,0.00,0.00,0.00,3.20,13.60,0.00,539.80,0.00,0.00,0.00,0.00,0.40,0.00,0.40,0.00,6.40,645208,0,3209636,83.26,35880,641760,5059752,131.26,2750932,351736,328,2425048,47244,5136,10604,10916,0,0,0.00,0,0.00,1,628,1.10,1.14,1.14,0,0.40,0.00,6.40,16.00,0.00,0.00,0.00,0.00,1.60,1.60,0.18,0.19,0.00,0.00,0.00,0.00
2017-09-24 15:33:45,50.86,0.00,0.20,0.00,0.00,0.00,0.00,0.00,0.00,48.94,0.00,1696.20,1076.20,0.00,0.00,0.00,31.20,17.00,0.00,23.40,0.00,0.00,0.00,0.00,2.60,0.00,2.60,0.00,62.40,645076,0,3209768,83.27,35884,641784,5059752,131.26,2750964,351752,320,2425052,47244,5136,10604,10916,0,0,0.00,0,0.00,1,628,1.10,1.14,1.14,0,2.60,0.00,62.40,24.00,0.00,0.00,0.00,0.00,1.00,1.00,0.12,0.08,0.00,0.00,0.00,0.00
2017-09-24 15:33:50,50.96,0.00,0.30,0.00,0.10,0.00,0.00,0.00,0.00,48.64,0.00,1736.80,1133.40,0.00,0.00,0.00,48.00,13.60,0.00,535.80,0.00,0.00,0.00,0.00,2.40,0.00,2.40,0.00,96.00,645012,0,3209832,83.27,35892,641816,5059752,131.26,2751000,351768,136,2425076,47248,5136,10604,10916,0,0,0.00,0,0.00,2,628,1.09,1.14,1.13,0,2.40,0.00,96.00,40.00,0.00,0.00,0.00,0.00,1.00,1.00,0.12,0.08,0.00,0.00,0.00,0.00
2017-09-24 15:33:55,51.16,0.00,0.20,0.00,0.00,0.00,0.00,0.00,0.00,48.64,0.40,1734.40,1159.60,0.00,0.00,0.00,16.80,23.40,0.00,30.40,0.00,0.00,0.00,0.00,1.20,0.00,1.20,0.00,33.60,642964,0,3211880,83.32,35900,641840,5059752,131.26,2753080,351788,172,2427128,47248,5136,10608,10916,0,0,0.00,0,0.00,1,629,1.08,1.13,1.13,0,1.20,0.00,33.60,28.00,0.00,0.00,0.00,0.00,1.20,1.20,0.13,0.16,0.00,0.00,0.00,0.00
2017-09-24 15:34:00,50.91,0.00,0.20,0.00,0.00,0.00,0.00,0.00,0.00,48.89,0.00,1741.20,1204.60,0.00,0.00,0.00,4.80,13.00,0.00,23.40,0.00,0.00,0.00,0.00,0.40,0.00,0.40,0.00,9.60,642956,0,3211888,83.32,35908,641864,5059752,131.26,2753180,351808,228,2427220,47252,5144,10608,10916,0,0,0.00,0,0.00,1,629,1.07,1.13,1.13,0,0.40,0.00,9.60,24.00,0.00,0.00,0.00,0.00,1.00,1.00,0.12,0.08,0.00,0.00,0.00,0.00
2017-09-24 15:34:05,51.06,0.00,0.10,0.00,0.00,0.00,0.00,0.00,0.00,48.84,0.00,1744.20,1108.80,0.00,0.00,0.00,6.40,12.40,0.00,29.40,0.00,0.00,0.00,0.00,0.40,0.00,0.40,0.00,12.80,642956,0,3211888,83.32,35912,641888,5059752,131.26,2753196,351824,264,2427220,47252,5144,10608,10916,0,0,0.00,0,0.00,1,628,1.07,1.13,1.13,0,0.40,0.00,12.80,32.00,0.00,0.00,0.00,0.00,1.40,1.40,0.17,0.11,0.00,0.00,0.00,0.00
2017-09-24 15:34:10,51.01,0.00,0.10,0.10,0.00,0.00,0.00,0.00,0.00,48.79,0.00,1747.80,1133.40,0.00,0.00,0.00,12.00,29.20,0.00,26.80,0.00,0.00,0.00,0.00,0.40,0.00,0.40,0.00,24.00,642964,0,3211880,83.32,35916,641924,5059752,131.26,2753440,351840,336,2427476,47252,5136,10608,10916,0,0,0.00,0,0.00,2,628,1.06,1.13,1.13,0,0.40,0.00,24.00,60.00,0.00,2.00,2.00,0.08,1.40,1.40,0.14,0.17,0.00,0.00,0.00,0.00
2017-09-24 15:34:15,50.91,0.00,0.20,0.00,0.00,0.00,0.00,0.00,0.00,48.89,0.00,1728.20,1149.60,0.00,0.00,0.00,25.60,17.00,0.00,25.20,0.00,0.00,0.00,0.00,2.80,0.00,2.80,0.00,51.20,642964,0,3211880,83.32,35916,641944,5059752,131.26,2753496,351848,324,2427484,47252,5136,10608,10916,0,0,0.00,0,0.00,1,628,1.06,1.12,1.13,0,2.80,0.00,51.20,18.29,0.01,4.00,0.29,0.08,1.40,1.40,0.17,0.11,0.00,0.00,0.00,0.00
2017-09-24 15:34:20,51.26,0.00,0.20,0.00,0.10,0.00,0.00,0.00,0.00,48.43,0.00,1724.60,1094.20,0.00,0.00,0.00,7.20,15.00,0.00,23.40,0.00,0.00,0.00,0.00,0.40,0.00,0.40,0.00,14.40,642840,0,3212004,83.32,35924,641972,5059752,131.26,2753552,351864,372,2427532,47256,5136,10608,10916,0,0,0.00,0,0.00,1,628,1.05,1.12,1.13,0,0.40,0.00,14.40,36.00,0.00,0.00,0.00,0.00,1.00,1.00,0.12,0.08,0.00,0.00,0.00,0.00
2017-09-24 15:34:25,51.11,0.00,0.10,0.00,0.00,0.00,0.00,0.00,0.00,48.79,0.00,1720.80,1091.40,0.00,0.00,0.00,53.60,12.40,0.00,43.00,0.00,0.00,0.00,0.00,4.00,0.00,4.00,0.00,107.20,643088,0,3211756,83.32,35932,641996,5059752,131.26,2753260,351884,132,2427216,47256,5136,10608,10916,0,0,0.00,0,0.00,2,628,1.05,1.12,1.13,0,4.00,0.00,107.20,26.80,0.00,0.00,0.00,0.00,1.40,1.40,0.14,0.17,0.00,0.00,0.00,0.00
2017-09-24 15:34:30,51.16,0.00,0.10,0.10,0.00,0.00,0.10,0.00,0.00,48.53,0.00,1700.60,1085.20,0.00,0.00,0.00,41.60,20.40,0.00,178.00,0.00,0.00,0.00,0.00,4.80,0.00,4.80,0.00,83.20,639488,0,3215356,83.41,35940,642028,5059752,131.26,2756356,351888,132,2430308,47260,5136,10616,10916,0,0,0.00,0,0.00,2,628,1.04,1.12,1.13,0,4.80,0.00,83.20,17.33,0.00,0.17,0.17,0.08,1.00,1.00,0.12,0.08,0.00,0.00,0.00,0.00
2017-09-24 15:34:35,51.11,0.00,0.30,0.00,0.00,0.00,0.00,0.00,0.00,48.59,0.00,1665.80,953.60,0.00,0.00,0.00,12.80,13.20,0.00,25.60,0.00,0.00,0.00,0.00,0.40,0.00,0.40,0.00,25.60,639488,0,3215356,83.41,35948,642048,5059752,131.26,2756372,351904,216,2430312,47264,5136,10616,10916,0,0,0.00,0,0.00,3,628,1.04,1.12,1.13,0,0.40,0.00,25.60,64.00,0.00,0.00,0.00,0.00,1.40,1.40,0.17,0.11,0.00,0.00,0.00,0.00
2017-09-24 15:34:40,54.12,0.00,0.51,0.00,0.00,0.00,0.00,0.00,0.00,45.37,1.80,2584.80,1212.60,0.00,0.00,0.00,56.80,68.80,0.00,232.00,0.00,0.00,0.00,0.00,4.80,0.00,4.80,0.00,113.60,631068,0,3223776,83.63,35956,642076,5059752,131.26,2765192,351948,180,2439128,47260,5176,10632,10916,0,0,0.00,0,0.00,1,637,1.04,1.11,1.13,0,4.80,0.00,113.60,23.67,0.00,0.00,0.00,0.00,1.20,1.20,0.13,0.16,0.00,0.00,0.00,0.00
2017-09-24 15:34:45,51.06,0.00,0.20,0.00,0.00,0.00,0.00,0.00,0.00,48.74,0.00,1688.00,1155.00,0.00,0.00,0.00,54.40,18.40,0.00,25.20,0.00,0.00,0.00,0.00,5.40,0.00,5.40,0.00,108.80,628988,0,3225856,83.68,35964,642112,5059752,131.26,2767448,351964,100,2441336,47260,5208,10632,10916,0,0,0.00,0,0.00,1,637,1.04,1.11,1.13,0,5.40,0.00,108.80,20.15,0.00,0.00,0.00,0.00,1.40,1.40,0.17,0.11,0.00,0.00,0.00,0.00
2017-09-24 15:34:50,51.16,0.00,0.10,0.00,0.00,0.00,0.10,0.00,0.00,48.63,0.00,1743.60,1112.80,0.00,0.00,0.00,5.60,14.40,0.00,125.80,0.00,0.00,0.00,0.00,0.40,0.00,0.40,0.00,11.20,628520,0,3226324,83.70,35972,642136,5059752,131.26,2767456,351988,200,2441336,47260,5208,10636,10916,0,0,0.00,0,0.00,2,637,1.03,1.11,1.13,0,0.40,0.00,11.20,28.00,0.00,0.00,0.00,0.00,1.00,1.00,0.12,0.08,0.00,0.00,0.00,0.00
2017-09-24 15:34:55,51.16,0.00,0.10,0.00,0.10,0.00,0.00,0.00,0.00,48.64,0.40,1725.40,1210.80,0.00,0.00,0.00,6.40,23.00,0.00,30.00,0.00,0.00,0.00,0.00,0.40,0.00,0.40,0.00,12.80,628552,0,3226292,83.69,35980,642160,5059752,131.26,2767516,352000,240,2441376,47260,5208,10636,10916,0,0,0.00,0,0.00,1,638,1.03,1.11,1.13,0,0.40,0.00,12.80,32.00,0.00,2.00,2.00,0.08,1.20,1.20,0.13,0.16,0.00,0.00,0.00,0.00
2017-09-24 15:35:00,50.91,0.00,0.10,0.10,0.00,0.00,0.00,0.00,0.00,48.89,0.00,1724.00,1261.40,0.00,0.00,0.00,5.60,12.00,0.00,31.00,0.00,0.00,0.00,0.00,0.40,0.00,0.40,0.00,11.20,628544,0,3226300,83.69,35988,642184,5059752,131.26,2767600,352020,280,2441448,47264,5216,10636,10916,0,0,0.00,0,0.00,2,638,1.03,1.11,1.13,0,0.40,0.00,11.20,28.00,0.00,4.00,4.00,0.16,2.80,2.80,0.22,0.18,0.00,0.00,0.00,0.00
2017-09-24 15:35:05,50.91,0.00,0.30,0.00,0.00,0.00,0.00,0.00,0.00,48.79,0.40,1717.60,1244.40,0.00,0.00,0.00,0.00,176.60,0.00,84.20,0.00,0.00,0.00,0.00,0.00,0.00,0.00,0.00,0.00,628172,0,3226672,83.70,35988,642224,5059752,131.26,2767636,352044,324,2441468,47276,5216,10636,10916,0,0,0.00,0,0.00,1,637,1.03,1.10,1.13,0,0.00,0.00,0.00,0.00,0.00,0.00,0.00,0.00,1.80,1.80,0.19,0.14,0.00,0.00,0.00,0.00
2017-09-24 15:35:10,51.46,0.00,0.10,0.00,0.00,0.00,0.00,0.00,0.00,48.44,0.00,1638.60,936.20,0.00,0.00,0.00,20.00,12.40,0.00,26.20,0.00,0.00,0.00,0.00,0.60,0.00,0.60,0.00,40.00,628180,0,3226664,83.70,36000,642248,5059752,131.26,2767576,352064,424,2441400,47280,5208,10636,10916,0,0,0.00,0,0.00,1,637,1.02,1.10,1.13,0,0.60,0.00,40.00,66.67,0.00,1.33,1.33,0.08,1.20,1.20,0.13,0.16,0.00,0.00,0.00,0.00
2017-09-24 15:35:15,51.06,0.00,0.10,0.00,0.00,0.00,0.00,0.00,0.00,48.83,0.00,1711.20,992.00,0.00,0.00,0.00,35.20,19.40,0.00,26.00,0.00,0.00,0.00,0.00,2.40,0.00,2.40,0.00,70.40,628172,0,3226672,83.70,36008,642280,5059752,131.26,2767600,352084,408,2441428,47288,5208,10636,10916,0,0,0.00,0,0.00,1,637,1.02,1.10,1.13,0,2.40,0.00,70.40,29.33,0.00,0.00,0.00,0.00,1.60,1.60,0.18,0.12,0.00,0.00,0.00,0.00
2017-09-24 15:35:20,51.42,0.00,0.00,0.00,0.00,0.00,0.00,0.00,0.00,48.58,0.00,1667.40,1058.80,0.00,0.00,0.00,64.80,12.00,0.00,24.20,0.00,0.00,0.00,0.00,5.80,0.00,5.80,0.00,129.60,628164,0,3226680,83.70,36016,642300,5059752,131.26,2767648,352104,140,2441440,47296,5208,10636,10916,0,0,0.00,0,0.00,1,637,1.02,1.10,1.13,0,5.80,0.00,129.60,22.34,0.02,3.72,0.28,0.16,1.20,1.20,0.13,0.09,0.00,0.00,0.00,0.00
2017-09-24 15:35:25,51.26,0.00,0.10,0.10,0.00,0.00,0.00,0.00,0.00,48.53,0.00,1754.00,1103.40,0.00,0.00,0.00,12.80,14.80,0.00,128.80,0.00,0.00,0.00,0.00,0.80,0.00,0.80,0.00,25.60,626116,0,3228728,83.76,36024,642328,5059752,131.26,2769732,352124,184,2443504,47300,5208,10640,10916,0,0,0.00,0,0.00,2,637,1.02,1.10,1.13,0,0.80,0.00,25.60,32.00,0.00,0.00,0.00,0.00,1.20,1.20,0.13,0.16,0.00,0.00,0.00,0.00
2017-09-24 15:35:30,50.91,0.00,0.10,0.00,0.10,0.00,0.00,0.00,0.00,48.89,0.00,1648.80,1095.00,0.00,0.00,0.00,10.40,11.40,0.00,23.60,0.00,0.00,0.00,0.00,0.40,0.00,0.40,0.00,20.80,626100,0,3228744,83.76,36032,642352,5059752,131.26,2769740,352148,240,2443504,47300,5208,10640,10916,0,0,0.00,0,0.00,2,637,1.02,1.10,1.12,0,0.40,0.00,20.80,52.00,0.00,2.00,2.00,0.08,1.00,1.00,0.12,0.08,0.00,0.00,0.00,0.00
2017-09-24 15:35:35,51.31,0.00,0.00,0.00,0.00,0.00,0.00,0.00,0.00,48.69,0.00,1782.40,1340.00,0.00,0.00,0.00,4.80,14.80,0.00,255.80,0.00,0.00,0.00,0.00,0.40,0.00,0.40,0.00,9.60,630460,0,3224384,83.64,36040,642388,5048576,130.97,2765188,352164,288,2438932,47312,5208,10628,10916,0,0,0.00,0,0.00,1,637,1.02,1.10,1.12,0,0.40,0.00,9.60,24.00,0.00,0.00,0.00,0.00,1.40,1.40,0.17,0.11,0.00,0.00,0.00,0.00
2017-09-24 15:35:40,50.96,0.00,0.10,0.00,0.00,0.00,0.00,0.00,0.00,48.94,0.00,1701.80,1161.00,0.00,0.00,0.00,5.60,31.60,0.00,61.80,0.00,0.00,0.00,0.00,0.80,0.00,0.80,0.00,11.20,630584,0,3224260,83.64,36044,642408,5048576,130.97,2765036,352180,304,2438764,47312,5200,10628,10916,0,0,0.00,0,0.00,1,628,1.01,1.09,1.12,0,0.80,0.00,11.20,14.00,0.00,0.00,0.00,0.00,1.20,1.20,0.13,0.16,0.00,0.00,0.00,0.00
2017-09-24 15:35:45,51.21,0.00,0.20,0.00,0.00,0.00,0.00,0.00,0.00,48.59,0.00,1717.60,1197.80,0.00,0.00,0.00,25.60,18.60,0.00,26.00,0.00,0.00,0.00,0.00,2.20,0.00,2.20,0.00,51.20,630656,0,3224188,83.64,36044,642432,5048576,130.97,2765020,352188,292,2438732,47312,5136,10628,10916,0,0,0.00,0,0.00,1,628,1.01,1.09,1.12,0,2.20,0.00,51.20,23.27,0.00,0.00,0.00,0.00,1.60,1.40,0.19,0.11,0.00,0.00,0.00,0.00
2017-09-24 15:35:50,50.91,0.00,0.20,0.00,0.10,0.00,0.00,0.00,0.00,48.79,0.00,1691.80,1062.40,0.00,0.00,0.00,10.40,12.20,0.00,23.60,0.00,0.00,0.00,0.00,0.60,0.00,0.60,0.00,20.80,630640,0,3224204,83.64,36048,642456,5048576,130.97,2765036,352200,328,2438732,47312,5136,10628,10916,0,0,0.00,0,0.00,2,628,1.01,1.09,1.12,0,0.60,0.00,20.80,34.67,0.00,0.00,0.00,0.00,1.00,1.00,0.12,0.08,0.00,0.00,0.00,0.00
2017-09-24 15:35:55,51.06,0.00,0.10,0.10,0.00,0.00,0.00,0.00,0.00,48.74,0.40,1733.00,1179.20,0.00,0.00,0.00,50.40,24.60,0.00,29.80,0.00,0.00,0.00,0.00,3.00,0.00,3.00,0.00,100.80,630656,0,3224188,83.64,36056,642484,5048576,130.97,2765080,352224,136,2438764,47312,5136,10628,10916,0,0,0.00,0,0.00,1,629,1.01,1.09,1.12,0,3.00,0.00,100.80,33.60,0.00,0.00,0.00,0.00,1.20,1.20,0.13,0.16,0.00,0.00,0.00,0.00
2017-09-24 15:36:00,51.21,0.00,0.00,0.00,0.00,0.00,0.00,0.00,0.00,48.79,0.00,1698.40,1153.80,0.00,0.00,0.00,9.60,11.40,0.00,23.40,0.00,0.00,0.00,0.00,0.40,0.00,0.40,0.00,19.20,630648,0,3224196,83.64,36064,642508,5048576,130.97,2765164,352240,224,2438832,47316,5144,10628,10916,0,0,0.00,0,0.00,1,629,1.01,1.09,1.12,0,0.40,0.00,19.20,48.00,0.00,0.00,0.00,0.00,1.00,1.00,0.12,0.08,0.00,0.00,0.00,0.00
2017-09-24 15:36:05,55.66,0.00,0.20,0.00,0.00,0.00,0.00,0.00,0.00,44.14,0.00,1738.00,1127.20,0.00,0.00,0.00,5.60,606.60,0.00,636.40,0.00,0.00,0.00,0.00,0.40,0.00,0.40,0.00,11.20,628608,0,3226236,83.69,36072,642540,5048576,130.97,2766940,352260,272,2440588,47316,5144,10628,10916,0,0,0.00,0,0.00,1,628,1.01,1.09,1.12,0,0.40,0.00,11.20,28.00,0.00,0.00,0.00,0.00,1.40,1.40,0.17,0.11,0.00,0.00,0.00,0.00
2017-09-24 15:36:10,50.86,0.00,0.10,0.00,0.00,0.00,0.00,0.00,0.00,49.04,0.00,1699.00,1157.20,0.00,0.00,0.00,14.40,12.00,0.00,26.80,0.00,0.00,0.00,0.00,0.80,0.00,0.80,0.00,28.80,628460,0,3226384,83.70,36076,642564,5048576,130.97,2766956,352272,276,2440588,47328,5136,10632,10916,0,0,0.00,0,0.00,2,628,1.01,1.08,1.12,0,0.80,0.00,28.80,36.00,0.00,0.00,0.00,0.00,1.40,1.40,0.14,0.17,0.00,0.00,0.00,0.00
2017-09-24 15:36:15,51.11,0.00,0.10,0.00,0.00,0.00,0.00,0.00,0.00,48.79,0.00,1747.60,1173.00,0.00,0.00,0.00,36.00,18.80,0.00,25.20,0.00,0.00,0.00,0.00,2.60,0.00,2.60,0.00,72.00,628484,0,3226360,83.70,36080,642592,5048576,130.97,2766968,352292,276,2440608,47328,5136,10632,10916,0,0,0.00,0,0.00,1,628,1.01,1.08,1.12,0,2.60,0.00,72.00,27.69,0.01,2.46,0.92,0.24,1.40,1.40,0.17,0.11,0.00,0.00,0.00,0.00
2017-09-24 15:36:20,51.06,0.00,0.00,0.00,0.00,0.00,0.00,0.00,0.00,48.94,0.00,1677.60,1071.20,0.00,0.00,0.00,6.40,11.80,0.00,24.20,0.00,0.00,0.00,0.00,0.40,0.00,0.40,0.00,12.80,628484,0,3226360,83.70,36084,642616,5048576,130.97,2767004,352304,312,2440608,47328,5136,10632,10916,0,0,0.00,0,0.00,1,628,1.01,1.08,1.12,0,0.40,0.00,12.80,32.00,0.00,0.00,0.00,0.00,1.20,1.20,0.13,0.09,0.00,0.00,0.00,0.00
2017-09-24 15:36:25,52.02,0.00,0.10,0.00,0.00,0.00,0.00,0.00,0.00,47.88,0.00,1690.40,1119.20,0.00,0.00,0.00,10.40,31.20,0.00,43.20,0.00,0.00,0.00,0.00,0.60,0.00,0.60,0.00,20.80,628484,0,3226360,83.70,36088,642648,5048576,130.97,2767088,352312,344,2440664,47328,5136,10636,10916,0,0,0.00,0,0.00,1,628,1.01,1.08,1.12,0,0.60,0.00,20.80,34.67,0.00,0.00,0.00,0.00,1.20,1.20,0.13,0.16,0.00,0.00,0.00,0.00
2017-09-24 15:36:30,51.01,0.00,0.10,0.00,0.00,0.00,0.00,0.00,0.00,48.89,0.00,1689.60,1149.80,0.00,0.00,0.00,32.80,12.00,0.00,23.40,0.00,0.00,0.00,0.00,0.40,0.00,0.40,0.00,65.60,628484,0,3226360,83.70,36088,642672,5048576,130.97,2767100,352324,212,2440664,47332,5136,10636,10916,0,0,0.00,0,0.00,3,628,1.01,1.08,1.12,0,0.40,0.00,65.60,164.00,0.00,0.00,0.00,0.00,1.00,1.00,0.12,0.08,0.00,0.00,0.00,0.00
2017-09-24 15:36:35,51.16,0.00,0.10,0.00,0.10,0.00,0.00,0.00,0.00,48.64,0.00,1748.80,1117.20,0.00,0.00,0.00,19.20,13.60,0.00,25.60,0.00,0.00,0.00,0.00,2.80,0.00,2.80,0.00,38.40,628484,0,3226360,83.70,36092,642696,5048576,130.97,2767120,352336,176,2440680,47332,5136,10636,10916,0,0,0.00,0,0.00,2,628,1.01,1.08,1.12,0,2.80,0.00,38.40,13.71,0.00,0.29,0.29,0.08,1.40,1.40,0.17,0.11,0.00,0.00,0.00,0.00
2017-09-24 15:36:40,50.86,0.00,0.20,0.00,0.00,0.00,0.00,0.00,0.00,48.94,0.00,1701.60,1127.20,0.00,0.00,0.00,4.80,12.00,0.00,77.60,0.00,0.00,0.00,0.00,0.40,0.00,0.40,0.00,9.60,629352,0,3225492,83.67,36092,642724,5048576,130.97,2766132,352344,220,2439660,47332,5136,10636,10916,0,0,0.00,0,0.00,2,628,1.01,1.08,1.12,0,0.40,0.00,9.60,24.00,0.00,2.00,2.00,0.08,1.20,1.20,0.13,0.16,0.00,0.00,0.00,0.00
2017-09-24 15:36:45,51.01,0.00,0.20,0.00,0.00,0.00,0.00,0.00,0.00,48.79,0.00,1754.80,1218.20,0.00,0.00,0.00,29.60,18.40,0.00,23.40,0.00,0.00,0.00,0.00,2.80,0.00,2.80,0.00,59.20,627304,0,3227540,83.73,36096,642748,5048576,130.97,2768220,352348,224,2441728,47332,5136,10640,10916,0,0,0.00,0,0.00,2,628,1.00,1.07,1.12,0,2.80,0.00,59.20,21.14,0.00,0.29,0.29,0.08,1.00,1.00,0.12,0.08,0.00,0.00,0.00,0.00
2017-09-24 15:36:50,50.86,0.00,0.20,0.00,0.00,0.00,0.00,0.00,0.00,48.94,0.00,1722.00,1175.80,0.00,0.00,0.00,13.60,11.60,0.00,25.20,0.00,0.00,0.00,0.00,1.20,0.00,1.20,0.00,27.20,627288,0,3227556,83.73,36104,642772,5048576,130.97,2768236,352368,240,2441728,47336,5136,10640,10916,0,0,0.00,0,0.00,3,628,1.00,1.07,1.12,0,1.20,0.00,27.20,22.67,0.00,0.67,0.67,0.08,1.40,1.40,0.17,0.11,0.00,0.00,0.00,0.00
2017-09-24 15:36:55,51.06,0.00,0.30,0.00,0.00,0.00,0.00,0.00,0.00,48.64,2.60,1759.60,1099.60,0.00,0.00,0.00,61.60,722.20,0.00,238.00,0.00,0.00,0.00,0.00,5.40,0.00,5.40,0.00,123.20,627172,0,3227672,83.73,36112,642804,5048576,130.97,2768268,352380,128,2441744,47384,5136,10640,10916,0,0,0.00,0,0.00,2,629,1.00,1.07,1.12,0,5.40,0.00,123.20,22.81,0.00,0.15,0.15,0.08,1.40,1.40,0.20,0.23,0.00,0.00,0.00,0.00
2017-09-24 15:37:00,50.96,0.00,0.10,0.10,0.00,0.00,0.00,0.00,0.00,48.84,0.00,1657.00,938.40,0.00,0.00,0.00,14.40,11.20,0.00,688.00,0.00,0.00,0.00,0.00,0.40,0.00,0.40,0.00,28.80,625948,0,3228896,83.76,36120,642832,5048576,130.97,2769408,352404,244,2442872,47388,5144,10640,10916,0,0,0.00,0,0.00,1,629,1.00,1.07,1.12,0,0.40,0.00,28.80,72.00,0.00,4.00,4.00,0.16,1.20,1.20,0.13,0.09,0.00,0.00,0.00,0.00
2017-09-24 15:37:05,51.21,0.00,0.10,0.00,0.10,0.00,0.00,0.00,0.00,48.59,0.00,1752.60,1165.40,0.00,0.00,0.00,4.00,15.20,0.00,30.40,0.00,0.00,0.00,0.00,0.40,0.00,0.40,0.00,8.00,626072,0,3228772,83.76,36128,642856,5048576,130.97,2769444,352424,288,2442892,47384,5144,10640,10916,0,0,0.00,0,0.00,1,628,1.00,1.07,1.12,0,0.40,0.00,8.00,20.00,0.00,0.00,0.00,0.00,1.60,1.60,0.18,0.12,0.00,0.00,0.00,0.00
2017-09-24 15:37:10,51.06,0.00,0.10,0.00,0.00,0.00,0.00,0.00,0.00,48.84,0.00,1695.60,1106.40,0.00,0.00,0.00,77.60,17.00,0.00,26.00,0.00,0.00,0.00,0.00,7.00,0.00,7.00,0.00,155.20,625972,0,3228872,83.76,36140,642880,5048576,130.97,2769396,352452,108,2442828,47396,5136,10640,10916,0,0,0.00,0,0.00,2,628,1.00,1.07,1.12,0,7.00,0.00,155.20,22.17,0.00,0.23,0.11,0.08,1.20,1.20,0.13,0.16,0.00,0.00,0.00,0.00
2017-09-24 15:37:15,51.72,0.00,0.20,0.00,0.00,0.00,0.00,0.00,0.00,48.08,0.00,1740.80,1097.40,0.00,0.00,0.00,14.40,14.60,0.00,25.00,0.00,0.00,0.00,0.00,0.40,0.00,0.40,0.00,28.80,625972,0,3228872,83.76,36148,642904,5048576,130.97,2769412,352472,204,2442832,47396,5136,10640,10916,0,0,0.00,0,0.00,2,628,1.00,1.07,1.11,0,0.40,0.00,28.80,72.00,0.00,2.00,2.00,0.08,1.40,1.40,0.14,0.10,0.00,0.00,0.00,0.00
2017-09-24 15:37:20,51.62,0.00,0.20,0.10,0.00,0.00,0.00,0.00,0.00,48.08,0.00,1670.60,975.40,0.00,0.00,0.00,52.00,17.40,0.00,28.40,0.00,0.00,0.00,0.00,6.00,0.00,6.00,0.00,104.00,626028,0,3228816,83.76,36156,642936,5048576,130.97,2769436,352496,108,2442856,47340,5136,10640,10916,0,0,0.00,0,0.00,2,628,1.00,1.07,1.11,0,6.00,0.00,104.00,17.33,0.00,0.13,0.13,0.08,1.40,1.40,0.17,0.11,0.00,0.00,0.00,0.00
2017-09-24 15:37:25,51.31,0.00,0.10,0.00,0.00,0.00,0.00,0.00,0.00,48.59,0.00,1754.00,1128.00,0.00,0.00,0.00,12.80,15.20,0.00,26.00,0.00,0.00,0.00,0.00,0.40,0.00,0.40,0.00,25.60,626028,0,3228816,83.76,36164,642960,5048576,130.97,2769464,352516,204,2442856,47344,5136,10640,10916,0,0,0.00,0,0.00,1,628,1.00,1.07,1.11,0,0.40,0.00,25.60,64.00,0.00,2.00,2.00,0.08,1.20,1.20,0.13,0.16,0.00,0.00,0.00,0.00
2017-09-24 15:37:30,51.52,0.00,0.20,0.00,0.00,0.00,0.00,0.00,0.00,48.28,0.00,1632.60,952.60,0.00,0.00,0.00,6.40,126.20,0.00,147.40,0.00,0.00,0.00,0.00,0.40,0.00,0.40,0.00,12.80,626276,0,3228568,83.75,36172,642984,5048576,130.97,2769332,352528,240,2442728,47344,5136,10640,10916,0,0,0.00,0,0.00,2,628,1.00,1.07,1.11,0,0.40,0.00,12.80,32.00,0.00,2.00,2.00,0.08,0.80,0.80,0.10,0.06,0.00,0.00,0.00,0.00
2017-09-24 15:37:35,51.11,0.00,0.20,0.00,0.10,0.00,0.00,0.00,0.00,48.59,0.00,1688.20,1117.60,0.00,0.00,0.00,4.00,12.80,0.00,513.60,0.00,0.00,0.00,0.00,0.40,0.00,0.40,0.00,8.00,633444,0,3221400,83.57,36180,643008,5048576,130.97,2761716,352552,264,2435080,47344,5136,10644,10916,0,0,0.00,0,0.00,1,628,1.00,1.06,1.11,0,0.40,0.00,8.00,20.00,0.00,2.00,2.00,0.08,1.40,1.40,0.17,0.11,0.00,0.00,0.00,0.00
2017-09-24 15:37:40,50.91,0.00,0.00,0.00,0.00,0.00,0.00,0.00,0.00,49.09,0.00,1729.00,1171.40,0.00,0.00,0.00,4.00,13.80,0.00,26.40,0.00,0.00,0.00,0.00,0.40,0.00,0.40,0.00,8.00,633536,0,3221308,83.57,36188,643036,5048576,130.97,2761708,352576,300,2435060,47344,5136,10628,10916,0,0,0.00,0,0.00,1,628,1.00,1.06,1.11,0,0.40,0.00,8.00,20.00,0.00,0.00,0.00,0.00,1.20,1.20,0.13,0.16,0.00,0.00,0.00,0.00
2017-09-24 15:37:45,51.01,0.00,0.10,0.00,0.00,0.00,0.00,0.00,0.00,48.89,0.00,1689.60,1214.00,0.00,0.00,0.00,5.60,12.00,0.00,23.80,0.00,0.00,0.00,0.00,0.40,0.00,0.40,0.00,11.20,631488,0,3223356,83.62,36196,643060,5048576,130.97,2761724,352592,328,2437108,47344,5136,10632,10916,0,0,0.00,0,0.00,1,628,1.00,1.06,1.11,0,0.40,0.00,11.20,28.00,0.00,0.00,0.00,0.00,1.00,1.00,0.12,0.08,0.00,0.00,0.00,0.00
2017-09-24 15:37:50,51.06,0.00,0.10,0.00,0.00,0.00,0.00,0.00,0.00,48.84,0.00,1719.20,1105.40,0.00,0.00,0.00,29.60,18.80,0.00,25.80,0.00,0.00,0.00,0.00,2.60,0.00,2.60,0.00,59.20,631488,0,3223356,83.62,36204,643092,5048576,130.97,2763812,352612,324,2437128,47348,5136,10632,10916,0,0,0.00,0,0.00,1,628,0.92,1.04,1.11,0,2.60,0.00,59.20,22.77,0.00,0.00,0.00,0.00,1.40,1.40,0.17,0.11,0.00,0.00,0.00,0.00
2017-09-24 15:37:55,51.06,0.00,0.10,0.00,0.10,0.00,0.00,0.00,0.00,48.74,0.40,1691.00,959.40,0.00,0.00,0.00,50.40,22.80,0.00,30.40,0.00,0.00,0.00,0.00,2.40,0.00,2.40,0.00,100.80,631488,0,3223356,83.62,36212,643116,5048576,130.97,2763828,352632,136,2437132,47348,5136,10632,10916,0,0,0.00,0,0.00,1,629,0.93,1.04,1.11,0,2.40,0.00,100.80,42.00,0.00,0.00,0.00,0.00,1.20,1.20,0.13,0.16,0.00,0.00,0.00,0.00
2017-09-24 15:38:00,51.16,0.00,0.10,0.00,0.00,0.00,0.00,0.00,0.00,48.74,0.00,1692.00,1176.80,0.00,0.00,0.00,14.40,13.80,0.00,624.20,0.00,0.00,0.00,0.00,1.20,0.00,1.20,0.00,28.80,626852,0,3227992,83.74,36220,643144,5048576,130.97,2768300,352656,200,2441592,47348,5144,10632,10916,0,0,0.00,0,0.00,2,629,0.93,1.04,1.10,0,1.20,0.00,28.80,24.00,0.00,0.00,0.00,0.00,1.00,1.00,0.12,0.08,0.00,0.00,0.00,0.00
2017-09-24 15:38:05,51.31,0.00,0.20,0.00,0.00,0.00,0.00,0.00,0.00,48.48,0.00,1711.80,1155.80,0.00,0.00,0.00,8.80,18.80,0.00,29.80,0.00,0.00,0.00,0.00,0.40,0.00,0.40,0.00,17.60,614596,0,3240248,84.06,36228,643168,5048576,130.97,2780536,352676,244,2453816,47348,5144,10632,10916,0,0,0.00,0,0.00,4,628,0.94,1.04,1.10,0,0.40,0.00,17.60,44.00,0.00,0.00,0.00,0.00,1.40,1.40,0.17,0.11,0.00,0.00,0.00,0.00
2017-09-24 15:38:10,50.91,0.00,0.20,0.00,0.00,0.00,0.00,0.00,0.00,48.89,0.00,1722.20,1102.40,0.00,0.00,0.00,6.40,14.20,0.00,130.60,0.00,0.00,0.00,0.00,0.40,0.00,0.40,0.00,12.80,606192,0,3248652,84.27,36236,643200,5048576,130.97,2788744,352692,300,2462020,47348,5136,10656,10916,0,0,0.00,0,0.00,1,628,0.95,1.04,1.10,0,0.40,0.00,12.80,32.00,0.00,2.00,2.00,0.08,1.60,1.60,0.15,0.18,0.00,0.00,0.00,0.00
2017-09-24 15:38:15,51.11,0.00,0.00,0.00,0.00,0.00,0.00,0.00,0.00,48.89,0.00,1676.00,1004.80,0.00,0.00,0.00,3.20,11.80,0.00,25.00,0.00,0.00,0.00,0.00,0.40,0.00,0.40,0.00,6.40,606216,0,3248628,84.27,36244,643224,5048576,130.97,2788760,352712,324,2462024,47348,5136,10656,10916,0,0,0.00,0,0.00,1,628,0.95,1.04,1.10,0,0.40,0.00,6.40,16.00,0.00,0.00,0.00,0.00,1.40,1.40,0.15,0.10,0.00,0.00,0.00,0.00
2017-09-24 15:38:20,50.86,0.00,0.30,0.00,0.00,0.00,0.00,0.00,0.00,48.84,0.00,1754.20,1162.40,0.00,0.00,0.00,37.60,18.80,0.00,26.00,0.00,0.00,0.00,0.00,2.80,0.00,2.80,0.00,75.20,604184,0,3250660,84.33,36252,643248,5048576,130.97,2790860,352732,308,2464096,47356,5136,10660,10916,0,0,0.00,0,0.00,1,628,0.95,1.04,1.10,0,2.80,0.00,75.20,26.86,0.00,0.00,0.00,0.00,1.60,1.60,0.18,0.13,0.00,0.00,0.00,0.00
2017-09-24 15:38:25,50.96,0.00,0.10,0.00,0.00,0.00,0.00,0.00,0.00,48.94,0.00,1680.40,945.60,0.00,0.00,0.00,0.00,13.60,0.00,26.80,0.00,0.00,0.00,0.00,0.00,0.00,0.00,0.00,0.00,604168,0,3250676,84.33,36252,643272,5048576,130.97,2790876,352748,348,2464104,47356,5136,10660,10916,0,0,0.00,0,0.00,1,628,0.96,1.04,1.10,0,0.00,0.00,0.00,0.00,0.00,0.00,0.00,0.00,1.40,1.40,0.22,0.25,0.00,0.00,0.00,0.00
2017-09-24 15:38:30,51.01,0.00,0.20,0.00,0.00,0.00,0.10,0.00,0.00,48.68,0.00,1692.80,996.40,0.00,0.00,0.00,46.40,15.20,0.00,637.80,0.00,0.00,0.00,0.00,2.60,0.00,2.60,0.00,92.80,603900,0,3250944,84.33,36256,643300,5048576,130.97,2790940,352756,148,2464152,47356,5136,10660,10916,0,0,0.00,0,0.00,1,628,0.96,1.04,1.10,0,2.60,0.00,92.80,35.69,0.00,0.00,0.00,0.00,1.00,1.00,0.12,0.08,0.00,0.00,0.00,0.00
2017-09-24 15:38:35,51.36,0.00,0.00,0.10,0.00,0.00,0.10,0.00,0.00,48.44,0.00,1706.00,1057.40,0.00,0.00,0.00,9.60,13.80,0.00,51.20,0.00,0.00,0.00,0.00,0.40,0.00,0.40,0.00,19.20,602356,0,3252488,84.37,36264,643324,5048576,130.97,2792520,352776,216,2465708,47356,5136,10664,10916,0,0,0.00,0,0.00,1,628,0.96,1.04,1.10,0,0.40,0.00,19.20,48.00,0.00,0.00,0.00,0.00,1.40,1.40,0.17,0.11,0.00,0.00,0.00,0.00
2017-09-24 15:38:40,51.11,0.00,0.20,0.00,0.10,0.00,0.00,0.00,0.00,48.59,0.00,1722.20,1075.20,0.00,0.00,0.00,8.00,14.00,0.00,894.40,0.00,0.00,0.00,0.00,0.80,0.00,0.80,0.00,16.00,603324,0,3251520,84.35,36272,643356,5048576,130.97,2791648,352796,240,2464844,47360,5136,10664,10916,0,0,0.00,0,0.00,1,628,0.97,1.04,1.10,0,0.80,0.00,16.00,20.00,0.00,0.00,0.00,0.00,1.20,1.20,0.13,0.16,0.00,0.00,0.00,0.00
2017-09-24 15:38:45,51.06,0.00,0.10,0.00,0.00,0.00,0.00,0.00,0.00,48.84,0.00,1688.60,1047.20,0.00,0.00,0.00,8.00,11.80,0.00,23.60,0.00,0.00,0.00,0.00,0.40,0.00,0.40,0.00,16.00,603208,0,3251636,84.35,36280,643380,5048576,130.97,2791612,352820,272,2464772,47360,5136,10664,10916,0,0,0.00,0,0.00,1,628,0.97,1.04,1.10,0,0.40,0.00,16.00,40.00,0.00,0.00,0.00,0.00,1.00,1.00,0.12,0.08,0.00,0.00,0.00,0.00
2017-09-24 15:38:50,51.57,0.00,0.30,0.00,0.00,0.00,0.00,0.00,0.00,48.13,0.60,1733.00,1122.20,0.00,0.00,7.20,28.80,111.40,0.00,764.00,0.00,0.00,0.00,0.00,4.00,1.20,2.80,14.40,57.60,598204,0,3256640,84.48,36288,643444,5048576,130.97,2796520,352856,276,2469644,47464,5144,10672,10916,0,0,0.00,0,0.00,1,629,0.97,1.04,1.10,0,4.00,14.40,57.60,18.00,0.03,6.80,0.60,0.24,2.60,2.20,0.28,0.48,0.00,0.00,0.00,0.00
2017-09-24 15:38:55,51.06,0.00,0.00,0.00,0.00,0.00,0.00,0.00,0.00,48.94,0.40,1739.92,1139.52,0.00,0.00,0.00,8.78,22.75,0.00,30.14,0.00,0.00,0.00,0.00,0.40,0.00,0.40,0.00,17.56,598188,0,3256656,84.48,36296,643468,5048576,130.97,2796532,352876,312,2469644,47464,5144,10672,10916,0,0,0.00,0,0.00,3,630,0.97,1.04,1.10,0,0.40,0.00,17.56,44.00,0.00,0.00,0.00,0.00,1.20,1.20,0.13,0.16,0.00,0.00,0.00,0.00
2017-09-24 15:39:00,54.60,0.00,0.40,0.00,0.00,0.00,0.10,0.00,0.00,44.89,1.80,2706.20,1426.20,0.00,0.00,0.00,4.80,93.80,0.00,435.00,0.00,0.00,0.00,0.00,0.40,0.00,0.40,0.00,9.60,585200,0,3269644,84.82,36304,643516,5048576,130.97,2810232,352896,380,2483308,47468,5224,10696,10916,0,0,0.00,0,0.00,1,639,0.98,1.04,1.10,0,0.40,0.00,9.60,24.00,0.00,0.00,0.00,0.00,1.00,1.00,0.12,0.08,0.00,0.00,0.00,0.00
2017-09-24 15:39:05,51.11,0.00,0.00,0.00,0.10,0.00,0.00,0.00,0.00,48.79,0.00,1715.80,1163.80,0.00,0.00,0.00,48.00,12.20,0.00,41.40,0.00,0.00,0.00,0.00,2.40,0.00,2.40,0.00,96.00,585200,0,3269644,84.82,36308,643540,5048576,130.97,2810048,352912,172,2483112,47468,5224,10696,10916,0,0,0.00,0,0.00,1,638,0.98,1.04,1.10,0,2.40,0.00,96.00,40.00,0.00,0.00,0.00,0.00,1.60,1.60,0.18,0.12,0.00,0.00,0.00,0.00
2017-09-24 15:39:10,50.96,0.00,0.00,0.00,0.00,0.00,0.00,0.00,0.00,49.04,0.00,1735.80,1089.60,0.00,0.00,0.00,15.20,13.60,0.00,26.80,0.00,0.00,0.00,0.00,0.60,0.00,0.60,0.00,30.40,585208,0,3269636,84.82,36316,643564,5048576,130.97,2810008,352924,264,2483060,47472,5216,10696,10916,0,0,0.00,0,0.00,2,638,0.98,1.04,1.10,0,0.60,0.00,30.40,50.67,0.00,0.00,0.00,0.00,1.40,1.40,0.14,0.17,0.00,0.00,0.00,0.00
2017-09-24 15:39:15,51.06,0.00,0.10,0.00,0.00,0.00,0.00,0.00,0.00,48.84,0.00,1749.40,1223.20,0.00,0.00,0.00,14.40,13.00,0.00,23.60,0.00,0.00,0.00,0.00,0.80,0.00,0.80,0.00,28.80,585208,0,3269636,84.82,36324,643588,5048576,130.97,2810036,352944,260,2483072,47472,5216,10696,10916,0,0,0.00,0,0.00,2,638,0.98,1.04,1.10,0,0.80,0.00,28.80,36.00,0.00,0.00,0.00,0.00,1.00,1.00,0.12,0.08,0.00,0.00,0.00,0.00
2017-09-24 15:39:20,50.91,0.00,0.30,0.00,0.00,0.00,0.00,0.00,0.00,48.79,0.00,1729.00,1160.60,0.00,0.00,0.00,63.20,19.40,0.00,23.60,0.00,0.00,0.00,0.00,6.60,0.00,6.60,0.00,126.40,585084,0,3269760,84.82,36328,643616,5048576,130.97,2810076,352956,124,2483112,47472,5216,10696,10916,0,0,0.00,0,0.00,2,638,0.98,1.04,1.10,0,6.60,0.00,126.40,19.15,0.00,0.00,0.00,0.00,1.00,1.00,0.12,0.08,0.00,0.00,0.00,0.00
2017-09-24 15:39:25,51.01,0.00,0.00,0.00,0.00,0.00,0.00,0.00,0.00,48.99,0.00,1683.80,1041.80,0.00,0.00,0.00,12.80,12.40,0.00,28.00,0.00,0.00,0.00,0.00,0.40,0.00,0.40,0.00,25.60,585084,0,3269760,84.82,36332,643640,5048576,130.97,2810116,352972,204,2483116,47472,5216,10696,10916,0,0,0.00,0,0.00,2,638,0.98,1.04,1.10,0,0.40,0.00,25.60,64.00,0.00,0.00,0.00,0.00,1.60,1.60,0.18,0.19,0.00,0.00,0.00,0.00
2017-09-24 15:39:30,51.16,0.00,0.00,0.00,0.00,0.00,0.00,0.00,0.00,48.84,0.00,1719.60,1024.40,0.00,0.00,0.00,3.20,14.80,0.00,358.20,0.00,0.00,0.00,0.00,0.40,0.00,0.40,0.00,6.40,591264,0,3263580,84.66,36336,643676,5048576,130.97,2803460,352972,256,2476476,47472,5216,10688,10916,0,0,0.00,0,0.00,2,638,0.99,1.03,1.10,0,0.40,0.00,6.40,16.00,0.00,0.00,0.00,0.00,1.00,1.00,0.12,0.08,0.00,0.00,0.00,0.00
2017-09-24 15:39:35,51.26,0.00,0.10,0.10,0.00,0.00,0.00,0.00,0.00,48.54,0.00,1719.40,1178.80,0.00,0.00,0.00,5.60,12.00,0.00,25.20,0.00,0.00,0.00,0.00,0.40,0.00,0.40,0.00,11.20,591288,0,3263556,84.66,36340,643696,5048576,130.97,2803516,352996,276,2476476,47472,5216,10688,10916,0,0,0.00,0,0.00,2,638,0.99,1.03,1.10,0,0.40,0.00,11.20,28.00,0.00,0.00,0.00,0.00,1.40,1.40,0.17,0.11,0.00,0.00,0.00,0.00
2017-09-24 15:39:40,51.06,0.00,0.10,0.00,0.00,0.00,0.00,0.00,0.00,48.84,0.00,1727.60,1077.20,0.00,0.00,0.00,67.20,19.20,0.00,26.00,0.00,0.00,0.00,0.00,4.80,0.00,4.80,0.00,134.40,589240,0,3265604,84.71,36348,643720,5048576,130.97,2805576,353016,164,2478528,47472,5216,10692,10916,0,0,0.00,0,0.00,2,638,1.07,1.05,1.10,0,4.80,0.00,134.40,28.00,0.00,0.17,0.17,0.08,1.20,1.20,0.13,0.16,0.00,0.00,0.00,0.00
2017-09-24 15:39:45,51.16,0.00,0.10,0.00,0.00,0.00,0.00,0.00,0.00,48.74,0.00,1730.80,1183.20,0.00,0.00,0.00,7.20,12.40,0.00,23.40,0.00,0.00,0.00,0.00,0.40,0.00,0.40,0.00,14.40,589116,0,3265728,84.72,36356,643748,5048576,130.97,2805616,353036,208,2478548,47476,5216,10692,10916,0,0,0.00,0,0.00,2,638,1.06,1.05,1.10,0,0.40,0.00,14.40,36.00,0.00,0.00,0.00,0.00,1.00,1.00,0.12,0.08,0.00,0.00,0.00,0.00
2017-09-24 15:39:50,50.91,0.00,0.10,0.00,0.10,0.00,0.00,0.00,0.00,48.89,0.00,1758.80,1156.60,0.00,0.00,0.00,4.00,13.20,0.00,27.20,0.00,0.00,0.00,0.00,0.40,0.00,0.40,0.00,8.00,589124,0,3265720,84.72,36364,643764,5048576,130.97,2805560,353052,244,2478484,47476,5208,10692,10916,0,0,0.00,0,0.00,2,637,1.06,1.05,1.10,0,0.40,0.00,8.00,20.00,0.00,2.00,2.00,0.08,1.00,1.00,0.12,0.08,0.00,0.00,0.00,0.00
2017-09-24 15:39:55,50.96,0.00,0.10,0.00,0.00,0.00,0.00,0.00,0.00,48.94,0.40,1704.20,1031.80,0.00,0.00,0.00,7.20,23.20,0.00,35.40,0.00,0.00,0.00,0.00,0.40,0.00,0.40,0.00,14.40,589124,0,3265720,84.72,36372,643796,5048576,130.97,2805588,353072,288,2478504,47480,5208,10692,10916,0,0,0.00,0,0.00,2,638,1.05,1.05,1.10,0,0.40,0.00,14.40,36.00,0.00,0.00,0.00,0.00,2.40,2.20,0.23,0.22,0.00,0.00,0.00,0.00
2017-09-24 15:40:00,51.26,0.00,0.30,0.00,0.00,0.00,0.00,0.00,0.00,48.44,0.00,1751.00,1106.00,0.00,0.00,0.00,6.40,15.00,0.00,59.00,0.00,0.00,0.00,0.00,0.40,0.00,0.40,0.00,12.80,589660,0,3265184,84.70,36380,643820,5048576,130.97,2805088,353092,328,2477988,47480,5144,10692,10916,0,0,0.00,0,0.00,4,629,1.05,1.05,1.10,0,0.40,0.00,12.80,32.00,0.00,0.00,0.00,0.00,1.00,1.00,0.12,0.08,0.00,0.00,0.00,0.00
2017-09-24 15:40:05,50.91,0.00,0.20,0.00,0.00,0.00,0.00,0.00,0.00,48.89,0.00,1687.60,968.40,0.00,0.00,0.00,0.00,12.40,0.00,30.20,0.00,0.00,0.00,0.00,0.00,0.00,0.00,0.00,0.00,589660,0,3265184,84.70,36380,643852,5048576,130.97,2805120,353108,360,2478012,47480,5144,10692,10916,0,0,0.00,0,0.00,2,628,1.04,1.05,1.10,0,0.00,0.00,0.00,0.00,0.00,0.00,0.00,0.00,1.60,1.60,0.18,0.12,0.00,0.00,0.00,0.00
2017-09-24 15:40:10,50.86,0.00,0.20,0.00,0.10,0.00,0.00,0.00,0.00,48.84,0.00,1682.20,964.20,0.00,0.00,0.00,36.00,17.00,0.00,26.20,0.00,0.00,0.00,0.00,2.60,0.00,2.60,0.00,72.00,587644,0,3267200,84.76,36388,643876,5048576,130.97,2807112,353124,332,2479996,47480,5136,10696,10916,0,0,0.00,0,0.00,2,628,1.04,1.04,1.10,0,2.60,0.00,72.00,27.69,0.00,0.00,0.00,0.00,1.20,1.20,0.13,0.16,0.00,0.00,0.00,0.00
2017-09-24 15:40:15,51.11,0.00,0.20,0.00,0.00,0.00,0.00,0.00,0.00,48.69,0.00,1769.00,1141.60,0.00,0.00,0.00,56.00,14.40,0.00,24.40,0.00,0.00,0.00,0.00,3.20,0.00,3.20,0.00,112.00,587644,0,3267200,84.76,36396,643904,5048576,130.97,2807160,353152,116,2480012,47484,5136,10696,10916,0,0,0.00,0,0.00,3,628,1.04,1.04,1.10,0,3.20,0.00,112.00,35.00,0.00,0.00,0.00,0.00,1.20,1.20,0.13,0.09,0.00,0.00,0.00,0.00
2017-09-24 15:40:20,50.91,0.00,0.00,0.00,0.00,0.00,0.00,0.00,0.00,49.09,0.00,1702.00,1189.80,0.00,0.00,0.00,12.00,11.00,0.00,23.80,0.00,0.00,0.00,0.00,0.40,0.00,0.40,0.00,24.00,587644,0,3267200,84.76,36400,643928,5048576,130.97,2807180,353160,196,2480012,47484,5136,10696,10916,0,0,0.00,0,0.00,2,628,1.04,1.04,1.10,0,0.40,0.00,24.00,60.00,0.00,0.00,0.00,0.00,1.00,1.00,0.12,0.08,0.00,0.00,0.00,0.00
2017-09-24 15:40:25,51.01,0.00,0.20,0.10,0.00,0.00,0.00,0.00,0.00,48.68,0.00,1735.20,1018.00,0.00,0.00,0.00,5.60,14.20,0.00,53.80,0.00,0.00,0.00,0.00,0.40,0.00,0.40,0.00,11.20,587992,0,3266852,84.75,36404,643960,5048576,130.97,2806688,353172,244,2479512,47484,5136,10696,10916,0,0,0.00,0,0.00,1,628,1.03,1.04,1.10,0,0.40,0.00,11.20,28.00,0.00,0.00,0.00,0.00,1.60,1.60,0.18,0.19,0.00,0.00,0.00,0.00
2017-09-24 15:40:30,51.01,0.00,0.20,0.00,0.00,0.00,0.00,0.00,0.00,48.79,0.00,1709.40,1146.20,0.00,0.00,0.00,3.20,11.60,0.00,23.40,0.00,0.00,0.00,0.00,0.40,0.00,0.40,0.00,6.40,588016,0,3266828,84.75,36412,643984,5048576,130.97,2806712,353196,268,2479512,47484,5136,10696,10916,0,0,0.00,0,0.00,2,628,1.03,1.04,1.10,0,0.40,0.00,6.40,16.00,0.00,0.00,0.00,0.00,1.00,1.00,0.12,0.08,0.00,0.00,0.00,0.00
2017-09-24 15:40:35,51.11,0.00,0.00,0.00,0.00,0.00,0.00,0.00,0.00,48.89,0.00,1749.80,1129.00,0.00,0.00,0.00,7.20,14.20,0.00,25.20,0.00,0.00,0.00,0.00,0.40,0.00,0.40,0.00,14.40,588016,0,3266828,84.75,36420,644008,5048576,130.97,2806736,353212,316,2479536,47484,5136,10696,10916,0,0,0.00,0,0.00,2,628,1.03,1.04,1.10,0,0.40,0.00,14.40,36.00,0.00,0.00,0.00,0.00,1.40,1.40,0.17,0.11,0.00,0.00,0.00,0.00
2017-09-24 15:40:40,50.91,0.00,0.10,0.00,0.00,0.00,0.00,0.00,0.00,48.99,0.00,1698.20,1060.60,0.00,0.00,0.00,26.40,17.40,0.00,26.00,0.00,0.00,0.00,0.00,2.20,0.00,2.20,0.00,52.80,588016,0,3266828,84.75,36420,644036,5048576,130.97,2806768,353224,312,2479540,47488,5136,10696,10916,0,0,0.00,0,0.00,2,628,1.03,1.04,1.09,0,2.20,0.00,52.80,24.00,0.00,0.00,0.00,0.00,1.20,1.20,0.13,0.16,0.00,0.00,0.00,0.00
2017-09-24 15:40:45,51.01,0.00,0.20,0.00,0.00,0.00,0.10,0.00,0.00,48.69,0.00,1748.80,1083.80,0.00,0.00,0.00,7.20,14.00,0.00,24.40,0.00,0.00,0.00,0.00,0.40,0.00,0.40,0.00,14.40,587892,0,3266952,84.75,36428,644068,5048576,130.97,2806792,353248,364,2479556,47492,5136,10696,10916,0,0,0.00,0,0.00,2,628,1.02,1.04,1.09,0,0.40,0.00,14.40,36.00,0.00,2.00,2.00,0.08,1.20,1.20,0.13,0.09,0.00,0.00,0.00,0.00
2017-09-24 15:40:50,50.76,0.00,0.10,0.00,0.00,0.00,0.00,0.00,0.00,49.14,0.00,1669.60,1022.00,0.00,0.00,0.00,49.60,11.40,0.00,23.80,0.00,0.00,0.00,0.00,2.60,0.00,2.60,0.00,99.20,587892,0,3266952,84.75,36432,644092,5048576,130.97,2806820,353264,156,2479560,47492,5136,10696,10916,0,0,0.00,0,0.00,1,628,1.02,1.04,1.09,0,2.60,0.00,99.20,38.15,0.00,0.00,0.00,0.00,1.00,1.00,0.12,0.08,0.00,0.00,0.00,0.00
2017-09-24 15:40:55,51.06,0.00,0.20,0.00,0.10,0.00,0.00,0.00,0.00,48.64,0.40,1774.80,1221.20,0.00,0.00,0.00,13.60,24.60,0.00,32.60,0.00,0.00,0.00,0.00,0.80,0.00,0.80,0.00,27.20,587892,0,3266952,84.75,36440,644116,5048576,130.97,2806856,353280,188,2479580,47492,5136,10700,10916,0,0,0.00,0,0.00,1,629,1.02,1.04,1.09,0,0.80,0.00,27.20,34.00,0.00,1.00,1.00,0.08,1.80,1.80,0.19,0.20,0.00,0.00,0.00,0.00
2017-09-24 15:41:00,50.66,0.00,0.30,0.00,0.00,0.00,0.00,0.00,0.00,49.04,0.00,1663.00,1080.80,0.00,0.00,0.00,10.40,11.20,0.00,25.40,0.00,0.00,0.00,0.00,0.40,0.00,0.40,0.00,20.80,587884,0,3266960,84.75,36448,644140,5048576,130.97,2806940,353296,256,2479648,47496,5144,10700,10916,0,0,0.00,0,0.00,1,629,1.02,1.04,1.09,0,0.40,0.00,20.80,52.00,0.00,0.00,0.00,0.00,1.40,1.40,0.14,0.10,0.00,0.00,0.00,0.00
2017-09-24 15:41:05,51.01,0.00,0.00,0.10,0.00,0.00,0.00,0.00,0.00,48.89,0.00,1739.40,1141.40,0.00,0.00,0.00,3.20,13.40,0.00,29.20,0.00,0.00,0.00,0.00,0.40,0.00,0.40,0.00,6.40,587884,0,3266960,84.75,36456,644168,5048576,130.97,2806972,353316,292,2479664,47496,5144,10700,10916,0,0,0.00,0,0.00,2,628,1.02,1.04,1.09,0,0.40,0.00,6.40,16.00,0.00,4.00,4.00,0.16,1.40,1.40,0.17,0.11,0.00,0.00,0.00,0.00
2017-09-24 15:41:10,51.16,0.00,0.10,0.00,0.00,0.00,0.00,0.00,0.00,48.74,0.00,1651.80,1028.80,0.00,0.00,0.00,41.60,17.40,0.00,437.20,0.00,0.00,0.00,0.00,3.00,0.00,3.00,0.00,83.20,595960,0,3258884,84.54,36468,644192,5034072,130.59,2798728,353340,312,2471408,47496,5136,10700,10916,0,0,0.00,0,0.00,1,628,1.02,1.04,1.09,0,3.00,0.00,83.20,27.73,0.00,0.00,0.00,0.00,1.20,1.20,0.13,0.16,0.00,0.00,0.00,0.00
2017-09-24 15:41:15,50.86,0.00,0.20,0.00,0.10,0.00,0.00,0.00,0.00,48.84,0.00,1752.00,1200.60,0.00,0.00,0.00,7.20,14.40,0.00,24.20,0.00,0.00,0.00,0.00,0.40,0.00,0.40,0.00,14.40,595960,0,3258884,84.54,36476,644224,5034072,130.59,2798720,353348,368,2471412,47496,5136,10684,10916,0,0,0.00,0,0.00,2,628,1.01,1.04,1.09,0,0.40,0.00,14.40,36.00,0.00,0.00,0.00,0.00,1.20,1.20,0.13,0.09,0.00,0.00,0.00,0.00
2017-09-24 15:41:20,50.96,0.00,0.10,0.00,0.00,0.00,0.00,0.00,0.00,48.94,0.00,1675.20,1127.20,0.00,0.00,0.00,6.40,12.20,0.00,23.60,0.00,0.00,0.00,0.00,0.40,0.00,0.40,0.00,12.80,595960,0,3258884,84.54,36484,644248,5034072,130.59,2798764,353380,400,2471412,47500,5136,10684,10916,0,0,0.00,0,0.00,3,628,1.01,1.04,1.09,0,0.40,0.00,12.80,32.00,0.00,0.00,0.00,0.00,1.00,1.00,0.12,0.08,0.00,0.00,0.00,0.00
2017-09-24 15:41:25,50.96,0.00,0.20,0.00,0.00,0.00,0.00,0.00,0.00,48.84,0.00,1769.40,1184.20,0.00,0.00,0.00,57.60,14.60,0.00,28.20,0.00,0.00,0.00,0.00,4.40,0.00,4.40,0.00,115.20,593912,0,3260932,84.59,36492,644276,5034072,130.59,2800844,353400,188,2473476,47504,5136,10688,10916,0,0,0.00,0,0.00,2,628,1.01,1.04,1.09,0,4.40,0.00,115.20,26.18,0.00,0.00,0.00,0.00,1.60,1.60,0.18,0.19,0.00,0.00,0.00,0.00
2017-09-24 15:41:30,50.91,0.00,0.20,0.00,0.00,0.00,0.00,0.00,0.00,48.89,0.00,1691.80,1025.80,0.00,0.00,0.00,4.80,11.20,0.00,23.40,0.00,0.00,0.00,0.00,0.40,0.00,0.40,0.00,9.60,593912,0,3260932,84.59,36500,644300,5034072,130.59,2800856,353420,220,2473476,47504,5136,10688,10916,0,0,0.00,0,0.00,1,628,1.01,1.04,1.09,0,0.40,0.00,9.60,24.00,0.00,0.00,0.00,0.00,1.00,1.00,0.12,0.08,0.00,0.00,0.00,0.00
2017-09-24 15:41:35,50.76,0.00,0.20,0.00,0.00,0.00,0.00,0.00,0.00,49.04,0.00,1743.00,1147.20,0.00,0.00,0.00,0.00,13.80,0.00,25.20,0.00,0.00,0.00,0.00,0.00,0.00,0.00,0.00,0.00,593788,0,3261056,84.60,36500,644332,5034072,130.59,2800888,353436,252,2473496,47504,5136,10688,10916,0,0,0.00,0,0.00,2,628,1.01,1.04,1.09,0,0.00,0.00,0.00,0.00,0.00,0.00,0.00,0.00,1.40,1.40,0.17,0.11,0.00,0.00,0.00,0.00
2017-09-24 15:41:40,51.01,0.00,0.10,0.00,0.00,0.00,0.00,0.00,0.00,48.89,0.00,1706.00,1121.00,0.00,0.00,0.00,36.80,16.40,0.00,26.00,0.00,0.00,0.00,0.00,3.60,0.00,3.60,0.00,73.60,593788,0,3261056,84.60,36508,644356,5034072,130.59,2800912,353452,204,2473500,47508,5136,10688,10916,0,0,0.00,0,0.00,2,628,1.01,1.04,1.09,0,3.60,0.00,73.60,20.44,0.00,0.22,0.22,0.08,1.20,1.20,0.13,0.16,0.00,0.00,0.00,0.00
2017-09-24 15:41:45,50.71,0.00,0.40,0.00,0.00,0.00,0.00,0.00,0.00,48.89,0.00,1776.80,1214.20,0.00,0.00,0.00,12.00,31.80,0.00,24.40,0.00,0.00,0.00,0.00,0.40,0.00,0.40,0.00,24.00,591368,0,3263476,84.66,36512,644380,5034072,130.59,2801280,353464,280,2475912,47508,5136,10692,10916,0,0,0.00,0,0.00,2,628,1.01,1.03,1.09,0,0.40,0.00,24.00,60.00,0.00,2.00,2.00,0.08,1.20,1.20,0.13,0.09,0.00,0.00,0.00,0.00
2017-09-24 15:41:50,50.65,0.00,0.20,0.10,0.10,0.00,0.00,0.00,0.00,48.94,0.00,1723.00,1169.80,0.00,0.00,0.00,6.40,11.20,0.00,23.40,0.00,0.00,0.00,0.00,0.40,0.00,0.40,0.00,12.80,591368,0,3263476,84.66,36516,644404,5034072,130.59,2803356,353476,304,2475912,47508,5136,10692,10916,0,0,0.00,0,0.00,2,628,1.01,1.03,1.09,0,0.40,0.00,12.80,32.00,0.00,4.00,4.00,0.16,1.00,1.00,0.12,0.08,0.00,0.00,0.00,0.00
2017-09-24 15:41:55,51.26,0.00,0.10,0.00,0.00,0.00,0.00,0.00,0.00,48.63,0.40,1741.60,1212.40,0.00,0.00,0.00,3.20,24.80,0.00,48.60,0.00,0.00,0.00,0.00,0.40,0.00,0.40,0.00,6.40,591368,0,3263476,84.66,36524,644432,5034072,130.59,2803048,353500,332,2475608,47508,5136,10692,10916,0,0,0.00,0,0.00,1,629,1.01,1.03,1.09,0,0.40,0.00,6.40,16.00,0.00,0.00,0.00,0.00,1.40,1.40,0.14,0.17,0.00,0.00,0.00,0.00
2017-09-24 15:42:00,51.11,0.00,0.10,0.00,0.00,0.00,0.00,0.00,0.00,48.79,0.00,1695.40,1061.00,0.00,0.00,0.00,51.20,12.00,0.00,51.00,0.00,0.00,0.00,0.00,2.80,0.00,2.80,0.00,102.40,591732,0,3263112,84.65,36532,644456,5034072,130.59,2802620,353512,140,2475168,47508,5144,10692,10916,0,0,0.00,0,0.00,1,629,1.01,1.03,1.09,0,2.80,0.00,102.40,36.57,0.00,0.00,0.00,0.00,1.40,1.40,0.17,0.11,0.00,0.00,0.00,0.00
2017-09-24 15:42:05,51.41,0.00,0.10,0.00,0.00,0.00,0.00,0.00,0.00,48.48,0.00,1732.60,1060.00,0.00,0.00,0.00,8.80,64.60,0.00,79.40,0.00,0.00,0.00,0.00,0.40,0.00,0.40,0.00,17.60,591360,0,3263484,84.66,36540,644488,5034072,130.59,2802688,353536,220,2475216,47508,5144,10692,10916,0,0,0.00,0,0.00,2,628,1.01,1.03,1.09,0,0.40,0.00,17.60,44.00,0.00,0.00,0.00,0.00,1.40,1.40,0.17,0.11,0.00,0.00,0.00,0.00
2017-09-24 15:42:10,50.91,0.00,0.20,0.00,0.00,0.00,0.00,0.00,0.00,48.89,0.00,1725.20,1177.00,0.00,0.00,0.00,33.60,16.60,0.00,26.00,0.00,0.00,0.00,0.00,3.00,0.00,3.00,0.00,67.20,591368,0,3263476,84.66,36548,644512,5034072,130.59,2802652,353556,216,2475148,47512,5136,10692,10916,0,0,0.00,0,0.00,4,628,1.01,1.03,1.09,0,3.00,0.00,67.20,22.40,0.00,0.00,0.00,0.00,1.20,1.20,0.13,0.16,0.00,0.00,0.00,0.00
2017-09-24 15:42:15,50.91,0.00,0.20,0.00,0.10,0.00,0.00,0.00,0.00,48.79,0.00,1794.00,1245.40,0.00,0.00,0.00,7.20,14.60,0.00,23.80,0.00,0.00,0.00,0.00,0.40,0.00,0.40,0.00,14.40,591368,0,3263476,84.66,36556,644540,5034072,130.59,2802672,353580,276,2475164,47512,5136,10692,10916,0,0,0.00,0,0.00,1,628,1.01,1.03,1.09,0,0.40,0.00,14.40,36.00,0.00,0.00,0.00,0.00,1.20,1.20,0.13,0.09,0.00,0.00,0.00,0.00
2017-09-24 15:42:20,50.91,0.00,0.10,0.00,0.00,0.00,0.00,0.00,0.00,48.99,0.00,1723.00,1071.60,0.00,0.00,0.00,12.80,11.20,0.00,23.40,0.00,0.00,0.00,0.00,0.80,0.00,0.80,0.00,25.60,591228,0,3263616,84.66,36564,644564,5034072,130.59,2802692,353600,280,2475164,47516,5136,10692,10916,0,0,0.00,0,0.00,1,628,1.00,1.03,1.08,0,0.80,0.00,25.60,32.00,0.00,0.00,0.00,0.00,1.00,1.00,0.12,0.08,0.00,0.00,0.00,0.00
2017-09-24 15:42:25,51.16,0.00,0.00,0.00,0.00,0.00,0.00,0.00,0.00,48.84,0.00,1775.80,1150.00,0.00,0.00,0.00,8.80,14.40,0.00,26.00,0.00,0.00,0.00,0.00,0.40,0.00,0.40,0.00,17.60,591244,0,3263600,84.66,36572,644588,5034072,130.59,2802716,353616,312,2475172,47516,5136,10692,10916,0,0,0.00,0,0.00,1,628,1.00,1.03,1.08,0,0.40,0.00,17.60,44.00,0.00,0.00,0.00,0.00,1.20,1.20,0.13,0.16,0.00,0.00,0.00,0.00
2017-09-24 15:42:30,50.91,0.00,0.20,0.10,0.00,0.00,0.00,0.00,0.00,48.79,0.00,1741.40,1197.60,0.00,0.00,0.00,70.40,17.00,0.00,26.20,0.00,0.00,0.00,0.00,5.40,0.00,5.40,0.00,140.80,591228,0,3263616,84.66,36580,644620,5034072,130.59,2802756,353640,88,2475196,47500,5136,10692,10916,0,0,0.00,0,0.00,1,628,1.00,1.03,1.08,0,5.40,0.00,140.80,26.07,0.00,0.00,0.00,0.00,1.40,1.40,0.17,0.11,0.00,0.00,0.00,0.00
2017-09-24 15:42:35,50.96,0.00,0.10,0.00,0.00,0.00,0.00,0.00,0.00,48.94,0.00,1753.80,1059.40,0.00,0.00,0.00,14.40,13.80,0.00,25.40,0.00,0.00,0.00,0.00,0.40,0.00,0.40,0.00,28.80,591244,0,3263600,84.66,36588,644644,5034072,130.59,2802768,353660,196,2475196,47500,5136,10692,10916,0,0,0.00,0,0.00,1,628,1.00,1.03,1.08,0,0.40,0.00,28.80,72.00,0.00,0.00,0.00,0.00,1.40,1.40,0.17,0.11,0.00,0.00,0.00,0.00
2017-09-24 15:42:40,51.06,0.00,0.10,0.00,0.00,0.00,0.00,0.00,0.00,48.84,0.00,1726.60,1055.40,0.00,0.00,0.00,4.80,12.40,0.00,27.80,0.00,0.00,0.00,0.00,0.40,0.00,0.40,0.00,9.60,589196,0,3265648,84.72,36596,644668,5034072,130.59,2804824,353680,236,2477264,47504,5136,10696,10916,0,0,0.00,0,0.00,1,628,1.00,1.03,1.08,0,0.40,0.00,9.60,24.00,0.00,0.00,0.00,0.00,1.60,1.60,0.16,0.18,0.00,0.00,0.00,0.00
2017-09-24 15:42:45,51.01,0.00,0.20,0.00,0.00,0.00,0.00,0.00,0.00,48.79,0.00,1777.20,1130.80,0.00,0.00,0.00,4.00,14.20,0.00,383.20,0.00,0.00,0.00,0.00,0.40,0.00,0.40,0.00,8.00,596132,0,3258712,84.54,36600,644692,5034072,130.59,2797736,353696,260,2470140,47504,5136,10696,10916,0,0,0.00,0,0.00,1,628,1.00,1.03,1.08,0,0.40,0.00,8.00,20.00,0.00,0.00,0.00,0.00,1.00,1.00,0.12,0.08,0.00,0.00,0.00,0.00
2017-09-24 15:42:50,50.91,0.00,0.10,0.00,0.00,0.00,0.00,0.00,0.00,48.99,0.00,1690.60,1093.20,0.00,0.00,0.00,5.60,11.00,0.00,24.60,0.00,0.00,0.00,0.00,0.40,0.00,0.40,0.00,11.20,596004,0,3258840,84.54,36604,644720,5034072,130.59,2797728,353704,296,2470108,47504,5136,10688,10916,0,0,0.00,0,0.00,1,628,1.00,1.03,1.08,0,0.40,0.00,11.20,28.00,0.00,0.00,0.00,0.00,1.20,1.20,0.13,0.09,0.00,0.00,0.00,0.00
2017-09-24 15:42:55,50.91,0.00,0.20,0.00,0.10,0.00,0.00,0.00,0.00,48.79,0.40,1691.20,992.00,0.00,0.00,0.00,3.20,22.40,0.00,31.40,0.00,0.00,0.00,0.00,0.40,0.00,0.40,0.00,6.40,596020,0,3258824,84.54,36612,644744,5034072,130.59,2797740,353716,320,2470108,47504,5136,10688,10916,0,0,0.00,0,0.00,2,629,1.00,1.03,1.08,0,0.40,0.00,6.40,16.00,0.00,0.00,0.00,0.00,1.40,1.40,0.14,0.17,0.00,0.00,0.00,0.00
2017-09-24 15:43:00,51.06,0.00,0.10,0.00,0.00,0.00,0.00,0.00,0.00,48.84,0.00,1728.20,1098.60,0.00,0.00,0.00,35.20,18.40,0.00,26.00,0.00,0.00,0.00,0.00,3.20,0.00,3.20,0.00,70.40,595996,0,3258848,84.54,36620,644776,5034072,130.59,2797832,353740,316,2470192,47500,5144,10688,10916,0,0,0.00,0,0.00,1,629,1.00,1.03,1.08,0,3.20,0.00,70.40,22.00,0.00,0.00,0.00,0.00,1.60,1.60,0.18,0.12,0.00,0.00,0.00,0.00
2017-09-24 15:43:05,51.01,0.00,0.10,0.00,0.00,0.00,0.00,0.00,0.00,48.89,0.00,1689.20,1160.00,0.00,0.00,0.00,86.40,18.60,0.00,31.00,0.00,0.00,0.00,0.00,6.20,0.00,6.20,0.00,172.80,596012,0,3258832,84.54,36628,644800,5034072,130.59,2797864,353760,212,2470204,47508,5144,10688,10916,0,0,0.00,0,0.00,1,628,1.00,1.03,1.08,0,6.20,0.00,172.80,27.87,0.00,0.77,0.26,0.16,1.60,1.60,0.18,0.13,0.00,0.00,0.00,0.00
2017-09-24 15:43:10,51.01,0.00,0.10,0.00,0.00,0.00,0.00,0.00,0.00,48.89,0.00,1740.60,1207.60,0.00,0.00,0.00,0.00,14.60,0.00,26.80,0.00,0.00,0.00,0.00,0.00,0.00,0.00,0.00,0.00,596020,0,3258824,84.54,36628,644828,5034072,130.59,2797844,353772,268,2470160,47508,5136,10688,10916,0,0,0.00,0,0.00,1,628,1.00,1.03,1.08,0,0.00,0.00,0.00,0.00,0.00,0.00,0.00,0.00,1.40,1.40,0.14,0.17,0.00,0.00,0.00,0.00
2017-09-24 15:43:15,51.01,0.00,0.00,0.00,0.10,0.00,0.00,0.00,0.00,48.89,0.00,1720.20,1185.80,0.00,0.00,0.00,7.20,12.20,0.00,23.40,0.00,0.00,0.00,0.00,0.40,0.00,0.40,0.00,14.40,593972,0,3260872,84.59,36632,644852,5034072,130.59,2799912,353784,292,2472212,47508,5136,10692,10916,0,0,0.00,0,0.00,2,628,1.00,1.03,1.08,0,0.40,0.00,14.40,36.00,0.00,0.00,0.00,0.00,1.00,1.00,0.12,0.08,0.00,0.00,0.00,0.00
2017-09-24 15:43:20,55.59,0.00,0.81,0.00,0.00,0.00,0.10,0.00,0.00,43.50,1.80,2301.80,1205.80,0.00,0.00,0.00,3.20,457.40,0.00,520.60,0.00,0.00,0.00,0.00,0.40,0.00,0.40,0.00,6.40,574824,0,3280020,85.09,36640,644900,5034072,130.59,2819132,353808,348,2491428,47512,5208,10728,10916,0,0,0.00,0,0.00,1,637,1.00,1.03,1.08,0,0.40,0.00,6.40,16.00,0.00,0.00,0.00,0.00,1.00,1.00,0.12,0.08,0.00,0.00,0.00,0.00
2017-09-24 15:43:25,51.01,0.00,0.10,0.00,0.00,0.00,0.00,0.00,0.00,48.89,0.00,1647.20,919.80,0.00,0.00,0.00,6.40,13.00,0.00,26.80,0.00,0.00,0.00,0.00,0.40,0.00,0.40,0.00,12.80,574724,0,3280120,85.09,36648,644928,5034072,130.59,2819148,353832,380,2491432,47512,5208,10728,10916,0,0,0.00,0,0.00,1,637,1.00,1.02,1.08,0,0.40,0.00,12.80,32.00,0.00,0.00,0.00,0.00,1.40,1.40,0.14,0.17,0.00,0.00,0.00,0.00
2017-09-24 15:43:30,51.47,0.00,0.00,0.10,0.00,0.00,0.00,0.00,0.00,48.43,0.00,1682.80,1043.60,0.00,0.00,0.00,4.00,13.80,0.00,51.20,0.00,0.00,0.00,0.00,0.40,0.00,0.40,0.00,8.00,575220,0,3279624,85.08,36656,644952,5026532,130.40,2818696,353848,404,2490940,47512,5208,10728,10916,0,0,0.00,0,0.00,1,637,1.00,1.02,1.08,0,0.40,0.00,8.00,20.00,0.00,0.00,0.00,0.00,1.40,1.40,0.17,0.11,0.00,0.00,0.00,0.00
2017-09-24 15:43:35,50.91,0.00,0.10,0.00,0.00,0.00,0.00,0.00,0.00,48.99,0.00,1672.00,1063.80,0.00,0.00,0.00,31.20,18.20,0.00,25.40,0.00,0.00,0.00,0.00,2.80,0.00,2.80,0.00,62.40,575220,0,3279624,85.08,36664,644976,5026532,130.40,2818724,353868,392,2490952,47512,5208,10732,10916,0,0,0.00,0,0.00,2,637,1.00,1.02,1.08,0,2.80,0.00,62.40,22.29,0.00,0.00,0.00,0.00,1.40,1.40,0.17,0.11,0.00,0.00,0.00,0.00
2017-09-24 15:43:40,51.06,0.00,0.00,0.00,0.00,0.00,0.00,0.00,0.00,48.94,0.00,1712.60,1064.20,0.00,0.00,0.00,67.20,16.60,0.00,26.40,0.00,0.00,0.00,0.00,4.80,0.00,4.80,0.00,134.40,575096,0,3279748,85.08,36672,645000,5026532,130.40,2818796,353884,120,2491028,47512,5208,10732,10916,0,0,0.00,0,0.00,1,637,1.00,1.02,1.08,0,4.80,0.00,134.40,28.00,0.00,0.00,0.00,0.00,1.20,1.20,0.13,0.16,0.00,0.00,0.00,0.00
2017-09-24 15:43:45,50.91,0.00,0.30,0.00,0.00,0.00,0.00,0.00,0.00,48.79,0.00,1701.80,1129.20,0.00,0.00,0.00,12.00,13.60,0.00,23.40,0.00,0.00,0.00,0.00,0.40,0.00,0.40,0.00,24.00,575096,0,3279748,85.08,36680,645024,5026532,130.40,2818856,353908,208,2491060,47516,5208,10732,10916,0,0,0.00,0,0.00,1,637,1.00,1.02,1.08,0,0.40,0.00,24.00,60.00,0.00,0.00,0.00,0.00,1.00,1.00,0.12,0.08,0.00,0.00,0.00,0.00
2017-09-24 15:43:50,50.86,0.00,0.10,0.00,0.00,0.00,0.00,0.00,0.00,49.04,0.00,1752.40,1182.60,0.00,0.00,0.00,4.00,15.40,0.00,24.20,0.00,0.00,0.00,0.00,0.40,0.00,0.40,0.00,8.00,574972,0,3279872,85.08,36688,645056,5026532,130.40,2818948,353924,240,2491132,47516,5208,10736,10916,0,0,0.00,0,0.00,1,637,1.00,1.02,1.08,0,0.40,0.00,8.00,20.00,0.00,0.00,0.00,0.00,1.20,1.20,0.13,0.09,0.00,0.00,0.00,0.00
2017-09-24 15:43:55,51.16,0.00,0.20,0.00,0.00,0.00,0.00,0.00,0.00,48.63,0.40,1723.20,1152.20,0.00,0.00,0.00,4.80,31.00,0.00,30.00,0.00,0.00,0.00,0.00,0.40,0.00,0.40,0.00,9.60,574708,0,3280136,85.09,36696,645080,5026532,130.40,2819104,353936,264,2491272,47520,5208,10736,10916,0,0,0.00,0,0.00,1,638,1.00,1.02,1.08,0,0.40,0.00,9.60,24.00,0.00,0.00,0.00,0.00,1.20,1.20,0.13,0.16,0.00,0.00,0.00,0.00
2017-09-24 15:44:00,51.16,0.00,0.20,0.00,0.10,0.00,0.00,0.00,0.00,48.54,0.00,1764.00,1153.40,0.00,0.00,0.00,6.40,366.80,0.00,26.20,0.00,0.00,0.00,0.00,0.40,0.00,0.40,0.00,12.80,567772,0,3287072,85.27,36704,645100,5017300,130.16,2826168,353956,308,2498328,47520,5216,10752,10916,0,0,0.00,0,0.00,1,638,1.00,1.02,1.08,0,0.40,0.00,12.80,32.00,0.00,0.00,0.00,0.00,1.60,1.60,0.18,0.13,0.00,0.00,0.00,0.00
2017-09-24 15:44:05,51.06,0.00,0.00,0.00,0.00,0.00,0.00,0.00,0.00,48.94,0.00,1709.60,1089.80,0.00,0.00,0.00,26.40,24.40,0.00,30.80,0.00,0.00,0.00,0.00,2.60,0.00,2.60,0.00,52.80,567648,0,3287196,85.27,36704,645132,5017300,130.16,2826328,353980,308,2498496,47520,5216,10752,10916,0,0,0.00,0,0.00,1,637,1.00,1.02,1.07,0,2.60,0.00,52.80,20.31,0.00,0.00,0.00,0.00,1.80,1.80,0.19,0.13,0.00,0.00,0.00,0.00
2017-09-24 15:44:10,51.01,0.00,0.20,0.00,0.00,0.00,0.00,0.00,0.00,48.79,0.00,1715.60,1092.00,0.00,0.00,0.00,7.20,18.40,0.00,334.40,0.00,0.00,0.00,0.00,0.40,0.00,0.40,0.00,14.40,573800,0,3281044,85.11,36708,645164,5017300,130.16,2820224,353988,356,2492380,47520,5208,10752,10916,0,0,0.00,0,0.00,1,637,1.00,1.02,1.07,0,0.40,0.00,14.40,36.00,0.00,2.00,2.00,0.08,1.20,1.20,0.13,0.16,0.00,0.00,0.00,0.00
2017-09-24 15:44:15,51.16,0.00,0.20,0.00,0.00,0.00,0.00,0.00,0.00,48.64,0.00,1703.80,1171.20,0.00,0.00,0.00,50.40,20.20,0.00,23.80,0.00,0.00,0.00,0.00,2.40,0.00,2.40,0.00,100.80,573552,0,3281292,85.12,36716,645188,5017300,130.16,2820396,354008,116,2492512,47520,5208,10740,10916,0,0,0.00,0,0.00,3,637,1.00,1.02,1.07,0,2.40,0.00,100.80,42.00,0.00,0.00,0.00,0.00,1.00,1.00,0.12,0.08,0.00,0.00,0.00,0.00
2017-09-24 15:44:20,50.91,0.00,0.00,0.10,0.10,0.00,0.00,0.00,0.00,48.89,0.00,1725.20,1239.60,0.00,0.00,0.00,11.20,17.80,0.00,59.60,0.00,0.00,0.00,0.00,0.40,0.00,0.40,0.00,22.40,573872,0,3280972,85.11,36724,645216,5017300,130.16,2819900,354032,212,2491992,47520,5136,10740,10916,0,0,0.00,0,0.00,1,628,1.00,1.02,1.07,0,0.40,0.00,22.40,56.00,0.00,0.00,0.00,0.00,1.00,1.00,0.12,0.08,0.00,0.00,0.00,0.00
2017-09-24 15:44:25,51.16,0.00,0.10,0.00,0.00,0.00,0.00,0.00,0.00,48.74,0.00,1698.60,1045.60,0.00,0.00,0.00,5.60,19.80,0.00,25.00,0.00,0.00,0.00,0.00,0.40,0.00,0.40,0.00,11.20,573872,0,3280972,85.11,36732,645240,5017300,130.16,2820064,354056,240,2492164,47524,5136,10740,10916,0,0,0.00,0,0.00,2,628,1.00,1.02,1.07,0,0.40,0.00,11.20,28.00,0.00,0.00,0.00,0.00,1.00,1.00,0.11,0.14,0.00,0.00,0.00,0.00
2017-09-24 15:44:30,51.01,0.00,0.00,0.00,0.00,0.00,0.00,0.00,0.00,48.99,0.00,1733.80,1058.80,0.00,0.00,0.00,5.60,19.80,0.00,23.40,0.00,0.00,0.00,0.00,0.40,0.00,0.40,0.00,11.20,573748,0,3281096,85.12,36740,645252,5017300,130.16,2820236,354060,264,2492316,47532,5136,10740,10916,0,0,0.00,0,0.00,3,628,1.00,1.02,1.07,0,0.40,0.00,11.20,28.00,0.00,0.00,0.00,0.00,1.00,1.00,0.12,0.08,0.00,0.00,0.00,0.00
2017-09-24 15:44:35,51.01,0.00,0.10,0.00,0.00,0.00,0.00,0.00,0.00,48.89,0.00,1713.00,1093.40,0.00,0.00,0.00,25.60,24.80,0.00,27.80,0.00,0.00,0.00,0.00,2.40,0.00,2.40,0.00,51.20,573624,0,3281220,85.12,36740,645288,5017300,130.16,2820408,354080,264,2492468,47536,5136,10740,10916,0,0,0.00,0,0.00,3,628,1.00,1.02,1.07,0,2.40,0.00,51.20,21.33,0.00,0.00,0.00,0.00,2.00,2.00,0.23,0.16,0.00,0.00,0.00,0.00
2017-09-24 15:44:40,50.96,0.00,0.20,0.00,0.00,0.00,0.00,0.00,0.00,48.84,0.00,1783.40,1247.00,0.00,0.00,0.00,7.20,17.20,0.00,26.00,0.00,0.00,0.00,0.00,0.40,0.00,0.40,0.00,14.40,573500,0,3281344,85.12,36748,645320,5017300,130.16,2820484,354100,316,2492552,47536,5136,10740,10916,0,0,0.00,0,0.00,2,628,1.00,1.02,1.07,0,0.40,0.00,14.40,36.00,0.00,2.00,2.00,0.08,1.20,1.20,0.13,0.16,0.00,0.00,0.00,0.00
2017-09-24 15:44:45,50.86,0.00,0.00,0.00,0.00,0.00,0.00,0.00,0.00,49.14,0.00,1726.40,1188.00,0.00,0.00,0.00,5.60,20.20,0.00,24.20,0.00,0.00,0.00,0.00,0.40,0.00,0.40,0.00,11.20,571452,0,3283392,85.18,36756,645344,5017300,130.16,2822748,354124,344,2494776,47536,5136,10744,10916,0,0,0.00,0,0.00,1,628,1.00,1.02,1.07,0,0.40,0.00,11.20,28.00,0.00,2.00,2.00,0.08,1.20,1.20,0.13,0.09,0.00,0.00,0.00,0.00
2017-09-24 15:44:50,50.96,0.00,0.10,0.00,0.00,0.00,0.10,0.00,0.00,48.84,0.00,1737.40,1167.00,0.00,0.00,0.00,39.20,18.80,0.00,24.20,0.00,0.00,0.00,0.00,1.20,0.00,1.20,0.00,78.40,571204,0,3283640,85.18,36764,645368,5017300,130.16,2822824,354144,204,2494856,47540,5136,10744,10916,0,0,0.00,0,0.00,1,628,1.00,1.02,1.07,0,1.20,0.00,78.40,65.33,0.00,0.67,0.67,0.08,1.00,1.00,0.12,0.08,0.00,0.00,0.00,0.00
2017-09-24 15:44:55,51.11,0.00,0.10,0.00,0.00,0.00,0.00,0.00,0.00,48.79,0.40,1693.80,1116.60,0.00,0.00,0.00,25.60,31.40,0.00,55.80,0.00,0.00,0.00,0.00,3.20,0.00,3.20,0.00,51.20,571064,0,3283780,85.19,36772,645396,5017300,130.16,2822544,354160,152,2494536,47540,5136,10744,10916,0,0,0.00,0,0.00,3,629,1.00,1.02,1.07,0,3.20,0.00,51.20,16.00,0.00,0.25,0.25,0.08,1.20,1.20,0.13,0.16,0.00,0.00,0.00,0.00
2017-09-24 15:45:00,51.06,0.00,0.00,0.00,0.10,0.00,0.00,0.00,0.00,48.84,0.00,1718.00,1124.00,0.00,0.00,0.00,9.60,18.60,0.00,23.40,0.00,0.00,0.00,0.00,0.40,0.00,0.40,0.00,19.20,571072,0,3283772,85.19,36780,645420,5017300,130.16,2822736,354180,228,2494724,47540,5144,10744,10916,0,0,0.00,0,0.00,2,629,1.00,1.02,1.07,0,0.40,0.00,19.20,48.00,0.00,2.00,2.00,0.08,1.00,1.00,0.12,0.08,0.00,0.00,0.00,0.00
2017-09-24 15:45:05,50.91,0.00,0.20,0.10,0.00,0.00,0.00,0.00,0.00,48.79,0.40,1731.60,1097.60,0.00,0.00,0.00,32.00,188.00,0.00,84.40,0.00,0.00,0.00,0.00,3.20,0.00,3.20,0.00,64.00,570552,0,3284292,85.20,36788,645452,5017300,130.16,2822904,354204,240,2494900,47552,5144,10744,10916,0,0,0.00,0,0.00,2,628,1.00,1.02,1.07,0,3.20,0.00,64.00,20.00,0.00,0.50,0.50,0.16,1.80,1.80,0.22,0.15,0.00,0.00,0.00,0.00
2017-09-24 15:45:10,50.81,0.00,0.30,0.00,0.00,0.00,0.00,0.00,0.00,48.89,0.00,1729.00,1101.60,0.00,0.00,0.00,20.80,18.20,0.00,26.80,0.00,0.00,0.00,0.00,0.60,0.00,0.60,0.00,41.60,570584,0,3284260,85.20,36800,645476,5017300,130.16,2822952,354232,344,2494912,47556,5136,10744,10916,0,0,0.00,0,0.00,1,628,1.00,1.01,1.07,0,0.60,0.00,41.60,69.33,0.00,1.33,1.33,0.08,1.40,1.40,0.14,0.17,0.00,0.00,0.00,0.00
2017-09-24 15:45:15,50.91,0.00,0.00,0.00,0.00,0.00,0.00,0.00,0.00,49.09,0.00,1683.60,1063.00,0.00,0.00,0.00,5.60,22.20,0.00,23.60,0.00,0.00,0.00,0.00,0.40,0.00,0.40,0.00,11.20,570584,0,3284260,85.20,36808,645504,5017300,130.16,2823192,354244,376,2495132,47556,5136,10744,10916,0,0,0.00,0,0.00,2,628,1.00,1.01,1.07,0,0.40,0.00,11.20,28.00,0.00,2.00,2.00,0.08,1.00,1.00,0.12,0.08,0.00,0.00,0.00,0.00
2017-09-24 15:45:20,50.96,0.00,0.10,0.00,0.00,0.00,0.00,0.00,0.00,48.94,0.00,1672.20,1002.40,0.00,0.00,0.00,3.20,18.00,0.00,23.40,0.00,0.00,0.00,0.00,0.40,0.00,0.40,0.00,6.40,570476,0,3284368,85.20,36816,645528,5017300,130.16,2823324,354264,400,2495284,47556,5136,10744,10916,0,0,0.00,0,0.00,1,628,1.00,1.01,1.07,0,0.40,0.00,6.40,16.00,0.00,2.00,2.00,0.08,1.00,1.00,0.12,0.08,0.00,0.00,0.00,0.00
2017-09-24 15:45:25,51.46,0.00,0.10,0.00,0.10,0.00,0.00,0.00,0.00,48.34,0.00,1700.60,1014.00,0.00,0.00,0.00,38.40,24.00,0.00,26.00,0.00,0.00,0.00,0.00,1.00,0.00,1.00,0.00,76.80,570212,0,3284632,85.21,36820,645552,5017300,130.16,2823532,354276,252,2495480,47556,5136,10744,10916,0,0,0.00,0,0.00,1,628,1.00,1.01,1.07,0,1.00,0.00,76.80,76.80,0.00,0.80,0.80,0.08,1.20,1.20,0.13,0.16,0.00,0.00,0.00,0.00
2017-09-24 15:45:30,50.86,0.00,0.10,0.10,0.00,0.00,0.00,0.00,0.00,48.94,0.00,1692.60,1147.80,0.00,0.00,0.00,68.80,23.80,0.00,23.40,0.00,0.00,0.00,0.00,9.40,0.00,9.40,0.00,137.60,568040,0,3286804,85.26,36828,645576,5017300,130.16,2825760,354300,84,2497680,47564,5136,10748,10916,0,0,0.00,0,0.00,1,628,1.00,1.01,1.07,0,9.40,0.00,137.60,14.64,0.01,0.94,0.17,0.16,1.00,1.00,0.12,0.08,0.00,0.00,0.00,0.00
2017-09-24 15:45:35,51.32,0.00,0.00,0.00,0.00,0.00,0.00,0.00,0.00,48.68,0.00,1763.60,1230.20,0.00,0.00,0.00,12.80,40.00,0.00,309.80,0.00,0.00,0.00,0.00,0.40,0.00,0.40,0.00,25.60,572632,0,3282212,85.15,36836,645608,5005060,129.84,2820560,354320,220,2492460,47564,5136,10744,10916,0,0,0.00,0,0.00,2,628,1.00,1.01,1.07,0,0.40,0.00,25.60,64.00,0.00,2.00,2.00,0.08,1.80,1.80,0.22,0.15,0.00,0.00,0.00,0.00
2017-09-24 15:45:40,50.86,0.00,0.20,0.00,0.00,0.00,0.00,0.00,0.00,48.94,0.00,1704.80,1114.20,0.00,0.00,0.00,7.20,16.00,0.00,27.00,0.00,0.00,0.00,0.00,0.60,0.00,0.60,0.00,14.40,572524,0,3282320,85.15,36844,645632,5005060,129.84,2820732,354336,260,2492616,47564,5136,10744,10916,0,0,0.00,0,0.00,1,628,1.00,1.01,1.07,0,0.60,0.00,14.40,24.00,0.00,1.33,1.33,0.08,1.40,1.40,0.14,0.17,0.00,0.00,0.00,0.00
2017-09-24 15:45:45,50.91,0.00,0.10,0.00,0.00,0.00,0.00,0.00,0.00,48.99,0.00,1744.20,1005.60,0.00,0.00,0.00,4.00,19.80,0.00,23.60,0.00,0.00,0.00,0.00,0.40,0.00,0.40,0.00,8.00,572524,0,3282320,85.15,36852,645660,5005060,129.84,2820876,354352,288,2492764,47564,5136,10744,10916,0,0,0.00,0,0.00,1,628,0.92,1.00,1.06,0,0.40,0.00,8.00,20.00,0.00,2.00,2.00,0.08,1.00,1.00,0.12,0.08,0.00,0.00,0.00,0.00
2017-09-24 15:45:50,51.11,0.00,0.10,0.00,0.00,0.00,0.00,0.00,0.00,48.79,0.00,1677.20,947.20,0.00,0.00,0.00,4.80,14.60,0.00,24.20,0.00,0.00,0.00,0.00,0.40,0.00,0.40,0.00,9.60,572524,0,3282320,85.15,36860,645684,5005060,129.84,2820952,354376,312,2492840,47564,5136,10744,10916,0,0,0.00,0,0.00,1,628,0.93,1.00,1.06,0,0.40,0.00,9.60,24.00,0.00,2.00,2.00,0.08,1.20,1.20,0.13,0.09,0.00,0.00,0.00,0.00
2017-09-24 15:45:55,51.11,0.00,0.10,0.00,0.00,0.00,0.00,0.00,0.00,48.79,0.40,1795.80,1197.40,0.00,0.00,0.00,3.20,26.60,0.00,30.20,0.00,0.00,0.00,0.00,0.40,0.00,0.40,0.00,6.40,570336,0,3284508,85.20,36868,645716,5005060,129.84,2823116,354404,344,2494940,47564,5136,10748,10916,0,0,0.00,0,0.00,1,629,0.93,1.00,1.06,0,0.40,0.00,6.40,16.00,0.00,2.00,2.00,0.08,1.20,1.20,0.13,0.16,0.00,0.00,0.00,0.00
2017-09-24 15:46:00,51.36,0.00,0.20,0.00,0.00,0.00,0.00,0.00,0.00,48.44,0.00,1713.00,1137.80,0.00,0.00,0.00,36.00,16.60,0.00,23.40,0.00,0.00,0.00,0.00,2.60,0.00,2.60,0.00,72.00,570344,0,3284500,85.20,36876,645740,5005060,129.84,2823220,354420,312,2495024,47564,5144,10748,10916,0,0,0.00,0,0.00,1,629,0.94,1.00,1.06,0,2.60,0.00,72.00,27.69,0.00,0.00,0.00,0.00,1.00,1.00,0.12,0.08,0.00,0.00,0.00,0.00
2017-09-24 15:46:05,50.81,0.00,0.30,0.10,0.10,0.00,0.00,0.00,0.00,48.69,0.00,1723.20,1124.80,0.00,0.00,0.00,53.60,17.00,0.00,31.00,0.00,0.00,0.00,0.00,2.80,0.00,2.80,0.00,107.20,570328,0,3284516,85.20,36884,645768,5005060,129.84,2823268,354436,112,2495068,47564,5144,10748,10916,0,0,0.00,0,0.00,2,628,0.95,1.00,1.06,0,2.80,0.00,107.20,38.29,0.00,0.00,0.00,0.00,1.80,1.80,0.22,0.15,0.00,0.00,0.00,0.00
2017-09-24 15:46:10,50.96,0.00,0.20,0.00,0.00,0.00,0.00,0.00,0.00,48.84,0.00,1684.80,1056.40,0.00,0.00,0.00,12.80,15.40,0.00,52.20,0.00,0.00,0.00,0.00,0.40,0.00,0.40,0.00,25.60,570584,0,3284260,85.20,36892,645792,5005060,129.84,2822772,354464,208,2494552,47564,5136,10748,10916,0,0,0.00,0,0.00,1,628,0.95,1.00,1.06,0,0.40,0.00,25.60,64.00,0.00,0.00,0.00,0.00,1.20,1.20,0.13,0.16,0.00,0.00,0.00,0.00
2017-09-24 15:46:15,51.06,0.00,0.40,0.00,0.00,0.00,0.00,0.00,0.00,48.53,0.00,1724.40,1125.00,0.00,0.00,0.00,5.60,167.60,0.00,140.20,0.00,0.00,0.00,0.00,0.40,0.00,0.40,0.00,11.20,569964,0,3284880,85.21,36900,645816,5005060,129.84,2823568,354480,248,2495336,47568,5136,10748,10916,0,0,0.00,0,0.00,2,628,0.95,1.00,1.06,0,0.40,0.00,11.20,28.00,0.00,2.00,2.00,0.08,1.20,1.20,0.13,0.09,0.00,0.00,0.00,0.00
2017-09-24 15:46:20,51.01,0.00,0.00,0.00,0.00,0.00,0.00,0.00,0.00,48.99,0.00,1670.80,1082.80,0.00,0.00,0.00,5.60,14.80,0.00,64.40,0.00,0.00,0.00,0.00,0.40,0.00,0.40,0.00,11.20,570212,0,3284632,85.21,36908,645840,5005060,129.84,2822888,354492,288,2494636,47568,5136,10748,10916,0,0,0.00,0,0.00,1,628,0.96,1.00,1.06,0,0.40,0.00,11.20,28.00,0.00,0.00,0.00,0.00,1.20,1.20,0.13,0.09,0.00,0.00,0.00,0.00
2017-09-24 15:46:25,51.11,0.00,0.10,0.00,0.00,0.00,0.00,0.00,0.00,48.79,0.00,1693.40,1097.00,0.00,0.00,0.00,5.60,14.20,0.00,44.00,0.00,0.00,0.00,0.00,0.40,0.00,0.40,0.00,11.20,570512,0,3284332,85.20,36916,645864,5005060,129.84,2822620,354508,320,2494356,47568,5136,10748,10916,0,0,0.00,0,0.00,2,628,0.96,1.00,1.06,0,0.40,0.00,11.20,28.00,0.00,0.00,0.00,0.00,1.20,1.20,0.13,0.16,0.00,0.00,0.00,0.00
2017-09-24 15:46:30,50.81,0.00,0.10,0.00,0.10,0.00,0.00,0.00,0.00,48.99,0.00,1664.80,1124.00,0.00,0.00,0.00,35.20,16.40,0.00,23.80,0.00,0.00,0.00,0.00,2.60,0.00,2.60,0.00,70.40,570460,0,3284384,85.20,36924,645888,5005060,129.84,2822600,354528,284,2494316,47572,5136,10748,10916,0,0,0.00,0,0.00,1,628,0.96,1.00,1.06,0,2.60,0.00,70.40,27.08,0.00,0.00,0.00,0.00,1.00,1.00,0.12,0.08,0.00,0.00,0.00,0.00
2017-09-24 15:46:35,51.06,0.00,0.10,0.00,0.00,0.00,0.00,0.00,0.00,48.84,0.00,1700.80,1009.40,0.00,0.00,0.00,0.00,15.20,0.00,27.00,0.00,0.00,0.00,0.00,0.00,0.00,0.00,0.00,0.00,570460,0,3284384,85.20,36924,645924,5005060,129.84,2822624,354552,348,2494336,47572,5136,10748,10916,0,0,0.00,0,0.00,3,628,0.97,1.00,1.05,0,0.00,0.00,0.00,0.00,0.00,0.00,0.00,0.00,1.80,1.80,0.22,0.15,0.00,0.00,0.00,0.00
2017-09-24 15:46:40,51.01,0.00,0.10,0.00,0.00,0.00,0.00,0.00,0.00,48.89,0.00,1682.00,1087.00,0.00,0.00,0.00,48.80,12.80,0.00,27.00,0.00,0.00,0.00,0.00,2.40,0.00,2.40,0.00,97.60,570476,0,3284368,85.20,36932,645948,5005060,129.84,2822668,354572,132,2494360,47572,5136,10748,10916,0,0,0.00,0,0.00,2,628,0.97,1.00,1.05,0,2.40,0.00,97.60,40.67,0.00,0.00,0.00,0.00,1.40,1.40,0.14,0.17,0.00,0.00,0.00,0.00
2017-09-24 15:46:45,50.81,0.00,0.20,0.00,0.00,0.00,0.00,0.00,0.00,48.99,0.00,1741.00,1162.00,0.00,0.00,0.00,11.20,14.20,0.00,280.60,0.00,0.00,0.00,0.00,1.20,0.00,1.20,0.00,22.40,575352,0,3279492,85.07,36940,645976,5005060,129.84,2817584,354588,184,2489256,47572,5136,10744,10916,0,0,0.00,0,0.00,3,628,0.97,1.00,1.05,0,1.20,0.00,22.40,18.67,0.00,0.00,0.00,0.00,1.00,1.00,0.12,0.08,0.00,0.00,0.00,0.00
2017-09-24 15:46:50,50.86,0.00,0.10,0.00,0.00,0.00,0.00,0.00,0.00,49.04,0.00,1681.40,1047.20,0.00,0.00,0.00,8.80,11.80,0.00,23.40,0.00,0.00,0.00,0.00,0.40,0.00,0.40,0.00,17.60,575360,0,3279484,85.07,36948,646000,5005060,129.84,2817608,354608,232,2489268,47572,5136,10744,10916,0,0,0.00,0,0.00,3,628,0.97,1.00,1.05,0,0.40,0.00,17.60,44.00,0.00,2.00,2.00,0.08,1.00,1.00,0.12,0.08,0.00,0.00,0.00,0.00
2017-09-24 15:46:55,51.11,0.00,0.30,0.00,0.00,0.00,0.00,0.00,0.00,48.59,0.40,1741.60,1111.60,0.00,0.00,0.00,4.00,25.60,0.00,30.40,0.00,0.00,0.00,0.00,0.40,0.00,0.40,0.00,8.00,575360,0,3279484,85.07,36956,646032,5005060,129.84,2817628,354632,272,2489296,47576,5136,10744,10916,0,0,0.00,0,0.00,2,629,0.98,1.00,1.05,0,0.40,0.00,8.00,20.00,0.00,0.00,0.00,0.00,1.20,1.20,0.13,0.16,0.00,0.00,0.00,0.00
2017-09-24 15:47:00,50.91,0.00,0.00,0.00,0.00,0.00,0.00,0.00,0.00,49.09,0.00,1642.00,943.20,0.00,0.00,0.00,36.00,19.80,0.00,23.80,0.00,0.00,0.00,0.00,2.80,0.00,2.80,0.00,72.00,575228,0,3279616,85.08,36964,646056,5005060,129.84,2817796,354652,264,2489448,47580,5144,10744,10916,0,0,0.00,0,0.00,2,629,0.98,1.00,1.05,0,2.80,0.00,72.00,25.71,0.00,0.00,0.00,0.00,1.00,1.00,0.12,0.08,0.00,0.00,0.00,0.00
2017-09-24 15:47:05,51.16,0.00,0.00,0.10,0.00,0.00,0.00,0.00,0.00,48.74,0.00,1760.40,1153.20,0.00,0.00,0.00,15.20,17.00,0.00,30.20,0.00,0.00,0.00,0.00,0.60,0.00,0.60,0.00,30.40,575228,0,3279616,85.08,36976,646080,5005060,129.84,2817888,354672,360,2489512,47584,5144,10744,10916,0,0,0.00,0,0.00,2,628,0.98,1.00,1.05,0,0.60,0.00,30.40,50.67,0.00,2.67,1.33,0.08,1.60,1.60,0.18,0.12,0.00,0.00,0.00,0.00
2017-09-24 15:47:10,51.06,0.00,0.20,0.00,0.00,0.00,0.00,0.00,0.00,48.74,0.00,1670.60,1043.40,0.00,0.00,0.00,7.20,15.60,0.00,28.20,0.00,0.00,0.00,0.00,0.40,0.00,0.40,0.00,14.40,573064,0,3281780,85.13,36984,646104,5005060,129.84,2819952,354692,388,2491556,47584,5136,10748,10916,0,0,0.00,0,0.00,2,628,0.98,1.00,1.05,0,0.40,0.00,14.40,36.00,0.00,0.00,0.00,0.00,1.60,1.60,0.18,0.19,0.00,0.00,0.00,0.00
2017-09-24 15:47:15,50.91,0.00,0.10,0.00,0.10,0.00,0.00,0.00,0.00,48.89,0.00,1751.40,1236.80,0.00,0.00,0.00,49.60,14.20,0.00,23.40,0.00,0.00,0.00,0.00,3.80,0.00,3.80,0.00,99.20,573064,0,3281780,85.13,36984,646136,5005060,129.84,2820000,354708,152,2491596,47584,5136,10748,10916,0,0,0.00,0,0.00,2,628,0.98,1.00,1.05,0,3.80,0.00,99.20,26.11,0.00,0.00,0.00,0.00,1.00,1.00,0.12,0.08,0.00,0.00,0.00,0.00
2017-09-24 15:47:20,51.01,0.00,0.10,0.00,0.00,0.00,0.00,0.00,0.00,48.89,0.00,1717.40,1220.20,0.00,0.00,0.00,15.20,11.40,0.00,49.60,0.00,0.00,0.00,0.00,1.00,0.00,1.00,0.00,30.40,573436,0,3281408,85.12,36992,646160,5005060,129.84,2819504,354728,192,2491080,47584,5136,10748,10916,0,0,0.00,0,0.00,3,628,0.98,1.00,1.05,0,1.00,0.00,30.40,30.40,0.00,0.00,0.00,0.00,1.00,1.00,0.12,0.08,0.00,0.00,0.00,0.00
2017-09-24 15:47:25,50.86,0.00,0.20,0.00,0.00,0.00,0.00,0.00,0.00,48.94,0.00,1735.40,1099.80,0.00,0.00,0.00,8.80,14.20,0.00,26.00,0.00,0.00,0.00,0.00,0.40,0.00,0.40,0.00,17.60,573428,0,3281416,85.12,37000,646188,5005060,129.84,2819524,354744,240,2491100,47584,5136,10748,10916,0,0,0.00,0,0.00,2,628,0.99,1.00,1.05,0,0.40,0.00,17.60,44.00,0.00,0.00,0.00,0.00,1.20,1.20,0.13,0.16,0.00,0.00,0.00,0.00
2017-09-24 15:47:30,50.81,0.00,0.10,0.00,0.00,0.00,0.00,0.00,0.00,49.09,0.00,1711.40,1165.00,0.00,0.00,0.00,29.60,16.80,0.00,23.60,0.00,0.00,0.00,0.00,3.00,0.00,3.00,0.00,59.20,573312,0,3281532,85.13,37008,646212,5005060,129.84,2819568,354768,220,2491116,47584,5136,10748,10916,0,0,0.00,0,0.00,2,628,0.99,1.00,1.05,0,3.00,0.00,59.20,19.73,0.00,0.00,0.00,0.00,1.00,1.00,0.12,0.08,0.00,0.00,0.00,0.00
2017-09-24 15:47:35,54.10,0.00,0.30,0.00,0.00,0.00,0.00,0.00,0.00,45.60,1.60,2609.60,1188.60,0.00,0.00,0.00,7.20,68.20,0.00,26.00,0.00,0.00,0.00,0.00,0.40,0.00,0.40,0.00,14.40,572628,0,3282216,85.15,37016,646236,5005060,129.84,2820480,354792,276,2492020,47584,5136,10748,10916,0,0,0.00,0,0.00,2,636,0.99,1.00,1.05,0,0.40,0.00,14.40,36.00,0.00,0.00,0.00,0.00,1.60,1.60,0.18,0.12,0.00,0.00,0.00,0.00
2017-09-24 15:47:40,50.86,0.00,0.10,0.00,0.10,0.00,0.00,0.00,0.00,48.94,0.00,1679.80,1071.20,0.00,0.00,0.00,6.40,13.40,0.00,33.00,0.00,0.00,0.00,0.00,0.40,0.00,0.40,0.00,12.80,572504,0,3282340,85.15,37024,646280,5005060,129.84,2820604,354804,336,2492136,47584,5200,10748,10916,0,0,0.00,0,0.00,2,636,0.99,1.00,1.05,0,0.40,0.00,12.80,32.00,0.00,0.00,0.00,0.00,1.60,1.60,0.18,0.19,0.00,0.00,0.00,0.00
2017-09-24 15:47:45,50.91,0.00,0.10,0.10,0.00,0.00,0.00,0.00,0.00,48.89,0.00,1742.20,1035.00,0.00,0.00,0.00,4.80,15.40,0.00,24.60,0.00,0.00,0.00,0.00,0.40,0.00,0.40,0.00,9.60,572504,0,3282340,85.15,37032,646304,5005060,129.84,2820540,354820,364,2492052,47588,5200,10748,10916,0,0,0.00,0,0.00,1,636,0.99,1.00,1.05,0,0.40,0.00,9.60,24.00,0.00,0.00,0.00,0.00,1.00,1.00,0.12,0.08,0.00,0.00,0.00,0.00
2017-09-24 15:47:50,51.11,0.00,0.00,0.00,0.00,0.00,0.00,0.00,0.00,48.89,0.00,1707.20,1149.00,0.00,0.00,0.00,49.60,14.20,0.00,23.40,0.00,0.00,0.00,0.00,2.40,0.00,2.40,0.00,99.20,572380,0,3282464,85.15,37032,646336,5005060,129.84,2820676,354832,196,2492148,47588,5200,10748,10916,0,0,0.00,0,0.00,1,636,0.99,1.00,1.05,0,2.40,0.00,99.20,41.33,0.01,2.67,0.33,0.08,1.00,1.00,0.12,0.08,0.00,0.00,0.00,0.00
2017-09-24 15:47:55,51.01,0.00,0.20,0.00,0.00,0.00,0.10,0.00,0.00,48.69,0.40,1738.00,1104.40,0.00,0.00,0.00,4.00,25.80,0.00,252.00,0.00,0.00,0.00,0.00,0.40,0.00,0.40,0.00,8.00,576476,0,3278368,85.05,37040,646360,5005060,129.84,2816428,354844,232,2487884,47592,5200,10740,10916,0,0,0.00,0,0.00,2,637,0.99,1.00,1.05,0,0.40,0.00,8.00,20.00,0.00,2.00,2.00,0.08,1.20,1.20,0.13,0.16,0.00,0.00,0.00,0.00
2017-09-24 15:48:00,51.01,0.00,0.00,0.00,0.00,0.00,0.00,0.00,0.00,48.99,0.00,1744.80,1035.60,0.00,0.00,0.00,35.20,22.00,0.00,23.40,0.00,0.00,0.00,0.00,3.00,0.00,3.00,0.00,70.40,572372,0,3282472,85.15,37040,646384,5005060,129.84,2818536,354852,176,2492040,47592,5208,10748,10916,0,0,0.00,0,0.00,1,637,0.99,1.00,1.05,0,3.00,0.00,70.40,23.47,0.00,0.00,0.00,0.00,1.00,1.00,0.12,0.08,0.00,0.00,0.00,0.00
2017-09-24 15:48:05,50.86,0.00,0.20,0.00,0.00,0.00,0.00,0.00,0.00,48.94,0.00,1708.20,1071.40,0.00,0.00,0.00,12.00,12.60,0.00,29.60,0.00,0.00,0.00,0.00,0.40,0.00,0.40,0.00,24.00,572372,0,3282472,85.15,37048,646408,5005060,129.84,2820624,354888,240,2492056,47596,5208,10748,10916,0,0,0.00,0,0.00,1,636,0.99,1.00,1.05,0,0.40,0.00,24.00,60.00,0.00,2.00,2.00,0.08,1.40,1.40,0.17,0.11,0.00,0.00,0.00,0.00
2017-09-24 15:48:10,50.96,0.00,0.00,0.00,0.10,0.00,0.00,0.00,0.00,48.94,0.00,1760.80,1304.00,0.00,0.00,0.00,4.00,14.00,0.00,28.80,0.00,0.00,0.00,0.00,0.40,0.00,0.40,0.00,8.00,572380,0,3282464,85.15,37056,646440,5005060,129.84,2820592,354908,292,2492004,47596,5200,10748,10916,0,0,0.00,0,0.00,3,636,0.99,1.00,1.05,0,0.40,0.00,8.00,20.00,0.00,0.00,0.00,0.00,1.80,1.80,0.19,0.20,0.00,0.00,0.00,0.00
2017-09-24 15:48:15,50.91,0.00,0.00,0.00,0.00,0.00,0.00,0.00,0.00,49.09,0.00,1687.80,965.40,0.00,0.00,0.00,6.40,12.00,0.00,23.60,0.00,0.00,0.00,0.00,0.40,0.00,0.40,0.00,12.80,572256,0,3282588,85.15,37064,646464,5005060,129.84,2820604,354924,316,2492008,47596,5200,10748,10916,0,0,0.00,0,0.00,1,636,0.99,1.00,1.05,0,0.40,0.00,12.80,32.00,0.00,0.00,0.00,0.00,1.00,1.00,0.12,0.08,0.00,0.00,0.00,0.00
2017-09-24 15:48:20,50.91,0.00,0.10,0.00,0.00,0.00,0.00,0.00,0.00,48.99,0.00,1745.40,1112.00,0.00,0.00,0.00,3.20,14.00,0.00,23.40,0.00,0.00,0.00,0.00,0.40,0.00,0.40,0.00,6.40,572256,0,3282588,85.15,37072,646492,5005060,129.84,2820616,354952,348,2492024,47596,5200,10748,10916,0,0,0.00,0,0.00,1,636,0.99,1.00,1.05,0,0.40,0.00,6.40,16.00,0.00,0.00,0.00,0.00,1.00,1.00,0.12,0.08,0.00,0.00,0.00,0.00
2017-09-24 15:48:25,51.72,0.00,0.10,0.10,0.00,0.00,0.00,0.00,0.00,48.08,0.00,1675.20,1070.00,0.00,0.00,0.00,49.60,73.40,0.00,112.60,0.00,0.00,0.00,0.00,2.80,0.00,2.80,0.00,99.20,572504,0,3282340,85.15,37080,646512,5005060,129.84,2820160,354968,152,2491536,47600,5200,10752,10916,0,0,0.00,0,0.00,3,636,0.99,1.00,1.05,0,2.80,0.00,99.20,35.43,0.00,0.00,0.00,0.00,1.20,1.20,0.13,0.16,0.00,0.00,0.00,0.00
2017-09-24 15:48:30,50.71,0.00,0.20,0.00,0.00,0.00,0.00,0.00,0.00,49.09,0.00,1764.60,1125.20,0.00,0.00,0.00,36.80,17.80,0.00,25.00,0.00,0.00,0.00,0.00,2.80,0.00,2.80,0.00,73.60,570332,0,3284512,85.20,37088,646544,5005060,129.84,2822248,354988,184,2493604,47604,5200,10756,10916,0,0,0.00,0,0.00,1,636,1.00,1.00,1.05,0,2.80,0.00,73.60,26.29,0.00,0.00,0.00,0.00,1.40,1.40,0.14,0.10,0.00,0.00,0.00,0.00
2017-09-24 15:48:35,51.01,0.00,0.00,0.00,0.00,0.00,0.00,0.00,0.00,48.99,0.00,1715.20,1001.00,0.00,0.00,0.00,48.80,18.20,0.00,57.20,0.00,0.00,0.00,0.00,5.60,0.00,5.60,0.00,97.60,570832,0,3284012,85.19,37096,646568,5005060,129.84,2821768,355008,100,2493112,47604,5200,10756,10916,0,0,0.00,0,0.00,1,628,1.00,1.00,1.05,0,5.60,0.00,97.60,17.43,0.00,0.00,0.00,0.00,1.40,1.40,0.17,0.11,0.00,0.00,0.00,0.00
2017-09-24 15:48:40,50.81,0.00,0.20,0.00,0.00,0.00,0.00,0.00,0.00,48.99,0.00,1761.60,1219.20,0.00,0.00,0.00,14.40,15.60,0.00,27.80,0.00,0.00,0.00,0.00,0.40,0.00,0.40,0.00,28.80,570892,0,3283952,85.19,37104,646600,5005060,129.84,2821796,355032,212,2493124,47604,5136,10756,10916,0,0,0.00,0,0.00,4,628,1.00,1.00,1.05,0,0.40,0.00,28.80,72.00,0.00,0.00,0.00,0.00,1.60,1.60,0.18,0.19,0.00,0.00,0.00,0.00
2017-09-24 15:48:45,50.81,0.00,0.20,0.00,0.00,0.00,0.00,0.00,0.00,48.99,0.00,1707.19,1063.47,0.00,0.00,0.00,0.00,12.57,0.00,29.74,0.00,0.00,0.00,0.00,0.00,0.00,0.00,0.00,0.00,568972,0,3285872,85.24,37104,646624,5005060,129.84,2823852,355032,236,2495184,47476,5136,10760,10916,0,0,0.00,0,0.00,1,628,1.00,1.00,1.05,0,0.00,0.00,0.00,0.00,0.00,0.00,0.00,0.00,1.00,1.00,0.12,0.08,0.00,0.00,0.00,0.00
2017-09-24 15:48:50,51.41,0.00,0.10,0.00,0.10,0.00,0.00,0.00,0.00,48.38,0.60,1769.40,1258.60,0.00,0.00,0.00,4.00,77.00,0.00,46.80,0.00,0.00,0.00,0.00,0.40,0.00,0.40,0.00,8.00,568776,0,3286068,85.25,37112,646648,5005060,129.84,2823996,355068,276,2495304,47560,5144,10760,10916,0,0,0.00,0,0.00,1,629,1.00,1.00,1.05,0,0.40,0.00,8.00,20.00,0.00,2.00,2.00,0.08,1.00,1.00,0.12,0.08,0.00,0.00,0.00,0.00
2017-09-24 15:48:55,50.96,0.00,0.10,0.00,0.00,0.00,0.00,0.00,0.00,48.94,0.40,1709.00,1096.60,0.00,0.00,0.00,7.20,23.60,0.00,30.20,0.00,0.00,0.00,0.00,0.40,0.00,0.40,0.00,14.40,568528,0,3286316,85.25,37120,646672,5005060,129.84,2824112,355084,304,2495404,47572,5144,10760,10916,0,0,0.00,0,0.00,3,630,1.00,1.00,1.05,0,0.40,0.00,14.40,36.00,0.00,2.00,2.00,0.08,1.20,1.20,0.13,0.16,0.00,0.00,0.00,0.00
2017-09-24 15:49:00,51.11,0.00,0.10,0.00,0.00,0.00,0.00,0.00,0.00,48.79,0.00,1738.40,1091.60,0.00,0.00,0.00,4.80,13.80,0.00,203.40,0.00,0.00,0.00,0.00,0.40,0.00,0.40,0.00,9.60,571676,0,3283168,85.17,37124,646704,4996416,129.61,2820524,355100,356,2491804,47572,5152,10756,10916,0,0,0.00,0,0.00,1,630,1.00,1.00,1.05,0,0.40,0.00,9.60,24.00,0.00,2.00,2.00,0.08,1.00,1.00,0.12,0.08,0.00,0.00,0.00,0.00
2017-09-24 15:49:05,50.86,0.00,0.20,0.10,0.00,0.00,0.00,0.00,0.00,48.84,0.00,1701.20,1054.80,0.00,0.00,0.00,33.60,17.80,0.00,29.20,0.00,0.00,0.00,0.00,2.80,0.00,2.80,0.00,67.20,571684,0,3283160,85.17,37128,646728,4996416,129.61,2820548,355116,348,2491808,47572,5152,10756,10916,0,0,0.00,0,0.00,2,629,1.00,1.00,1.05,0,2.80,0.00,67.20,24.00,0.00,0.29,0.29,0.08,1.40,1.40,0.17,0.11,0.00,0.00,0.00,0.00
2017-09-24 15:49:10,51.11,0.00,0.10,0.00,0.00,0.00,0.00,0.00,0.00,48.79,0.00,1745.60,1035.60,0.00,0.00,0.00,55.20,15.80,0.00,28.80,0.00,0.00,0.00,0.00,2.00,0.00,2.00,0.00,110.40,571692,0,3283152,85.17,37140,646756,4996416,129.61,2820532,355128,232,2491784,47576,5144,10756,10916,0,0,0.00,0,0.00,4,629,1.00,1.00,1.05,0,2.00,0.00,110.40,55.20,0.00,0.40,0.40,0.08,1.80,1.80,0.19,0.20,0.00,0.00,0.00,0.00
2017-09-24 15:49:15,50.86,0.00,0.20,0.00,0.00,0.00,0.10,0.00,0.00,48.84,0.00,1705.40,1072.20,0.00,0.00,0.00,30.40,12.00,0.00,23.60,0.00,0.00,0.00,0.00,4.20,0.00,4.20,0.00,60.80,571692,0,3283152,85.17,37148,646780,4996416,129.61,2820568,355152,164,2491792,47576,5144,10756,10916,0,0,0.00,0,0.00,2,629,1.00,1.00,1.05,0,4.20,0.00,60.80,14.48,0.00,0.19,0.19,0.08,1.00,1.00,0.12,0.08,0.00,0.00,0.00,0.00
2017-09-24 15:49:20,50.86,0.00,0.20,0.00,0.10,0.00,0.00,0.00,0.00,48.84,0.00,1763.60,1279.60,0.00,0.00,0.00,3.20,30.60,0.00,23.40,0.00,0.00,0.00,0.00,0.40,0.00,0.40,0.00,6.40,571692,0,3283152,85.17,37156,646808,4996416,129.61,2820944,355172,200,2492156,47576,5144,10756,10916,0,0,0.00,0,0.00,1,629,1.00,1.00,1.05,0,0.40,0.00,6.40,16.00,0.00,4.00,4.00,0.16,1.00,1.00,0.12,0.08,0.00,0.00,0.00,0.00
2017-09-24 15:49:25,50.91,0.00,0.10,0.00,0.00,0.00,0.00,0.00,0.00,48.99,0.00,1736.40,1181.40,0.00,0.00,0.00,5.60,13.00,0.00,52.80,0.00,0.00,0.00,0.00,0.40,0.00,0.40,0.00,11.20,571692,0,3283152,85.17,37164,646832,4996416,129.61,2820448,355196,244,2491648,47576,5144,10756,10916,0,0,0.00,0,0.00,1,629,1.00,1.00,1.05,0,0.40,0.00,11.20,28.00,0.00,2.00,2.00,0.08,1.40,1.40,0.14,0.17,0.00,0.00,0.00,0.00
2017-09-24 15:49:30,50.81,0.00,0.20,0.00,0.00,0.00,0.00,0.00,0.00,48.99,0.00,1736.40,1201.20,0.00,0.00,0.00,4.80,13.20,0.00,23.40,0.00,0.00,0.00,0.00,0.40,0.00,0.40,0.00,9.60,571692,0,3283152,85.17,37172,646864,4996416,129.61,2820464,355216,284,2491668,47580,5144,10756,10916,0,0,0.00,0,0.00,1,629,1.00,1.00,1.05,0,0.40,0.00,9.60,24.00,0.00,2.00,2.00,0.08,1.00,1.00,0.12,0.08,0.00,0.00,0.00,0.00
2017-09-24 15:49:35,51.06,0.00,0.10,0.00,0.00,0.00,0.00,0.00,0.00,48.84,0.00,1705.80,981.80,0.00,0.00,0.00,31.20,16.80,0.00,25.40,0.00,0.00,0.00,0.00,2.80,0.00,2.80,0.00,62.40,571692,0,3283152,85.17,37180,646888,4996416,129.61,2820480,355232,272,2491672,47580,5144,10756,10916,0,0,0.00,0,0.00,2,629,1.00,1.00,1.05,0,2.80,0.00,62.40,22.29,0.00,0.29,0.29,0.08,1.40,1.40,0.17,0.11,0.00,0.00,0.00,0.00
2017-09-24 15:49:40,50.86,0.00,0.00,0.00,0.00,0.00,0.00,0.00,0.00,49.14,0.00,1736.80,1120.40,0.00,0.00,0.00,12.00,14.20,0.00,127.60,0.00,0.00,0.00,0.00,0.80,0.00,0.80,0.00,24.00,571620,0,3283224,85.17,37188,646912,4996416,129.61,2820536,355252,296,2491708,47580,5144,10756,10916,0,0,0.00,0,0.00,3,629,1.00,1.00,1.05,0,0.80,0.00,24.00,30.00,0.00,1.00,1.00,0.08,1.20,1.20,0.13,0.16,0.00,0.00,0.00,0.00
2017-09-24 15:49:45,50.76,0.00,0.20,0.10,0.10,0.00,0.00,0.00,0.00,48.84,0.00,1703.40,1058.20,0.00,0.00,0.00,44.00,12.60,0.00,25.40,0.00,0.00,0.00,0.00,1.00,0.00,1.00,0.00,88.00,571628,0,3283216,85.17,37196,646936,4996416,129.61,2820564,355276,168,2491708,47580,5144,10756,10916,0,0,0.00,0,0.00,2,629,1.00,1.00,1.05,0,1.00,0.00,88.00,88.00,0.00,0.80,0.80,0.08,1.40,1.40,0.17,0.11,0.00,0.00,0.00,0.00
2017-09-24 15:49:50,50.91,0.00,0.20,0.00,0.00,0.00,0.00,0.00,0.00,48.89,0.00,1739.40,1110.60,0.00,0.00,0.00,19.20,13.20,0.00,27.40,0.00,0.00,0.00,0.00,2.60,0.00,2.60,0.00,38.40,571744,0,3283100,85.17,37204,646960,4996416,129.61,2820516,355292,152,2491664,47580,5136,10756,10916,0,0,0.00,0,0.00,2,628,1.00,1.00,1.05,0,2.60,0.00,38.40,14.77,0.00,0.31,0.31,0.08,1.00,1.00,0.12,0.08,0.00,0.00,0.00,0.00
2017-09-24 15:49:55,50.96,0.00,0.20,0.00,0.00,0.00,0.00,0.00,0.00,48.84,0.40,1710.40,993.60,0.00,0.00,0.00,5.60,23.60,0.00,186.00,0.00,0.00,0.00,0.00,0.40,0.00,0.40,0.00,11.20,574736,0,3280108,85.09,37212,646992,4996416,129.61,2817572,355308,204,2488700,47584,5136,10760,10916,0,0,0.00,0,0.00,2,629,1.00,1.00,1.05,0,0.40,0.00,11.20,28.00,0.00,2.00,2.00,0.08,1.60,1.40,0.15,0.17,0.00,0.00,0.00,0.00
2017-09-24 15:50:00,51.11,0.00,0.20,0.00,0.00,0.00,0.00,0.00,0.00,48.69,0.00,1773.80,1258.40,0.00,0.00,0.00,5.60,13.40,0.00,23.60,0.00,0.00,0.00,0.00,0.40,0.00,0.40,0.00,11.20,574728,0,3280116,85.09,37220,647020,4996416,129.61,2817592,355332,260,2488704,47588,5144,10764,10916,0,0,0.00,0,0.00,2,629,1.00,1.00,1.05,0,0.40,0.00,11.20,28.00,0.00,2.00,2.00,0.08,1.00,1.00,0.12,0.08,0.00,0.00,0.00,0.00
2017-09-24 15:50:05,50.91,0.00,0.20,0.00,0.00,0.00,0.00,0.00,0.00,48.89,0.00,1699.60,990.00,0.00,0.00,0.00,32.00,21.60,0.00,46.80,0.00,0.00,0.00,0.00,3.20,0.00,3.20,0.00,64.00,574728,0,3280116,85.09,37224,647044,4996416,129.61,2817352,355348,236,2488464,47588,5144,10768,10916,0,0,0.00,0,0.00,2,628,1.00,1.00,1.05,0,3.20,0.00,64.00,20.00,0.00,0.00,0.00,0.00,1.40,1.40,0.17,0.11,0.00,0.00,0.00,0.00
2017-09-24 15:50:10,51.16,0.00,0.10,0.00,0.00,0.00,0.00,0.00,0.00,48.74,0.00,1744.20,1259.00,0.00,0.00,0.00,7.20,19.40,0.00,26.80,0.00,0.00,0.00,0.00,0.40,0.00,0.40,0.00,14.40,574736,0,3280108,85.09,37232,647068,4996416,129.61,2817356,355368,284,2488436,47588,5136,10768,10916,0,0,0.00,0,0.00,2,628,1.00,1.00,1.05,0,0.40,0.00,14.40,36.00,0.00,0.00,0.00,0.00,1.40,1.40,0.14,0.17,0.00,0.00,0.00,0.00
2017-09-24 15:50:15,51.01,0.00,0.10,0.00,0.00,0.00,0.00,0.00,0.00,48.89,0.00,1668.60,966.40,0.00,0.00,0.00,12.00,17.00,0.00,25.20,0.00,0.00,0.00,0.00,1.20,0.00,1.20,0.00,24.00,574736,0,3280108,85.09,37240,647096,4996416,129.61,2817540,355376,296,2488608,47588,5136,10768,10916,0,0,0.00,0,0.00,2,628,1.00,1.00,1.05,0,1.20,0.00,24.00,20.00,0.00,0.00,0.00,0.00,1.40,1.40,0.17,0.11,0.00,0.00,0.00,0.00
2017-09-24 15:50:20,50.86,0.00,0.20,0.00,0.10,0.00,0.00,0.00,0.00,48.84,0.00,1736.00,1153.60,0.00,0.00,0.00,43.20,16.20,0.00,49.40,0.00,0.00,0.00,0.00,1.00,0.00,1.00,0.00,86.40,574912,0,3279932,85.09,37248,647120,4996416,129.61,2817116,355404,160,2488172,47592,5136,10772,10916,0,0,0.00,0,0.00,2,628,1.00,1.00,1.05,0,1.00,0.00,86.40,86.40,0.00,0.00,0.00,0.00,1.00,1.00,0.12,0.08,0.00,0.00,0.00,0.00
2017-09-24 15:50:25,50.96,0.00,0.20,0.00,0.00,0.00,0.00,0.00,0.00,48.84,0.00,1686.00,1051.20,0.00,0.00,0.00,20.80,21.00,0.00,26.80,0.00,0.00,0.00,0.00,2.60,0.00,2.60,0.00,41.60,574860,0,3279984,85.09,37256,647152,4996416,129.61,2817304,355424,168,2488340,47592,5136,10772,10916,0,0,0.00,0,0.00,2,628,1.00,1.00,1.05,0,2.60,0.00,41.60,16.00,0.00,0.00,0.00,0.00,1.40,1.40,0.14,0.17,0.00,0.00,0.00,0.00
2017-09-24 15:50:30,51.01,0.00,0.10,0.00,0.00,0.00,0.00,0.00,0.00,48.89,0.00,1704.60,1120.60,0.00,0.00,0.00,4.00,18.60,0.00,23.80,0.00,0.00,0.00,0.00,0.40,0.00,0.40,0.00,8.00,574860,0,3279984,85.09,37264,647176,4996416,129.61,2817388,355448,208,2488412,47592,5136,10772,10916,0,0,0.00,0,0.00,1,628,1.00,1.00,1.05,0,0.40,0.00,8.00,20.00,0.00,0.00,0.00,0.00,1.00,1.00,0.12,0.08,0.00,0.00,0.00,0.00
2017-09-24 15:50:35,51.01,0.00,0.10,0.00,0.00,0.00,0.00,0.00,0.00,48.89,0.00,1699.40,1113.00,0.00,0.00,0.00,32.00,24.60,0.00,25.40,0.00,0.00,0.00,0.00,3.00,0.00,3.00,0.00,64.00,574736,0,3280108,85.09,37272,647196,4996416,129.61,2817556,355464,212,2488592,47592,5136,10772,10916,0,0,0.00,0,0.00,2,628,1.00,1.00,1.05,0,3.00,0.00,64.00,21.33,0.00,0.00,0.00,0.00,1.40,1.40,0.17,0.11,0.00,0.00,0.00,0.00
2017-09-24 15:50:40,50.76,0.00,0.10,0.10,0.00,0.00,0.00,0.00,0.00,49.04,0.00,1661.00,1010.40,0.00,0.00,0.00,7.20,16.20,0.00,26.00,0.00,0.00,0.00,0.00,0.40,0.00,0.40,0.00,14.40,574720,0,3280124,85.09,37280,647224,4996416,129.61,2817692,355484,252,2488676,47624,5136,10772,10916,0,0,0.00,0,0.00,2,628,1.00,1.00,1.05,0,0.40,0.00,14.40,36.00,0.00,0.00,0.00,0.00,1.20,1.20,0.13,0.16,0.00,0.00,0.00,0.00
2017-09-24 15:50:45,50.96,0.00,0.10,0.00,0.10,0.00,0.00,0.00,0.00,48.84,0.00,1754.80,1242.20,0.00,0.00,0.00,5.60,20.40,0.00,25.20,0.00,0.00,0.00,0.00,0.40,0.00,0.40,0.00,11.20,574596,0,3280248,85.09,37284,647256,4996416,129.61,2817888,355496,292,2488848,47624,5136,10772,10916,0,0,0.00,0,0.00,1,628,1.00,1.00,1.05,0,0.40,0.00,11.20,28.00,0.00,0.00,0.00,0.00,1.40,1.40,0.17,0.11,0.00,0.00,0.00,0.00
2017-09-24 15:50:50,51.01,0.00,0.10,0.00,0.00,0.00,0.00,0.00,0.00,48.89,0.00,1675.20,1027.40,0.00,0.00,0.00,4.00,17.20,0.00,305.60,0.00,0.00,0.00,0.00,0.40,0.00,0.40,0.00,8.00,577680,0,3277164,85.01,37292,647272,4987588,129.38,2814376,355512,320,2485340,47624,5136,10768,10916,0,0,0.00,0,0.00,1,628,1.00,1.00,1.05,0,0.40,0.00,8.00,20.00,0.00,2.00,2.00,0.08,1.00,1.00,0.12,0.08,0.00,0.00,0.00,0.00
2017-09-24 15:50:55,51.01,0.00,0.30,0.00,0.00,0.00,0.00,0.00,0.00,48.69,0.40,1767.80,1147.80,0.00,0.00,0.00,52.80,34.00,0.00,30.00,0.00,0.00,0.00,0.00,1.80,0.00,1.80,0.00,105.60,577432,0,3277412,85.02,37300,647296,4987588,129.38,2814624,355528,160,2485572,47624,5136,10768,10916,0,0,0.00,0,0.00,1,629,1.00,1.00,1.05,0,1.80,0.00,105.60,58.67,0.00,0.00,0.00,0.00,1.20,1.20,0.13,0.16,0.00,0.00,0.00,0.00
2017-09-24 15:51:00,50.81,0.00,0.20,0.00,0.00,0.00,0.00,0.00,0.00,48.99,0.00,1639.00,1018.40,0.00,0.00,0.00,10.40,16.20,0.00,23.80,0.00,0.00,0.00,0.00,2.00,0.00,2.00,0.00,20.80,577316,0,3277528,85.02,37300,647332,4987588,129.38,2814788,355548,172,2485732,47624,5144,10768,10916,0,0,0.00,0,0.00,1,629,1.00,1.00,1.05,0,2.00,0.00,20.80,10.40,0.00,2.00,0.40,0.08,1.00,1.00,0.12,0.08,0.00,0.00,0.00,0.00
2017-09-24 15:51:05,51.21,0.00,0.20,0.00,0.00,0.00,0.00,0.00,0.00,48.59,0.00,1711.60,1116.60,0.00,0.00,0.00,32.00,28.40,0.00,29.40,0.00,0.00,0.00,0.00,2.80,0.00,2.80,0.00,64.00,577316,0,3277528,85.02,37304,647360,4987588,129.38,2814992,355560,188,2485924,47628,5144,10768,10916,0,0,0.00,0,0.00,1,628,1.00,1.00,1.05,0,2.80,0.00,64.00,22.86,0.00,0.00,0.00,0.00,1.40,1.40,0.17,0.11,0.00,0.00,0.00,0.00
2017-09-24 15:51:10,50.86,0.00,0.00,0.00,0.00,0.00,0.00,0.00,0.00,49.14,0.00,1676.20,1072.80,0.00,0.00,0.00,16.80,18.00,0.00,27.00,0.00,0.00,0.00,0.00,0.60,0.00,0.60,0.00,33.60,577200,0,3277644,85.03,37308,647384,4987588,129.38,2815064,355572,280,2485960,47628,5136,10768,10916,0,0,0.00,0,0.00,1,628,1.00,1.00,1.05,0,0.60,0.00,33.60,56.00,0.00,0.00,0.00,0.00,1.40,1.40,0.14,0.17,0.00,0.00,0.00,0.00
2017-09-24 15:51:15,51.16,0.00,0.00,0.00,0.00,0.00,0.00,0.00,0.00,48.84,0.00,1751.40,1161.60,0.00,0.00,0.00,4.00,24.40,0.00,25.60,0.00,0.00,0.00,0.00,0.40,0.00,0.40,0.00,8.00,577076,0,3277768,85.03,37316,647416,4987588,129.38,2815224,355592,320,2486108,47628,5136,10768,10916,0,0,0.00,0,0.00,3,628,1.00,1.00,1.05,0,0.40,0.00,8.00,20.00,0.00,0.00,0.00,0.00,1.40,1.40,0.17,0.11,0.00,0.00,0.00,0.00
2017-09-24 15:51:20,50.76,0.00,0.20,0.00,0.00,0.00,0.00,0.00,0.00,49.04,0.00,1699.60,1138.20,0.00,0.00,0.00,5.60,16.40,0.00,24.20,0.00,0.00,0.00,0.00,0.40,0.00,0.40,0.00,11.20,576952,0,3277892,85.03,37324,647440,4987588,129.38,2815452,355608,344,2486308,47628,5136,10768,10916,0,0,0.00,0,0.00,1,628,1.00,1.00,1.05,0,0.40,0.00,11.20,28.00,0.00,0.00,0.00,0.00,1.20,1.20,0.13,0.09,0.00,0.00,0.00,0.00
2017-09-24 15:51:25,50.86,0.00,0.10,0.10,0.10,0.00,0.00,0.00,0.00,48.84,0.00,1732.00,1014.40,0.00,0.00,0.00,4.80,19.40,0.00,26.00,0.00,0.00,0.00,0.00,0.40,0.00,0.40,0.00,9.60,576828,0,3278016,85.04,37332,647468,4987588,129.38,2815576,355628,372,2486432,47628,5136,10768,10916,0,0,0.00,0,0.00,1,628,1.00,1.00,1.05,0,0.40,0.00,9.60,24.00,0.00,2.00,2.00,0.08,1.20,1.20,0.13,0.16,0.00,0.00,0.00,0.00
2017-09-24 15:51:30,50.96,0.00,0.10,0.00,0.00,0.00,0.00,0.00,0.00,48.94,0.00,1676.60,954.80,0.00,0.00,0.00,43.20,21.60,0.00,22.40,0.00,0.00,0.00,0.00,1.00,0.00,1.00,0.00,86.40,576580,0,3278264,85.04,37340,647492,4987588,129.38,2815764,355652,240,2486628,47628,5136,10768,10916,0,0,0.00,0,0.00,2,628,1.00,1.00,1.05,0,1.00,0.00,86.40,86.40,0.00,0.00,0.00,0.00,0.80,0.80,0.10,0.06,0.00,0.00,0.00,0.00
2017-09-24 15:51:35,51.06,0.00,0.00,0.10,0.00,0.00,0.00,0.00,0.00,48.84,0.00,1726.00,1059.60,0.00,0.00,0.00,56.80,27.60,0.00,25.60,0.00,0.00,0.00,0.00,7.00,0.00,7.00,0.00,113.60,576456,0,3278388,85.05,37348,647512,4987588,129.38,2816016,355664,128,2486860,47624,5136,10768,10916,0,0,0.00,0,0.00,1,628,1.00,1.00,1.05,0,7.00,0.00,113.60,16.23,0.00,0.00,0.00,0.00,1.40,1.40,0.17,0.11,0.00,0.00,0.00,0.00
2017-09-24 15:51:40,50.76,0.00,0.20,0.00,0.00,0.00,0.00,0.00,0.00,49.04,0.00,1686.20,1053.40,0.00,0.00,0.00,0.00,18.00,0.00,154.80,0.00,0.00,0.00,0.00,0.00,0.00,0.00,0.00,0.00,578380,0,3276464,85.00,37348,647544,4987588,129.38,2813584,355680,208,2484400,47628,5136,10764,10916,0,0,0.00,0,0.00,1,628,1.00,1.00,1.05,0,0.00,0.00,0.00,0.00,0.00,0.00,0.00,0.00,1.20,1.20,0.13,0.16,0.00,0.00,0.00,0.00
2017-09-24 15:51:45,51.01,0.00,0.10,0.00,0.00,0.00,0.00,0.00,0.00,48.89,0.00,1734.00,1176.80,0.00,0.00,0.00,4.00,20.20,0.00,25.80,0.00,0.00,0.00,0.00,0.40,0.00,0.40,0.00,8.00,578380,0,3276464,85.00,37356,647572,4987588,129.38,2813764,355700,256,2484536,47636,5136,10764,10916,0,0,0.00,0,0.00,1,628,1.00,1.00,1.05,0,0.40,0.00,8.00,20.00,0.00,2.00,2.00,0.08,1.40,1.40,0.17,0.11,0.00,0.00,0.00,0.00
2017-09-24 15:51:50,50.71,0.00,0.20,0.00,0.10,0.00,0.00,0.00,0.00,48.99,0.00,1695.00,1146.60,0.00,0.00,0.00,7.20,21.20,0.00,23.40,0.00,0.00,0.00,0.00,0.40,0.00,0.40,0.00,14.40,578256,0,3276588,85.00,37364,647596,4987588,129.38,2813948,355720,284,2484720,47636,5136,10764,10916,0,0,0.00,0,0.00,3,628,1.00,1.00,1.05,0,0.40,0.00,14.40,36.00,0.00,0.00,0.00,0.00,1.00,1.00,0.12,0.08,0.00,0.00,0.00,0.00
