timestamp,cpu.%usr,cpu.%nice,cpu.%sys,cpu.%iowait,cpu.%steal,cpu.%irq,cpu.%soft,cpu.%guest,cpu.%gnice,cpu.%idle,task.proc/s,task.cswch/s,intr.intr/s,swap.pswpin/s,swap.pswpout/s,paging.pgpgin/s,paging.pgpgout/s,paging.fault/s,paging.majflt/s,paging.pgfree/s,paging.pgscank/s,paging.pgscand/s,paging.pgsteal/s,paging.%vmeff,io.tps,io.rtps,io.wtps,io.bread/s,io.bwrtn/s,memory.kbmemfree,memory.kbavail,memory.kbmemused,memory.%memused,memory.kbbuffers,memory.kbcached,memory.kbcommit,memory.%commit,memory.kbactive,memory.kbinact,memory.kbdirty,memory.kbanonpg,memory.kbslab,memory.kbkstack,memory.kbpgtbl,memory.kbvmused,swap.kbswpfree,swap.kbswpused,swap.%swpused,swap.kbswpcad,swap.%swpcad,load.runq-sz,load.plist-sz,load.ldavg-1,load.ldavg-5,load.ldavg-15,load.blocked,disk.tps,disk.rd_sec/s,disk.wr_sec/s,disk.avgrq-sz,disk.avgqu-sz,disk.await,disk.svctm,disk.%util,network.rxpck/s,network.txpck/s,network.rxkB/s,network.txkB/s,network.rxcmp/s,network.txcmp/s,network.rxmcst/s,network.%ifutil
2018-01-07 11:19:01,11.03,0.00,0.30,0.00,0.00,0.00,0.00,0.00,0.00,88.67,0.80,320.80,250.80,0.00,0.00,0.00,39.20,586.80,0.00,1798.80,0.00,0.00,0.00,0.00,0.80,0.00,0.80,0.00,78.40,14735004,0,923996,5.90,47504,385736,970640,6.20,548300,223852,436,338908,49784,1840,2860,31532,0,0,0.00,0,0.00,1,216,0.09,0.85,1.20,0,0.80,0.00,78.40,98.00,0.00,0.00,0.00,0.00,4.00,4.80,0.32,0.62,0.00,0.00,0.00,0.00
2018-01-07 11:19:06,0.10,0.00,0.00,0.00,0.00,0.00,0.00,0.00,0.00,99.90,0.00,219.60,133.40,0.00,0.00,0.00,3.20,11.20,0.00,16.40,0.00,0.00,0.00,0.00,0.40,0.00,0.40,0.00,6.40,14735004,0,923996,5.90,47508,385756,970640,6.20,548300,223852,456,338912,49784,1840,2860,31532,0,0,0.00,0,0.00,1,216,0.08,0.83,1.19,0,0.40,0.00,6.40,16.00,0.00,0.00,0.00,0.00,1.80,3.20,0.15,0.55,0.00,0.00,0.00,0.00
2018-01-07 11:19:11,0.10,0.00,0.00,0.00,0.00,0.00,0.00,0.00,0.00,99.90,0.00,222.40,133.20,0.00,0.00,0.00,0.00,7.00,0.00,305.00,0.00,0.00,0.00,0.00,0.00,0.00,0.00,0.00,0.00,14734572,0,924428,5.90,47508,385780,970640,6.20,548732,223872,480,339268,49776,1840,2860,31532,0,0,0.00,0,0.00,1,216,0.08,0.82,1.19,0,0.00,0.00,0.00,0.00,0.00,0.00,0.00,0.00,1.40,2.80,0.12,0.52,0.00,0.00,0.00,0.00
2018-01-07 11:19:16,20.77,0.00,1.11,0.00,0.10,0.00,0.10,0.00,0.00,77.92,3.80,1062.20,1237.00,0.00,0.00,0.00,62.40,2389.40,0.00,1645.60,0.00,0.00,0.00,0.00,10.20,0.00,10.20,0.00,124.80,14646756,0,1012244,6.46,47512,392848,1093300,6.98,629568,230828,7224,420120,49800,1896,3020,31532,0,0,0.00,0,0.00,1,223,0.07,0.80,1.18,0,10.20,0.00,124.80,12.24,0.00,0.08,0.08,0.08,170.40,129.40,1432.84,9.36,0.00,0.00,0.00,0.00
2018-01-07 11:19:21,1.31,0.00,0.30,0.00,0.20,0.00,0.10,0.00,0.00,98.08,0.00,913.00,985.60,0.00,0.00,0.00,37.60,9.80,0.00,881.80,0.00,0.00,0.00,0.00,0.60,0.00,0.60,0.00,75.20,14637436,0,1021564,6.52,47520,403020,1093300,6.98,628308,240916,17572,418864,49800,1896,3020,31532,0,0,0.00,0,0.00,1,223,0.07,0.79,1.17,0,0.60,0.00,75.20,125.33,0.00,0.00,0.00,0.00,231.80,182.60,2025.35,12.86,0.00,0.00,0.00,0.00
2018-01-07 11:19:26,1.02,0.00,0.20,0.00,0.10,0.00,0.00,0.00,0.00,98.68,0.00,958.60,1068.80,0.00,0.00,0.00,3.20,8.20,0.00,911.00,0.00,0.00,0.00,0.00,0.40,0.00,0.40,0.00,6.40,14626252,0,1032748,6.60,47528,414264,1093300,6.98,628280,252228,28820,418812,49800,1888,3020,31532,0,0,0.00,0,0.00,0,222,0.06,0.78,1.17,0,0.40,0.00,6.40,16.00,0.00,0.00,0.00,0.00,259.40,199.00,2256.10,13.96,0.00,0.00,0.00,0.00
2018-01-07 11:19:31,3.43,0.00,0.50,0.10,0.20,0.00,0.30,0.00,0.00,95.46,0.00,1094.80,1251.40,0.00,0.00,0.00,60.80,8.60,0.00,1050.60,0.00,0.00,0.00,0.00,2.00,0.00,2.00,0.00,121.60,14613232,0,1045768,6.68,47528,427248,1093300,6.98,628304,265004,41596,418820,49800,1888,3020,31532,0,0,0.00,0,0.00,0,222,0.06,0.77,1.16,0,2.00,0.00,121.60,60.80,0.00,0.00,0.00,0.00,299.40,210.60,2619.54,14.60,0.00,0.00,0.00,0.00
2018-01-07 11:19:36,0.81,0.00,0.51,0.00,0.20,0.00,0.30,0.00,0.00,98.18,0.00,1003.60,1172.60,0.00,0.00,0.00,4.00,7.40,0.00,982.00,0.00,0.00,0.00,0.00,0.40,0.00,0.40,0.00,8.00,14601360,0,1057640,6.75,47532,439312,1093300,6.98,628320,277308,53664,418820,49800,1888,3020,31532,0,0,0.00,0,0.00,0,222,0.05,0.75,1.15,0,0.40,0.00,8.00,20.00,0.00,0.00,0.00,0.00,279.80,207.40,2447.27,14.55,0.00,0.00,0.00,0.00
2018-01-07 11:19:41,0.91,0.00,0.50,0.00,0.10,0.00,0.20,0.00,0.00,98.28,0.00,1010.20,1175.20,0.00,0.00,0.00,3.20,8.60,0.00,901.20,0.00,0.00,0.00,0.00,0.40,0.00,0.40,0.00,6.40,14590084,0,1068916,6.83,47540,450444,1093300,6.98,628272,288524,64800,418756,49800,1880,3020,31532,0,0,0.00,0,0.00,1,221,0.05,0.74,1.15,0,0.40,0.00,6.40,16.00,0.00,2.00,2.00,0.08,255.00,196.40,2229.28,13.78,0.00,0.00,0.00,0.00
2018-01-07 11:19:46,1.31,0.00,0.20,0.00,0.20,0.00,0.20,0.00,0.00,98.08,0.00,954.40,1045.20,0.00,0.00,0.00,8.00,9.60,0.00,837.60,0.00,0.00,0.00,0.00,0.60,0.00,0.60,0.00,16.00,14580016,0,1078984,6.89,47548,460784,1093300,6.98,628296,298704,75132,418772,49800,1880,3020,31532,0,0,0.00,0,0.00,2,221,0.04,0.73,1.14,0,0.60,0.00,16.00,26.67,0.00,1.33,1.33,0.08,238.80,187.80,2088.62,13.16,0.00,0.00,0.00,0.00
2018-01-07 11:19:51,0.61,0.00,0.20,1.31,0.20,0.00,0.30,0.00,0.00,97.37,0.00,987.80,1173.60,0.00,0.00,0.00,15328.80,7.20,0.00,870.80,0.00,0.00,0.00,0.00,127.20,0.00,127.20,0.00,30657.60,14568932,0,1090068,6.96,47556,471564,1093300,6.98,628312,309464,9312,418772,49836,1880,3020,31532,0,0,0.00,0,0.00,0,221,0.04,0.72,1.14,0,127.20,0.00,30657.60,241.02,8.27,65.02,0.75,9.52,246.00,186.20,2148.42,13.12,0.00,0.00,0.00,0.00
2018-01-07 11:19:56,0.81,0.00,0.20,0.00,0.20,0.00,0.30,0.00,0.00,98.48,0.00,1012.20,1117.00,0.00,0.00,0.00,4.80,7.60,0.00,812.00,0.00,0.00,0.00,0.00,0.40,0.00,0.40,0.00,9.60,14559244,0,1099756,7.02,47564,481408,1093300,6.98,628328,319548,19164,418776,49836,1880,3020,31532,0,0,0.00,0,0.00,1,221,0.04,0.70,1.13,0,0.40,0.00,9.60,24.00,0.00,2.00,2.00,0.08,230.60,180.00,2014.80,12.69,0.00,0.00,0.00,0.00
2018-01-07 11:20:01,0.51,0.00,0.31,0.00,0.10,0.00,0.00,0.00,0.00,99.08,0.00,1133.60,1166.60,0.00,0.00,0.00,7.20,8.40,0.00,1001.20,0.00,0.00,0.00,0.00,0.60,0.00,0.60,0.00,14.40,14546552,0,1112448,7.10,47572,494128,1093300,6.98,628336,331924,31884,418776,49804,1880,3020,31532,0,0,0.00,0,0.00,1,221,0.03,0.69,1.12,0,0.60,0.00,14.40,24.00,0.00,0.00,0.00,0.00,285.20,197.20,2492.98,13.60,0.00,0.00,0.00,0.00
2018-01-07 11:20:06,0.41,0.00,0.41,0.00,0.31,0.00,0.41,0.00,0.00,98.47,0.00,1436.20,1668.40,0.00,0.00,0.00,36.80,7.00,0.00,1496.00,0.00,0.00,0.00,0.00,1.00,0.00,1.00,0.00,73.60,14528120,0,1130880,7.22,47580,512556,1093300,6.98,628348,350552,50152,418780,49804,1880,3020,31532,0,0,0.00,0,0.00,0,221,0.03,0.68,1.12,0,1.00,0.00,73.60,73.60,0.00,0.00,0.00,0.00,428.00,264.00,3744.73,18.10,0.00,0.00,0.00,0.00
2018-01-07 11:20:11,85.53,0.00,4.32,0.00,0.10,0.00,0.00,0.00,0.00,10.05,16.60,1374.00,945.20,0.00,0.00,0.00,4.80,11162.20,0.00,3040.20,0.00,0.00,0.00,0.00,0.40,0.00,0.40,0.00,9.60,14074088,0,1584912,10.12,47588,514804,14334096,91.54,1084628,346228,52424,868460,50380,2208,4528,31532,0,0,0.00,0,0.00,8,285,0.35,0.74,1.13,0,0.40,0.00,9.60,24.00,0.00,0.00,0.00,0.00,45.80,29.40,375.25,2.37,0.00,0.00,0.00,0.00
2018-01-07 11:20:16,90.70,0.00,7.40,0.00,0.00,0.00,0.20,0.00,0.00,1.70,12.40,1998.40,1197.80,0.00,0.00,0.00,1035.20,3554.60,0.00,1574.20,0.00,0.00,0.00,0.00,9.00,0.00,9.00,0.00,2070.40,11846924,0,3812076,24.34,47600,525260,14418260,92.08,3278376,346448,58076,3080632,50752,2584,9252,31532,0,0,0.00,0,0.00,2,309,0.72,0.81,1.15,0,9.00,0.00,2070.40,230.04,0.04,4.18,0.36,0.32,130.20,85.00,1001.69,9.77,0.00,0.00,0.00,0.00
2018-01-07 11:20:21,95.90,0.00,4.10,0.00,0.00,0.00,0.00,0.00,0.00,0.00,0.00,919.40,945.60,0.00,0.00,0.00,10474.40,211.80,0.00,2902.40,0.00,0.00,0.00,0.00,86.20,0.00,86.20,0.00,20948.80,10067216,0,5591784,35.71,47608,525288,14418260,92.08,5073028,346356,5908,4854676,50908,2536,12572,31532,0,0,0.00,0,0.00,2,303,0.82,0.83,1.16,0,86.20,0.00,20948.80,243.03,2.81,32.59,0.28,2.40,1.80,3.60,0.15,0.65,0.00,0.00,0.00,0.00
2018-01-07 11:20:26,98.60,0.00,1.40,0.00,0.00,0.00,0.00,0.00,0.00,0.00,0.00,816.80,821.80,0.00,0.00,0.00,9.60,67.20,0.00,1773.00,0.00,0.00,0.00,0.00,0.40,0.00,0.40,0.00,19.20,9527740,0,6131260,39.15,47616,525312,14418260,92.08,5613616,346372,5960,5393220,50836,2520,13668,31532,0,0,0.00,0,0.00,2,301,1.00,0.86,1.17,0,0.40,0.00,19.20,48.00,0.00,0.00,0.00,0.00,2.40,3.80,0.19,0.67,0.00,0.00,0.00,0.00
2018-01-07 11:20:31,98.70,0.00,1.30,0.00,0.00,0.00,0.00,0.00,0.00,0.00,0.00,825.60,831.80,0.00,0.00,0.00,8.00,70.80,0.00,1152.60,0.00,0.00,0.00,0.00,0.60,0.00,0.60,0.00,16.00,9061976,0,6597024,42.13,47624,525332,14418260,92.08,6084948,346380,5984,5858368,50836,2520,14572,31532,0,0,0.00,0,0.00,3,299,1.08,0.88,1.17,0,0.60,0.00,16.00,26.67,0.00,0.00,0.00,0.00,1.60,3.20,0.23,1.09,0.00,0.00,0.00,0.00
2018-01-07 11:20:36,98.40,0.00,1.60,0.00,0.00,0.00,0.00,0.00,0.00,0.00,0.00,819.60,824.80,0.00,0.00,0.00,4.00,74.80,0.00,1965.00,0.00,0.00,0.00,0.00,0.40,0.00,0.40,0.00,8.00,8432140,0,7226860,46.15,47632,525356,14418260,92.08,6709496,346396,6008,6486996,50836,2504,15836,31532,0,0,0.00,0,0.00,4,299,1.15,0.90,1.18,0,0.40,0.00,8.00,20.00,0.00,0.00,0.00,0.00,1.40,2.80,0.12,0.60,0.00,0.00,0.00,0.00
2018-01-07 11:20:41,98.30,0.00,1.70,0.00,0.00,0.00,0.00,0.00,0.00,0.00,0.00,838.40,850.40,0.00,0.00,0.00,87.20,77.00,0.00,1870.40,0.00,0.00,0.00,0.00,7.00,0.00,7.00,0.00,174.40,7795988,0,7863012,50.21,47640,525384,14418260,92.08,7348496,346424,5764,7121900,50836,2504,17048,31532,0,0,0.00,0,0.00,2,297,1.22,0.92,1.18,0,7.00,0.00,174.40,24.91,0.00,0.00,0.00,0.00,1.80,3.60,0.25,1.20,0.00,0.00,0.00,0.00
2018-01-07 11:20:46,98.40,0.00,1.60,0.00,0.00,0.00,0.00,0.00,0.00,0.00,0.00,833.40,834.60,0.00,0.00,0.00,13.60,79.80,0.00,1451.80,0.00,0.00,0.00,0.00,1.20,0.00,1.20,0.00,27.20,7110484,0,8548516,54.59,47648,525400,14418260,92.08,8020164,346432,5772,7805832,50836,2488,18368,31532,0,0,0.00,0,0.00,2,297,1.28,0.94,1.19,0,1.20,0.00,27.20,22.67,0.00,0.00,0.00,0.00,1.20,2.40,0.11,0.49,0.00,0.00,0.00,0.00
2018-01-07 11:20:51,98.90,0.00,1.10,0.00,0.00,0.00,0.00,0.00,0.00,0.00,0.00,824.60,827.60,0.00,0.00,0.00,1128.80,100.20,0.00,1146.20,0.00,0.00,0.00,0.00,14.80,0.00,14.80,0.00,2257.60,6638236,0,9020764,57.61,47648,525428,14418260,92.08,8488000,346448,128,8277752,50836,2488,19308,31532,0,0,0.00,0,0.00,2,297,1.34,0.95,1.19,0,14.80,0.00,2257.60,152.54,0.12,8.05,0.16,0.24,1.80,3.60,0.25,1.20,0.00,0.00,0.00,0.00
2018-01-07 11:20:56,99.20,0.00,0.80,0.00,0.00,0.00,0.00,0.00,0.00,0.00,0.00,842.00,835.60,0.00,0.00,0.00,6.40,49.40,0.00,331.60,0.00,0.00,0.00,0.00,0.40,0.00,0.40,0.00,12.80,6242120,0,9416880,60.14,47656,525452,14418260,92.08,8899544,346472,172,8672912,50840,2472,20084,31532,0,0,0.00,0,0.00,2,295,1.39,0.97,1.20,0,0.40,0.00,12.80,32.00,0.00,2.00,2.00,0.08,1.60,3.00,0.14,0.61,0.00,0.00,0.00,0.00
2018-01-07 11:21:01,98.20,0.00,1.80,0.00,0.00,0.00,0.00,0.00,0.00,0.00,0.00,832.60,830.40,0.00,0.00,0.00,15.20,73.40,0.00,1247.40,0.00,0.00,0.00,0.00,0.80,0.00,0.80,0.00,30.40,5614300,0,10044700,64.15,47660,525476,14418260,92.08,9513988,346480,228,9299616,50856,2472,21280,31532,0,0,0.00,0,0.00,2,295,1.44,0.99,1.20,0,0.80,0.00,30.40,38.00,0.00,1.00,1.00,0.08,2.00,3.60,0.25,1.11,0.00,0.00,0.00,0.00
2018-01-07 11:21:06,98.60,0.00,1.40,0.00,0.00,0.00,0.00,0.00,0.00,0.00,0.00,813.20,830.00,0.00,0.00,0.00,4.00,54.40,0.00,940.00,0.00,0.00,0.00,0.00,0.40,0.00,0.40,0.00,8.00,5171048,0,10487952,66.98,47668,525504,14418260,92.08,9948196,346504,260,9742004,50872,2472,22172,31532,0,0,0.00,0,0.00,2,295,1.49,1.00,1.20,0,0.40,0.00,8.00,20.00,0.00,2.00,2.00,0.08,2.40,3.80,0.20,0.68,0.00,0.00,0.00,0.00
2018-01-07 11:21:11,98.60,0.00,1.40,0.00,0.00,0.00,0.00,0.00,0.00,0.00,0.00,820.20,835.60,0.00,0.00,0.00,60.00,59.80,0.00,844.80,0.00,0.00,0.00,0.00,4.00,0.00,4.00,0.00,120.00,4698852,0,10960148,69.99,47676,525524,14418260,92.08,10419132,346520,64,10212928,50896,2456,23092,31532,0,0,0.00,0,0.00,2,293,1.69,1.05,1.22,0,4.00,0.00,120.00,30.00,0.00,0.20,0.20,0.08,1.80,3.60,0.25,1.20,0.00,0.00,0.00,0.00
2018-01-07 11:21:16,98.70,0.00,1.30,0.00,0.00,0.00,0.00,0.00,0.00,0.00,0.00,831.20,832.80,0.00,0.00,0.00,30.40,68.60,0.00,1362.20,0.00,0.00,0.00,0.00,3.20,0.00,3.20,0.00,60.80,4184032,0,11474968,73.28,47684,525548,14418260,92.08,10937232,346540,80,10726920,50820,2440,24024,31532,0,0,0.00,0,0.00,3,291,1.71,1.07,1.22,0,3.20,0.00,60.80,19.00,0.00,0.25,0.25,0.08,1.40,2.60,0.11,0.50,0.00,0.00,0.00,0.00
2018-01-07 11:21:21,99.30,0.00,0.70,0.00,0.00,0.00,0.00,0.00,0.00,0.00,0.00,835.40,830.40,0.00,0.00,0.00,7.20,37.00,0.00,633.20,0.00,0.00,0.00,0.00,0.40,0.00,0.40,0.00,14.40,3958164,0,11700836,74.72,47692,525572,14418260,92.08,11164692,346536,136,10952300,50820,2440,24508,31532,0,0,0.00,0,0.00,2,291,2.06,1.15,1.25,0,0.40,0.00,14.40,36.00,0.00,0.00,0.00,0.00,1.80,3.60,0.25,1.23,0.00,0.00,0.00,0.00
2018-01-07 11:21:26,99.70,0.00,0.20,0.00,0.00,0.00,0.10,0.00,0.00,0.00,0.00,797.60,809.80,0.00,0.00,0.00,4.00,9.40,0.00,16.40,0.00,0.00,0.00,0.00,0.40,0.00,0.40,0.00,8.00,3947924,0,11711076,74.79,47700,525600,14418260,92.08,11164696,346536,172,10962540,50820,2440,24548,31532,0,0,0.00,0,0.00,4,291,2.05,1.17,1.25,0,0.40,0.00,8.00,20.00,0.00,0.00,0.00,0.00,2.20,3.60,0.19,0.67,0.00,0.00,0.00,0.00
2018-01-07 11:21:31,99.80,0.00,0.20,0.00,0.00,0.00,0.00,0.00,0.00,0.00,0.00,823.60,838.60,0.00,0.00,0.00,3.20,9.20,0.00,16.00,0.00,0.00,0.00,0.00,0.40,0.00,0.40,0.00,6.40,3937560,0,11721440,74.85,47708,525620,14418260,92.08,11195428,346560,192,10972780,50820,2440,24576,31532,0,0,0.00,0,0.00,2,291,2.05,1.18,1.26,0,0.40,0.00,6.40,16.00,0.00,0.00,0.00,0.00,1.80,3.40,0.24,1.13,0.00,0.00,0.00,0.00
2018-01-07 11:21:36,99.80,0.00,0.20,0.00,0.00,0.00,0.00,0.00,0.00,0.00,0.00,827.60,833.60,0.00,0.00,0.00,48.00,12.80,0.00,15.80,0.00,0.00,0.00,0.00,3.00,0.00,3.00,0.00,96.00,3925272,0,11733728,74.93,47712,525644,14418260,92.08,11205696,346588,100,10985072,50820,2440,24600,31532,0,0,0.00,0,0.00,2,291,2.04,1.19,1.26,0,3.00,0.00,96.00,32.00,0.00,0.27,0.27,0.08,1.60,3.00,0.13,0.61,0.00,0.00,0.00,0.00
2018-01-07 11:21:41,25.33,0.00,0.10,0.00,0.00,0.00,0.00,0.00,0.00,74.57,0.00,854.80,591.80,0.00,0.00,0.00,6.40,14.20,0.00,16.60,0.00,0.00,0.00,0.00,0.40,0.00,0.40,0.00,12.80,3918964,0,11740036,74.97,47716,525668,14418260,92.08,11211988,346568,144,10991336,50828,2440,24612,31532,0,0,0.00,0,0.00,1,291,1.96,1.19,1.26,0,0.40,0.00,12.80,32.00,0.00,0.00,0.00,0.00,2.40,4.00,0.28,2.16,0.00,0.00,0.00,0.00
2018-01-07 11:21:46,0.30,0.00,0.10,0.00,0.00,0.00,0.00,0.00,0.00,99.60,0.00,860.40,492.80,0.00,0.00,0.00,0.00,8.20,0.00,120.00,0.00,0.00,0.00,0.00,0.00,0.00,0.00,0.00,0.00,3908748,0,11750252,75.04,47716,525696,14418260,92.08,11220180,346568,172,11001576,50836,2440,24632,31532,0,0,0.00,0,0.00,1,291,1.80,1.17,1.25,0,0.00,0.00,0.00,0.00,0.00,0.00,0.00,0.00,1.20,2.40,0.11,0.49,0.00,0.00,0.00,0.00
2018-01-07 11:21:51,47.54,0.00,0.10,0.00,0.10,0.00,0.00,0.00,0.00,52.26,0.00,909.80,720.00,0.00,0.00,0.00,3.20,42.60,0.00,21.60,0.00,0.00,0.00,0.00,0.40,0.00,0.40,0.00,6.40,3893792,0,11765208,75.13,47720,525720,14418260,92.08,11241372,346516,200,11016528,50836,2440,24660,31532,0,0,0.00,0,0.00,3,291,1.66,1.15,1.25,0,0.40,0.00,6.40,16.00,0.00,2.00,2.00,0.08,6.60,9.20,2.87,2.70,0.00,0.00,0.00,0.00
2018-01-07 11:21:56,98.70,0.00,1.30,0.00,0.00,0.00,0.00,0.00,0.00,0.00,0.00,825.80,840.40,0.00,0.00,0.00,12.80,49.80,0.00,1452.00,0.00,0.00,0.00,0.00,0.40,0.00,0.40,0.00,25.60,3495680,0,12163320,77.68,47728,525740,14418260,92.08,11634640,346536,260,11413848,50860,2440,25412,31532,0,0,0.00,0,0.00,3,291,1.77,1.18,1.26,0,0.40,0.00,25.60,64.00,0.00,0.00,0.00,0.00,1.40,2.80,0.13,0.60,0.00,0.00,0.00,0.00
2018-01-07 11:22:01,98.80,0.00,1.20,0.00,0.00,0.00,0.00,0.00,0.00,0.00,0.00,822.60,846.40,0.00,0.00,0.00,60.80,62.60,0.00,1250.80,0.00,0.00,0.00,0.00,4.60,0.00,4.60,0.00,121.60,3017652,0,12641348,80.73,47736,525764,14418260,92.08,12093444,346532,96,11891048,50868,2440,26368,31532,0,0,0.00,0,0.00,3,291,1.78,1.20,1.26,0,4.60,0.00,121.60,26.43,0.00,0.17,0.17,0.08,1.80,3.20,0.24,1.17,0.00,0.00,0.00,0.00
2018-01-07 11:22:06,98.30,0.00,1.70,0.00,0.00,0.00,0.00,0.00,0.00,0.00,0.00,812.57,1428.14,0.00,0.00,0.00,4.79,57.88,0.00,4742.51,0.00,0.00,0.00,0.00,0.40,0.00,0.40,0.00,9.58,2540772,0,13118228,83.77,47744,525792,14418260,92.08,12591128,346540,132,12368240,50868,2440,27296,31532,0,0,0.00,0,0.00,3,291,1.80,1.21,1.26,0,0.40,0.00,9.58,24.00,0.00,0.00,0.00,0.00,1.60,2.99,0.13,0.60,0.00,0.00,0.00,0.00
2018-01-07 11:22:11,97.50,0.00,2.50,0.00,0.00,0.00,0.00,0.00,0.00,0.00,0.00,823.20,1980.60,0.00,0.00,0.00,4.00,67.00,0.00,9402.40,0.00,0.00,0.00,0.00,0.40,0.00,0.40,0.00,8.00,2059648,0,13599352,86.85,47752,525808,14418260,92.08,13075580,346560,160,12848584,50792,2440,28236,31532,0,0,0.00,0,0.00,3,291,1.82,1.22,1.27,0,0.40,0.00,8.00,20.00,0.00,0.00,0.00,0.00,2.00,3.80,0.26,1.28,0.00,0.00,0.00,0.00
2018-01-07 11:22:16,96.30,0.00,3.70,0.00,0.00,0.00,0.00,0.00,0.00,0.00,0.00,787.80,2330.40,0.00,0.00,0.00,34.40,170.60,0.00,10587.00,0.00,0.00,0.00,0.00,2.60,0.00,2.60,0.00,68.80,1516632,0,14142368,90.31,47752,525836,14486704,92.51,13617568,346584,64,13390600,50592,2440,29292,31532,0,0,0.00,0,0.00,3,291,1.83,1.23,1.27,0,2.60,0.00,68.80,26.46,0.00,0.00,0.00,0.00,1.20,2.40,0.11,0.49,0.00,0.00,0.00,0.00
2018-01-07 11:22:21,99.60,0.00,0.40,0.00,0.00,0.00,0.00,0.00,0.00,0.00,0.00,821.20,881.00,0.00,0.00,0.00,8.00,9.80,0.00,1028.80,0.00,0.00,0.00,0.00,0.40,0.00,0.40,0.00,16.00,1514940,0,14144060,90.33,47760,525860,14486704,92.51,13615588,346604,124,13390620,50580,2440,29292,31532,0,0,0.00,0,0.00,3,291,1.85,1.25,1.27,0,0.40,0.00,16.00,40.00,0.00,0.00,0.00,0.00,1.80,3.60,0.25,1.27,0.00,0.00,0.00,0.00
2018-01-07 11:22:26,99.90,0.00,0.10,0.00,0.00,0.00,0.00,0.00,0.00,0.00,0.00,807.80,829.80,0.00,0.00,0.00,4.80,8.80,0.00,15.80,0.00,0.00,0.00,0.00,0.40,0.00,0.40,0.00,9.60,1514908,0,14144092,90.33,47764,525884,14486704,92.51,13615592,346604,156,13390640,50580,2440,29292,31532,0,0,0.00,0,0.00,6,291,1.86,1.26,1.28,0,0.40,0.00,9.60,24.00,0.00,0.00,0.00,0.00,1.60,3.00,0.13,0.61,0.00,0.00,0.00,0.00
2018-01-07 11:22:31,99.80,0.00,0.20,0.00,0.00,0.00,0.00,0.00,0.00,0.00,0.00,806.40,900.00,0.00,0.00,0.00,3.20,32.00,0.00,451.20,0.00,0.00,0.00,0.00,0.40,0.00,0.40,0.00,6.40,1506716,0,14152284,90.38,47764,525912,14486704,92.51,13627092,346624,188,13400052,50588,2440,29292,31532,0,0,0.00,0,0.00,3,291,1.87,1.27,1.28,0,0.40,0.00,6.40,16.00,0.00,0.00,0.00,0.00,1.80,3.40,0.24,1.17,0.00,0.00,0.00,0.00
2018-01-07 11:22:36,99.70,0.00,0.20,0.00,0.00,0.00,0.10,0.00,0.00,0.00,0.00,816.20,837.80,0.00,0.00,0.00,42.40,12.20,0.00,15.60,0.00,0.00,0.00,0.00,2.60,0.00,2.60,0.00,84.80,1506624,0,14152376,90.38,47768,525932,14486704,92.51,13627100,346632,76,13400068,50588,2440,29292,31532,0,0,0.00,0,0.00,4,291,1.88,1.28,1.29,0,2.60,0.00,84.80,32.62,0.00,0.00,0.00,0.00,1.40,2.80,0.13,0.60,0.00,0.00,0.00,0.00
2018-01-07 11:22:41,99.90,0.00,0.10,0.00,0.00,0.00,0.00,0.00,0.00,0.00,0.00,808.20,826.60,0.00,0.00,0.00,8.00,8.60,0.00,16.00,0.00,0.00,0.00,0.00,0.40,0.00,0.40,0.00,16.00,1506624,0,14152376,90.38,47772,525956,14486704,92.51,13627108,346632,140,13400076,50588,2440,29292,31532,0,0,0.00,0,0.00,3,291,1.89,1.30,1.29,0,0.40,0.00,16.00,40.00,0.00,0.00,0.00,0.00,1.80,3.60,0.25,1.27,0.00,0.00,0.00,0.00
2018-01-07 11:22:46,99.90,0.00,0.10,0.00,0.00,0.00,0.00,0.00,0.00,0.00,0.00,809.20,837.00,0.00,0.00,0.00,4.00,8.60,0.00,15.40,0.00,0.00,0.00,0.00,0.40,0.00,0.40,0.00,8.00,1506608,0,14152392,90.38,47780,525980,14486704,92.51,13627128,346644,164,13400092,50604,2440,29292,31532,0,0,0.00,0,0.00,4,291,1.90,1.31,1.29,0,0.40,0.00,8.00,20.00,0.00,0.00,0.00,0.00,1.20,2.40,0.11,0.49,0.00,0.00,0.00,0.00
2018-01-07 11:22:51,99.80,0.00,0.20,0.00,0.00,0.00,0.00,0.00,0.00,0.00,0.00,833.80,844.40,0.00,0.00,0.00,3.20,29.60,0.00,16.00,0.00,0.00,0.00,0.00,0.40,0.00,0.40,0.00,6.40,1506592,0,14152408,90.38,47784,526004,14486704,92.51,13627544,346664,188,13400492,50620,2440,29292,31532,0,0,0.00,0,0.00,4,291,1.91,1.32,1.30,0,0.40,0.00,6.40,16.00,0.00,0.00,0.00,0.00,1.80,3.60,0.25,1.27,0.00,0.00,0.00,0.00
2018-01-07 11:22:56,99.70,0.00,0.30,0.00,0.00,0.00,0.00,0.00,0.00,0.00,0.00,872.40,819.80,0.00,0.00,0.80,4.00,29.40,0.00,15.60,0.00,0.00,0.00,0.00,0.60,0.20,0.40,1.60,8.00,1506080,0,14152920,90.38,47788,526028,14486704,92.51,13628152,346568,224,13400932,50636,2440,29292,31532,0,0,0.00,0,0.00,5,291,1.91,1.33,1.30,0,0.60,1.60,8.00,16.00,0.00,0.00,0.00,0.00,1.40,2.80,0.13,0.60,0.00,0.00,0.00,0.00
2018-01-07 11:23:01,99.70,0.00,0.30,0.00,0.00,0.00,0.00,0.00,0.00,0.00,0.00,823.60,944.80,0.00,0.00,0.00,12.00,8.00,0.00,1181.80,0.00,0.00,0.00,0.00,0.60,0.00,0.60,0.00,24.00,1500612,0,14158388,90.42,47800,526052,14486704,92.51,13632976,346584,280,13405724,50640,2440,29292,31532,0,0,0.00,0,0.00,4,291,2.16,1.39,1.32,0,0.60,0.00,24.00,40.00,0.00,0.00,0.00,0.00,1.80,3.40,0.24,1.19,0.00,0.00,0.00,0.00
2018-01-07 11:23:06,99.90,0.00,0.10,0.00,0.00,0.00,0.00,0.00,0.00,0.00,0.00,811.00,843.20,0.00,0.00,0.00,19.20,11.40,0.00,18.00,0.00,0.00,0.00,0.00,1.20,0.00,1.20,0.00,38.40,1500752,0,14158248,90.42,47804,526076,14486704,92.51,13632980,346596,292,13405724,50656,2440,29292,31532,0,0,0.00,0,0.00,4,291,2.15,1.40,1.33,0,1.20,0.00,38.40,32.00,0.00,0.00,0.00,0.00,2.20,3.60,0.19,0.67,0.00,0.00,0.00,0.00
2018-01-07 11:23:11,99.50,0.00,0.50,0.00,0.00,0.00,0.00,0.00,0.00,0.00,0.00,854.20,955.20,0.00,0.00,0.00,49.60,10.20,0.00,1226.40,0.00,0.00,0.00,0.00,3.00,0.00,3.00,0.00,99.20,1499100,0,14159900,90.43,47808,526100,14486704,92.51,13632004,346612,84,13406660,50672,2440,29292,31532,0,0,0.00,0,0.00,4,291,2.22,1.43,1.33,0,3.00,0.00,99.20,33.07,0.00,0.00,0.00,0.00,2.00,3.80,0.26,1.30,0.00,0.00,0.00,0.00
2018-01-07 11:23:16,93.49,0.00,0.10,0.00,0.00,0.00,0.00,0.00,0.00,6.41,0.00,826.80,806.20,0.00,0.00,0.80,6.40,23.60,0.00,20.80,0.00,0.00,0.00,0.00,0.60,0.20,0.40,1.60,12.80,1498728,0,14160272,90.43,47816,526916,14486704,92.51,13632320,347268,932,13406948,50592,2440,29292,31532,0,0,0.00,0,0.00,4,291,2.28,1.45,1.34,0,0.60,1.60,12.80,24.00,0.00,1.33,1.33,0.08,1.80,3.00,0.13,1.12,0.00,0.00,0.00,0.00
2018-01-07 11:23:21,15.84,0.00,0.10,0.10,0.00,0.00,0.00,0.00,0.00,83.96,0.00,873.20,558.20,0.00,0.00,8.00,12.00,56.80,0.00,23.00,0.00,0.00,0.00,0.00,2.40,2.00,0.40,16.00,24.00,1497424,0,14161576,90.44,47824,527724,14486704,92.51,13635316,347936,1784,13407872,50624,2440,29292,31532,0,0,0.00,0,0.00,1,291,2.18,1.45,1.34,0,2.40,16.00,24.00,16.67,0.00,0.00,0.00,0.00,6.40,7.40,2.66,3.42,0.00,0.00,0.00,0.00
2018-01-07 11:23:26,61.99,0.00,0.50,0.00,0.10,0.00,0.00,0.00,0.00,37.41,1.20,987.20,886.40,0.00,0.00,0.80,16.80,212.20,0.00,536.00,0.00,0.00,0.00,0.00,1.00,0.20,0.80,1.60,33.60,1479456,0,14179544,90.55,47832,526180,14524380,92.75,13653808,346420,268,13426216,50596,2488,29328,31532,0,0,0.00,0,0.00,4,297,2.00,1.42,1.33,0,1.00,1.60,33.60,35.20,0.00,0.00,0.00,0.00,29.00,43.40,4.96,318.90,0.00,0.00,0.00,0.00
2018-01-07 11:23:31,99.70,0.00,0.30,0.00,0.00,0.00,0.00,0.00,0.00,0.00,0.00,835.80,895.40,0.00,0.00,0.00,95.20,8.80,0.00,567.20,0.00,0.00,0.00,0.00,1.40,0.00,1.40,0.00,190.40,1479324,0,14179676,90.55,47840,526204,14524380,92.75,13653880,346420,672,13426256,50620,2488,29328,31532,0,0,0.00,0,0.00,5,297,2.00,1.43,1.34,0,1.40,0.00,190.40,136.00,0.00,1.71,0.57,0.08,1.60,3.20,0.23,1.09,0.00,0.00,0.00,0.00
2018-01-07 11:23:36,99.80,0.00,0.20,0.00,0.00,0.00,0.00,0.00,0.00,0.00,0.00,821.00,942.20,0.00,0.00,0.00,21.60,11.40,0.00,754.20,0.00,0.00,0.00,0.00,1.20,0.00,1.20,0.00,43.20,1478628,0,14180372,90.56,47848,526232,14524380,92.75,13653836,346464,680,13426220,50636,2488,29328,31532,0,0,0.00,0,0.00,4,297,2.00,1.44,1.34,0,1.20,0.00,43.20,36.00,0.00,0.00,0.00,0.00,1.40,2.80,0.13,0.60,0.00,0.00,0.00,0.00
2018-01-07 11:23:41,99.90,0.00,0.10,0.00,0.00,0.00,0.00,0.00,0.00,0.00,0.00,819.00,842.00,0.00,0.00,0.00,5.60,8.60,0.00,16.80,0.00,0.00,0.00,0.00,0.40,0.00,0.40,0.00,11.20,1478636,0,14180364,90.56,47856,526252,14524380,92.75,13653836,346464,716,13426228,50628,2488,29328,31532,0,0,0.00,0,0.00,4,297,2.08,1.47,1.35,0,0.40,0.00,11.20,28.00,0.00,0.00,0.00,0.00,1.80,3.60,0.25,1.20,0.00,0.00,0.00,0.00
2018-01-07 11:23:46,99.90,0.00,0.10,0.00,0.00,0.00,0.00,0.00,0.00,0.00,0.00,819.80,839.40,0.00,0.00,0.00,132.80,13.60,0.00,323.00,0.00,0.00,0.00,0.00,4.80,0.00,4.80,0.00,265.60,1470368,0,14188632,90.61,47864,526276,14524380,92.75,13662116,346500,84,13434492,50636,2488,29344,31532,0,0,0.00,0,0.00,4,297,2.08,1.48,1.35,0,4.80,0.00,265.60,55.33,0.00,0.00,0.00,0.00,1.20,2.40,0.11,0.49,0.00,0.00,0.00,0.00
2018-01-07 11:23:51,99.70,0.00,0.30,0.00,0.00,0.00,0.00,0.00,0.00,0.00,0.00,811.80,858.40,0.00,0.00,0.00,5.60,15.40,0.00,276.20,0.00,0.00,0.00,0.00,0.40,0.00,0.40,0.00,11.20,1433880,0,14225120,90.84,47872,526300,14524380,92.75,13699032,346500,128,13471416,50644,2488,29416,31532,0,0,0.00,0,0.00,4,297,2.07,1.49,1.36,0,0.40,0.00,11.20,28.00,0.00,0.00,0.00,0.00,1.80,3.60,0.25,1.20,0.00,0.00,0.00,0.00
2018-01-07 11:23:56,99.80,0.00,0.20,0.00,0.00,0.00,0.00,0.00,0.00,0.00,0.00,816.00,837.40,0.00,0.00,0.00,3.20,8.60,0.00,15.80,0.00,0.00,0.00,0.00,0.40,0.00,0.40,0.00,6.40,1433848,0,14225152,90.84,47880,526328,14524380,92.75,13699052,346520,156,13471428,50644,2488,29416,31532,0,0,0.00,0,0.00,5,297,2.06,1.49,1.36,0,0.40,0.00,6.40,16.00,0.00,0.00,0.00,0.00,1.60,3.00,0.13,0.61,0.00,0.00,0.00,0.00
2018-01-07 11:24:01,99.90,0.00,0.10,0.00,0.00,0.00,0.00,0.00,0.00,0.00,0.00,812.20,860.60,0.00,0.00,0.00,4.00,12.20,0.00,645.80,0.00,0.00,0.00,0.00,0.60,0.00,0.60,0.00,8.00,1433844,0,14225156,90.84,47888,526348,14524380,92.75,13697564,346564,172,13471948,50644,2488,29420,31532,0,0,0.00,0,0.00,4,297,2.06,1.50,1.36,0,0.60,0.00,8.00,13.33,0.00,0.00,0.00,0.00,1.60,3.20,0.23,1.09,0.00,0.00,0.00,0.00
2018-01-07 11:24:06,100.00,0.00,0.00,0.00,0.00,0.00,0.00,0.00,0.00,0.00,0.00,796.60,830.20,0.00,0.00,0.00,18.40,11.00,0.00,16.40,0.00,0.00,0.00,0.00,1.40,0.00,1.40,0.00,36.80,1433844,0,14225156,90.84,47896,526372,14524380,92.75,13699664,346560,176,13471992,50644,2488,29420,31532,0,0,0.00,0,0.00,3,297,2.05,1.51,1.37,0,1.40,0.00,36.80,26.29,0.00,0.00,0.00,0.00,2.20,3.60,0.19,0.67,0.00,0.00,0.00,0.00
2018-01-07 11:24:11,99.90,0.00,0.10,0.00,0.00,0.00,0.00,0.00,0.00,0.00,0.00,800.20,827.00,0.00,0.00,0.00,5.60,8.20,0.00,16.20,0.00,0.00,0.00,0.00,0.40,0.00,0.40,0.00,11.20,1433844,0,14225156,90.84,47900,526396,14524380,92.75,13699680,346580,212,13472000,50644,2488,29420,31532,0,0,0.00,0,0.00,6,297,2.05,1.52,1.37,0,0.40,0.00,11.20,28.00,0.00,0.00,0.00,0.00,2.00,3.80,0.26,1.21,0.00,0.00,0.00,0.00
2018-01-07 11:24:16,100.00,0.00,0.00,0.00,0.00,0.00,0.00,0.00,0.00,0.00,0.00,808.80,831.80,0.00,0.00,0.00,3.20,8.40,0.00,15.60,0.00,0.00,0.00,0.00,0.40,0.00,0.40,0.00,6.40,1433844,0,14225156,90.84,47908,526420,14524380,92.75,13699700,346592,236,13472012,50644,2488,29420,31532,0,0,0.00,0,0.00,4,297,2.05,1.53,1.37,0,0.40,0.00,6.40,16.00,0.00,2.00,2.00,0.08,1.40,2.60,0.11,0.50,0.00,0.00,0.00,0.00
2018-01-07 11:24:21,99.90,0.00,0.10,0.00,0.00,0.00,0.00,0.00,0.00,0.00,0.00,795.00,828.40,0.00,0.00,0.00,41.60,8.60,0.00,16.40,0.00,0.00,0.00,0.00,1.80,0.00,1.80,0.00,83.20,1433820,0,14225180,90.84,47916,526448,14524380,92.75,13699728,346620,60,13472028,50636,2488,29420,31532,0,0,0.00,0,0.00,4,297,2.04,1.53,1.38,0,1.80,0.00,83.20,46.22,0.00,0.44,0.44,0.08,1.80,3.60,0.25,1.20,0.00,0.00,0.00,0.00
2018-01-07 11:24:26,99.80,0.00,0.20,0.00,0.00,0.00,0.00,0.00,0.00,0.00,0.00,818.80,842.00,0.00,0.00,0.00,5.60,9.40,0.00,44.80,0.00,0.00,0.00,0.00,0.40,0.00,0.40,0.00,11.20,1433868,0,14225132,90.84,47924,526468,14524380,92.75,13699320,346652,108,13471580,50636,2440,29420,31532,0,0,0.00,0,0.00,5,291,2.04,1.54,1.38,0,0.40,0.00,11.20,28.00,0.00,2.00,2.00,0.08,2.20,3.60,0.19,0.67,0.00,0.00,0.00,0.00
2018-01-07 11:24:31,100.00,0.00,0.00,0.00,0.00,0.00,0.00,0.00,0.00,0.00,0.00,792.60,822.20,0.00,0.00,0.00,4.80,8.20,0.00,15.60,0.00,0.00,0.00,0.00,0.40,0.00,0.40,0.00,9.60,1433908,0,14225092,90.84,47932,526492,14524380,92.75,13699324,346652,148,13471592,50628,2440,29420,31532,0,0,0.00,0,0.00,4,291,2.04,1.55,1.38,0,0.40,0.00,9.60,24.00,0.00,2.00,2.00,0.08,1.40,2.80,0.21,1.05,0.00,0.00,0.00,0.00
2018-01-07 11:24:36,99.90,0.00,0.10,0.00,0.00,0.00,0.00,0.00,0.00,0.00,0.00,787.40,821.40,0.00,0.00,0.00,16.80,11.60,0.00,15.60,0.00,0.00,0.00,0.00,1.60,0.00,1.60,0.00,33.60,1433908,0,14225092,90.84,47940,526516,14524380,92.75,13699348,346672,172,13471600,50628,2440,29420,31532,0,0,0.00,0,0.00,3,291,2.03,1.56,1.39,0,1.60,0.00,33.60,21.00,0.00,0.00,0.00,0.00,1.40,2.80,0.13,0.60,0.00,0.00,0.00,0.00
2018-01-07 11:24:41,99.90,0.00,0.10,0.00,0.00,0.00,0.00,0.00,0.00,0.00,0.00,797.80,825.80,0.00,0.00,0.00,5.60,8.80,0.00,16.00,0.00,0.00,0.00,0.00,0.40,0.00,0.40,0.00,11.20,1433900,0,14225100,90.84,47948,526544,14524380,92.75,13699364,346696,220,13471608,50636,2440,29420,31532,0,0,0.00,0,0.00,4,291,2.03,1.56,1.39,0,0.40,0.00,11.20,28.00,0.00,0.00,0.00,0.00,1.80,3.60,0.25,1.23,0.00,0.00,0.00,0.00
2018-01-07 11:24:46,96.50,0.00,0.30,0.00,0.00,0.00,0.00,0.00,0.00,3.20,0.00,795.80,813.80,0.00,0.00,0.00,4.00,8.40,0.00,15.80,0.00,0.00,0.00,0.00,0.40,0.00,0.40,0.00,8.00,1433900,0,14225100,90.84,47956,526564,14524380,92.75,13699380,346716,240,13471612,50636,2440,29420,31532,0,0,0.00,0,0.00,2,291,2.03,1.57,1.39,0,0.40,0.00,8.00,20.00,0.00,0.00,0.00,0.00,1.60,2.80,0.13,1.06,0.00,0.00,0.00,0.00
2018-01-07 11:24:51,21.21,0.00,0.10,0.00,0.00,0.00,0.00,0.00,0.00,78.69,0.00,847.80,557.20,0.00,0.00,0.00,4.80,7.40,0.00,17.60,0.00,0.00,0.00,0.00,0.40,0.00,0.40,0.00,9.60,1433884,0,14225116,90.84,47960,526588,14524380,92.75,13699396,346732,264,13471620,50620,2440,29420,31532,0,0,0.00,0,0.00,2,291,1.95,1.56,1.39,0,0.40,0.00,9.60,24.00,0.00,0.00,0.00,0.00,2.60,4.00,0.29,1.43,0.00,0.00,0.00,0.00
2018-01-07 11:24:56,17.64,0.00,0.00,0.00,0.00,0.00,0.10,0.00,0.00,82.26,0.00,921.60,683.60,0.00,0.00,0.00,44.00,48.40,0.00,259.40,0.00,0.00,0.00,0.00,1.60,0.00,1.60,0.00,88.00,1433544,0,14225456,90.85,47968,526612,14524380,92.75,13700248,346652,104,13472412,50620,2440,29420,31532,0,0,0.00,0,0.00,3,291,1.79,1.54,1.38,0,1.60,0.00,88.00,55.00,0.00,0.00,0.00,0.00,73.60,65.40,603.82,6.18,0.00,0.00,0.00,0.00
2018-01-07 11:25:01,99.80,0.00,0.20,0.00,0.00,0.00,0.00,0.00,0.00,0.00,0.00,834.20,842.80,0.00,0.00,0.00,14.40,8.80,0.00,17.00,0.00,0.00,0.00,0.00,1.00,0.00,1.00,0.00,28.80,1433404,0,14225596,90.85,47980,526636,14524380,92.75,13700352,346644,168,13472416,50636,2440,29420,31532,0,0,0.00,0,0.00,3,291,1.81,1.54,1.39,0,1.00,0.00,28.80,28.80,0.00,0.00,0.00,0.00,1.60,3.20,0.23,1.09,0.00,0.00,0.00,0.00
2018-01-07 11:25:06,100.00,0.00,0.00,0.00,0.00,0.00,0.00,0.00,0.00,0.00,0.40,823.60,842.20,0.00,0.00,0.80,14.40,174.00,0.00,70.60,0.00,0.00,0.00,0.00,1.20,0.20,1.00,1.60,28.80,1432752,0,14226248,90.85,47980,526660,14524380,92.75,13700380,346680,188,13472424,50652,2440,29420,31532,0,0,0.00,0,0.00,3,291,1.82,1.55,1.39,0,1.20,1.60,28.80,25.33,0.00,0.00,0.00,0.00,1.80,3.20,0.16,0.64,0.00,0.00,0.00,0.00
2018-01-07 11:25:11,99.80,0.00,0.10,0.00,0.00,0.00,0.10,0.00,0.00,0.00,0.00,809.20,827.60,0.00,0.00,0.00,12.00,8.80,0.00,19.20,0.00,0.00,0.00,0.00,0.40,0.00,0.40,0.00,24.00,1432792,0,14226208,90.85,47988,526684,14524380,92.75,13700380,346680,252,13472428,50644,2440,29420,31532,0,0,0.00,0,0.00,3,291,1.84,1.56,1.39,0,0.40,0.00,24.00,60.00,0.00,2.00,2.00,0.08,2.00,3.80,0.26,1.21,0.00,0.00,0.00,0.00
2018-01-07 11:25:16,99.80,0.00,0.20,0.00,0.00,0.00,0.00,0.00,0.00,0.00,0.00,798.20,820.20,0.00,0.00,0.00,4.80,8.20,0.00,16.80,0.00,0.00,0.00,0.00,0.40,0.00,0.40,0.00,9.60,1432776,0,14226224,90.85,47996,526708,14524380,92.75,13700396,346692,284,13472432,50660,2440,29420,31532,0,0,0.00,0,0.00,3,291,2.01,1.60,1.41,0,0.40,0.00,9.60,24.00,0.00,2.00,2.00,0.08,1.20,2.40,0.11,0.49,0.00,0.00,0.00,0.00
2018-01-07 11:25:21,99.90,0.00,0.10,0.00,0.00,0.00,0.00,0.00,0.00,0.00,0.00,788.40,800.60,0.00,0.00,0.00,4.00,10.60,0.00,119.40,0.00,0.00,0.00,0.00,0.40,0.00,0.40,0.00,8.00,1426128,0,14232872,90.89,48004,526732,14524380,92.75,13706572,346744,308,13478576,50668,2440,29432,31532,0,0,0.00,0,0.00,3,291,2.09,1.62,1.42,0,0.40,0.00,8.00,20.00,0.00,0.00,0.00,0.00,1.80,3.60,0.25,1.20,0.00,0.00,0.00,0.00
2018-01-07 11:25:26,100.00,0.00,0.00,0.00,0.00,0.00,0.00,0.00,0.00,0.00,0.00,808.80,825.40,0.00,0.00,0.00,3.20,9.80,0.00,16.60,0.00,0.00,0.00,0.00,0.40,0.00,0.40,0.00,6.40,1426112,0,14232888,90.89,48012,526756,14524380,92.75,13706572,346744,336,13478596,50684,2440,29432,31532,0,0,0.00,0,0.00,3,291,2.24,1.66,1.43,0,0.40,0.00,6.40,16.00,0.00,0.00,0.00,0.00,1.80,3.20,0.16,0.64,0.00,0.00,0.00,0.00
2018-01-07 11:25:31,99.80,0.00,0.20,0.00,0.00,0.00,0.00,0.00,0.00,0.00,0.00,803.60,834.20,0.00,0.00,0.00,57.60,8.20,0.00,16.60,0.00,0.00,0.00,0.00,4.80,0.00,4.80,0.00,115.20,1426088,0,14232912,90.89,48020,526780,14524380,92.75,13706612,346768,92,13478608,50708,2440,29432,31532,0,0,0.00,0,0.00,3,291,2.22,1.67,1.43,0,4.80,0.00,115.20,24.00,0.00,0.00,0.00,0.00,1.80,3.40,0.24,1.10,0.00,0.00,0.00,0.00
2018-01-07 11:25:36,100.00,0.00,0.00,0.00,0.00,0.00,0.00,0.00,0.00,0.00,0.00,792.80,821.80,0.00,0.00,0.00,23.20,11.00,0.00,15.80,0.00,0.00,0.00,0.00,1.60,0.00,1.60,0.00,46.40,1426040,0,14232960,90.89,48024,526804,14524380,92.75,13706636,346780,104,13478616,50724,2440,29432,31532,0,0,0.00,0,0.00,3,291,2.20,1.67,1.44,0,1.60,0.00,46.40,29.00,0.00,0.00,0.00,0.00,1.40,2.80,0.13,0.60,0.00,0.00,0.00,0.00
2018-01-07 11:25:41,99.90,0.00,0.10,0.00,0.00,0.00,0.00,0.00,0.00,0.00,0.00,798.20,824.00,0.00,0.00,0.00,5.60,8.20,0.00,22.60,0.00,0.00,0.00,0.00,0.40,0.00,0.40,0.00,11.20,1426144,0,14232856,90.89,48032,526828,14524380,92.75,13706652,346792,148,13478620,50620,2440,29432,31532,0,0,0.00,0,0.00,3,291,2.19,1.68,1.44,0,0.40,0.00,11.20,28.00,0.00,0.00,0.00,0.00,1.80,3.60,0.25,1.20,0.00,0.00,0.00,0.00
2018-01-07 11:25:46,100.00,0.00,0.00,0.00,0.00,0.00,0.00,0.00,0.00,0.00,0.00,805.40,827.80,0.00,0.00,0.00,4.00,10.20,0.00,556.80,0.00,0.00,0.00,0.00,0.40,0.00,0.40,0.00,8.00,1428596,0,14230404,90.88,48040,526856,14524380,92.75,13700004,346820,176,13476068,50620,2440,29428,31532,0,0,0.00,0,0.00,3,291,2.17,1.68,1.44,0,0.40,0.00,8.00,20.00,0.00,0.00,0.00,0.00,1.20,2.40,0.11,0.49,0.00,0.00,0.00,0.00
2018-01-07 11:25:51,99.80,0.00,0.20,0.00,0.00,0.00,0.00,0.00,0.00,0.00,1.20,824.00,839.40,0.00,0.00,0.00,3.20,28.40,0.00,17.80,0.00,0.00,0.00,0.00,0.40,0.00,0.40,0.00,6.40,1428424,0,14230576,90.88,48048,526876,14524380,92.75,13704532,346852,196,13476476,50620,2488,29428,31532,0,0,0.00,0,0.00,3,297,2.16,1.69,1.45,0,0.40,0.00,6.40,16.00,0.00,0.00,0.00,0.00,3.40,5.00,0.57,1.55,0.00,0.00,0.00,0.00
2018-01-07 11:25:56,99.90,0.00,0.10,0.00,0.00,0.00,0.00,0.00,0.00,0.00,0.00,801.40,823.00,0.00,0.00,0.00,3.20,10.00,0.00,15.80,0.00,0.00,0.00,0.00,0.40,0.00,0.40,0.00,6.40,1428424,0,14230576,90.88,48056,526900,14524380,92.75,13704544,346852,220,13476484,50620,2488,29428,31532,0,0,0.00,0,0.00,4,297,2.15,1.70,1.45,0,0.40,0.00,6.40,16.00,0.00,0.00,0.00,0.00,1.40,2.80,0.13,0.60,0.00,0.00,0.00,0.00
2018-01-07 11:26:01,99.80,0.00,0.20,0.00,0.00,0.00,0.00,0.00,0.00,0.00,0.00,827.80,835.40,0.00,0.00,0.00,4.80,23.20,0.00,16.40,0.00,0.00,0.00,0.00,0.40,0.00,0.40,0.00,9.60,1428020,0,14230980,90.88,48064,526924,14524380,92.75,13704880,346856,264,13476820,50620,2488,29428,31532,0,0,0.00,0,0.00,3,297,2.13,1.70,1.45,0,0.40,0.00,9.60,24.00,0.00,0.00,0.00,0.00,2.00,3.20,0.25,1.12,0.00,0.00,0.00,0.00
2018-01-07 11:26:06,99.90,0.00,0.10,0.00,0.00,0.00,0.00,0.00,0.00,0.00,0.00,814.20,845.00,0.00,0.00,0.00,56.80,12.40,0.00,16.00,0.00,0.00,0.00,0.00,2.80,0.00,2.80,0.00,113.60,1428020,0,14230980,90.88,48072,526952,14524380,92.75,13704940,346880,84,13476824,50620,2488,29428,31532,0,0,0.00,0,0.00,3,297,2.12,1.70,1.45,0,2.80,0.00,113.60,40.57,0.00,0.00,0.00,0.00,1.60,3.00,0.14,0.62,0.00,0.00,0.00,0.00
2018-01-07 11:26:11,99.80,0.00,0.20,0.00,0.00,0.00,0.00,0.00,0.00,0.00,0.00,802.80,832.20,0.00,0.00,0.00,8.00,10.20,0.00,18.00,0.00,0.00,0.00,0.00,0.40,0.00,0.40,0.00,16.00,1428036,0,14230964,90.88,48076,526972,14524380,92.75,13704952,346892,144,13476860,50636,2488,29428,31532,0,0,0.00,0,0.00,3,297,2.11,1.71,1.46,0,0.40,0.00,16.00,40.00,0.00,0.00,0.00,0.00,2.00,3.80,0.26,1.24,0.00,0.00,0.00,0.00
2018-01-07 11:26:16,99.80,0.00,0.20,0.00,0.00,0.00,0.00,0.00,0.00,0.00,0.00,806.80,828.80,0.00,0.00,0.00,4.80,7.80,0.00,15.80,0.00,0.00,0.00,0.00,0.40,0.00,0.40,0.00,9.60,1428020,0,14230980,90.88,48084,526996,14524380,92.75,13704972,346900,168,13476860,50652,2488,29428,31532,0,0,0.00,0,0.00,3,297,2.10,1.71,1.46,0,0.40,0.00,9.60,24.00,0.00,0.00,0.00,0.00,1.40,2.60,0.11,0.50,0.00,0.00,0.00,0.00
2018-01-07 11:26:21,81.38,0.00,0.10,0.00,0.10,0.00,0.00,0.00,0.00,18.42,0.00,810.40,765.20,0.00,0.00,0.00,3.20,8.00,0.00,16.40,0.00,0.00,0.00,0.00,0.40,0.00,0.40,0.00,6.40,1428004,0,14230996,90.88,48092,527020,14524380,92.75,13704980,346916,192,13476860,50668,2488,29428,31532,0,0,0.00,0,0.00,2,297,2.10,1.72,1.46,0,0.40,0.00,6.40,16.00,0.00,0.00,0.00,0.00,2.00,3.80,0.26,1.78,0.00,0.00,0.00,0.00
2018-01-07 11:26:26,8.87,0.00,0.20,0.00,0.00,0.00,0.00,0.00,0.00,90.93,0.00,860.60,516.20,0.00,0.00,0.00,4.00,7.00,0.00,16.00,0.00,0.00,0.00,0.00,0.40,0.00,0.40,0.00,8.00,1428004,0,14230996,90.88,48100,527044,14524380,92.75,13705020,346932,220,13476860,50668,2488,29428,31532,0,0,0.00,0,0.00,0,297,1.93,1.69,1.46,0,0.40,0.00,8.00,20.00,0.00,0.00,0.00,0.00,1.80,3.20,0.15,1.17,0.00,0.00,0.00,0.00
2018-01-07 11:26:31,72.09,0.00,0.00,0.00,0.00,0.00,0.00,0.00,0.00,27.91,0.00,848.00,772.80,0.00,0.00,0.00,4.80,9.00,0.00,21.40,0.00,0.00,0.00,0.00,0.60,0.00,0.60,0.00,9.60,1427880,0,14231120,90.88,48108,527068,14524380,92.75,13705040,346972,248,13476864,50668,2488,29428,31532,0,0,0.00,0,0.00,3,297,1.77,1.66,1.45,0,0.60,0.00,9.60,16.00,0.00,0.00,0.00,0.00,5.80,7.00,2.48,2.25,0.00,0.00,0.00,0.00
2018-01-07 11:26:36,99.80,0.00,0.20,0.00,0.00,0.00,0.00,0.00,0.00,0.00,0.00,809.80,843.80,0.00,0.00,0.00,20.80,11.20,0.00,16.00,0.00,0.00,0.00,0.00,1.60,0.00,1.60,0.00,41.60,1427880,0,14231120,90.88,48116,527092,14524380,92.75,13705060,346984,252,13476872,50668,2488,29428,31532,0,0,0.00,0,0.00,3,297,1.79,1.67,1.45,0,1.60,0.00,41.60,26.00,0.00,0.00,0.00,0.00,1.40,2.80,0.13,0.60,0.00,0.00,0.00,0.00
2018-01-07 11:26:41,99.80,0.00,0.20,0.00,0.00,0.00,0.00,0.00,0.00,0.00,0.00,823.80,851.20,0.00,0.00,0.00,44.00,8.80,0.00,16.80,0.00,0.00,0.00,0.00,1.20,0.00,1.20,0.00,88.00,1427880,0,14231120,90.88,48124,527116,14524380,92.75,13705072,347004,108,13476872,50668,2488,29428,31532,0,0,0.00,0,0.00,3,297,1.81,1.67,1.45,0,1.20,0.00,88.00,73.33,0.00,0.00,0.00,0.00,1.80,3.60,0.25,1.20,0.00,0.00,0.00,0.00
2018-01-07 11:26:46,99.80,0.00,0.20,0.00,0.00,0.00,0.00,0.00,0.00,0.00,0.00,797.40,831.80,0.00,0.00,0.00,4.80,8.20,0.00,15.60,0.00,0.00,0.00,0.00,0.40,0.00,0.40,0.00,9.60,1427748,0,14231252,90.88,48132,527140,14524380,92.75,13705072,347012,136,13476880,50676,2488,29428,31532,0,0,0.00,0,0.00,3,297,1.82,1.68,1.46,0,0.40,0.00,9.60,24.00,0.00,0.00,0.00,0.00,1.40,2.60,0.11,0.50,0.00,0.00,0.00,0.00
2018-01-07 11:26:51,99.80,0.00,0.20,0.00,0.00,0.00,0.00,0.00,0.00,0.00,0.00,799.20,819.00,0.00,0.00,0.00,3.20,9.00,0.00,40.20,0.00,0.00,0.00,0.00,0.40,0.00,0.40,0.00,6.40,1427772,0,14231228,90.88,48140,527164,14524380,92.75,13704724,347064,160,13476480,50664,2440,29428,31532,0,0,0.00,0,0.00,3,291,1.84,1.68,1.46,0,0.40,0.00,6.40,16.00,0.00,0.00,0.00,0.00,1.80,3.60,0.25,1.20,0.00,0.00,0.00,0.00
2018-01-07 11:26:56,99.70,0.00,0.30,0.00,0.00,0.00,0.00,0.00,0.00,0.00,0.00,807.00,833.40,0.00,0.00,0.00,11.20,7.80,0.00,16.00,0.00,0.00,0.00,0.00,0.60,0.00,0.60,0.00,22.40,1427772,0,14231228,90.88,48148,527188,14524380,92.75,13704724,347064,216,13476480,50664,2440,29428,31532,0,0,0.00,0,0.00,3,291,1.85,1.69,1.46,0,0.60,0.00,22.40,37.33,0.00,0.00,0.00,0.00,1.40,2.80,0.13,0.60,0.00,0.00,0.00,0.00
2018-01-07 11:27:01,99.80,0.00,0.20,0.00,0.00,0.00,0.00,0.00,0.00,0.00,0.00,802.60,835.40,0.00,0.00,0.00,4.00,8.60,0.00,17.40,0.00,0.00,0.00,0.00,0.40,0.00,0.40,0.00,8.00,1427796,0,14231204,90.88,48152,527208,14524380,92.75,13704740,347080,244,13476484,50672,2440,29428,31532,0,0,0.00,0,0.00,5,291,1.86,1.70,1.47,0,0.40,0.00,8.00,20.00,0.00,0.00,0.00,0.00,1.60,3.20,0.23,1.09,0.00,0.00,0.00,0.00
2018-01-07 11:27:06,99.90,0.00,0.10,0.00,0.00,0.00,0.00,0.00,0.00,0.00,0.00,803.00,842.40,0.00,0.00,0.00,15.20,10.80,0.00,16.60,0.00,0.00,0.00,0.00,1.40,0.00,1.40,0.00,30.40,1427804,0,14231196,90.88,48152,527236,14524380,92.75,13704768,347108,252,13476488,50664,2440,29428,31532,0,0,0.00,0,0.00,3,291,1.87,1.70,1.47,0,1.40,0.00,30.40,21.71,0.00,0.00,0.00,0.00,2.00,3.40,0.16,0.64,0.00,0.00,0.00,0.00
2018-01-07 11:27:11,99.80,0.00,0.20,0.00,0.00,0.00,0.00,0.00,0.00,0.00,0.00,810.20,842.40,0.00,0.00,0.00,17.60,8.00,0.00,16.80,0.00,0.00,0.00,0.00,3.00,0.00,3.00,0.00,35.20,1427796,0,14231204,90.88,48160,527260,14524380,92.75,13704780,347128,216,13476488,50672,2440,29428,31532,0,0,0.00,0,0.00,3,291,1.88,1.70,1.47,0,3.00,0.00,35.20,11.73,0.00,0.00,0.00,0.00,2.20,3.80,0.27,1.21,0.00,0.00,0.00,0.00
2018-01-07 11:27:16,99.90,0.00,0.10,0.00,0.00,0.00,0.00,0.00,0.00,0.00,0.00,801.40,831.80,0.00,0.00,0.00,39.20,7.80,0.00,15.60,0.00,0.00,0.00,0.00,1.20,0.00,1.20,0.00,78.40,1427796,0,14231204,90.88,48168,527284,14524380,92.75,13704792,347144,76,13476488,50672,2440,29428,31532,0,0,0.00,0,0.00,3,291,1.89,1.71,1.47,0,1.20,0.00,78.40,65.33,0.00,0.00,0.00,0.00,1.40,2.60,0.11,0.50,0.00,0.00,0.00,0.00
2018-01-07 11:27:21,99.80,0.00,0.10,0.00,0.00,0.00,0.10,0.00,0.00,0.00,0.00,821.00,845.80,0.00,0.00,0.00,5.60,8.00,0.00,16.40,0.00,0.00,0.00,0.00,0.40,0.00,0.40,0.00,11.20,1427772,0,14231228,90.88,48176,527308,14524380,92.75,13704792,347144,120,13476492,50664,2440,29428,31532,0,0,0.00,0,0.00,3,291,1.90,1.71,1.48,0,0.40,0.00,11.20,28.00,0.00,0.00,0.00,0.00,1.80,3.60,0.25,1.20,0.00,0.00,0.00,0.00
2018-01-07 11:27:26,99.80,0.00,0.20,0.00,0.00,0.00,0.00,0.00,0.00,0.00,0.00,815.40,843.20,0.00,0.00,0.00,4.00,7.80,0.00,18.00,0.00,0.00,0.00,0.00,0.40,0.00,0.40,0.00,8.00,1427796,0,14231204,90.88,48184,527332,14524380,92.75,13704804,347164,148,13476492,50672,2440,29428,31532,0,0,0.00,0,0.00,3,291,1.91,1.72,1.48,0,0.40,0.00,8.00,20.00,0.00,0.00,0.00,0.00,1.80,3.20,0.16,0.64,0.00,0.00,0.00,0.00
2018-01-07 11:27:31,99.80,0.00,0.20,0.00,0.00,0.00,0.00,0.00,0.00,0.00,0.00,822.40,843.20,0.00,0.00,0.00,3.20,8.40,0.00,401.40,0.00,0.00,0.00,0.00,0.40,0.00,0.40,0.00,6.40,1435180,0,14223820,90.83,48192,527356,14524380,92.75,13697128,347208,180,13468796,50672,2440,29416,31532,0,0,0.00,0,0.00,3,291,1.92,1.72,1.48,0,0.40,0.00,6.40,16.00,0.00,0.00,0.00,0.00,1.60,3.20,0.23,1.09,0.00,0.00,0.00,0.00
2018-01-07 11:27:36,100.00,0.00,0.00,0.00,0.00,0.00,0.00,0.00,0.00,0.00,0.00,812.20,843.60,0.00,0.00,0.00,20.00,11.00,0.00,16.00,0.00,0.00,0.00,0.00,1.40,0.00,1.40,0.00,40.00,1435180,0,14223820,90.83,48200,527380,14524380,92.75,13697140,347224,192,13468800,50672,2440,29416,31532,0,0,0.00,0,0.00,3,291,1.92,1.73,1.49,0,1.40,0.00,40.00,28.57,0.00,0.00,0.00,0.00,1.40,2.80,0.13,0.60,0.00,0.00,0.00,0.00
2018-01-07 11:27:41,99.80,0.00,0.10,0.00,0.00,0.00,0.10,0.00,0.00,0.00,0.00,797.40,831.20,0.00,0.00,0.00,5.60,7.40,0.00,16.60,0.00,0.00,0.00,0.00,0.40,0.00,0.40,0.00,11.20,1435188,0,14223812,90.83,48208,527404,14524380,92.75,13697144,347224,216,13468800,50664,2440,29416,31532,0,0,0.00,0,0.00,3,291,1.93,1.73,1.49,0,0.40,0.00,11.20,28.00,0.00,0.00,0.00,0.00,2.00,3.80,0.26,1.21,0.00,0.00,0.00,0.00
2018-01-07 11:27:46,99.90,0.00,0.10,0.00,0.00,0.00,0.00,0.00,0.00,0.00,0.00,807.60,838.20,0.00,0.00,0.00,8.80,7.80,0.00,16.20,0.00,0.00,0.00,0.00,1.80,0.00,1.80,0.00,17.60,1435188,0,14223812,90.83,48216,527428,14524380,92.75,13697168,347264,212,13468800,50664,2440,29416,31532,0,0,0.00,0,0.00,3,291,1.94,1.74,1.49,0,1.80,0.00,17.60,9.78,0.00,0.00,0.00,0.00,1.60,2.60,0.12,0.50,0.00,0.00,0.00,0.00
2018-01-07 11:27:51,70.72,0.00,0.10,0.00,0.00,0.00,0.00,0.00,0.00,29.18,0.00,839.40,736.00,0.00,0.00,0.00,38.40,7.80,0.00,16.20,0.00,0.00,0.00,0.00,1.20,0.00,1.20,0.00,76.80,1435156,0,14223844,90.83,48224,527456,14524380,92.75,13697180,347288,76,13468804,50664,2440,29416,31532,0,0,0.00,0,0.00,2,291,1.94,1.74,1.49,0,1.20,0.00,76.80,64.00,0.00,0.67,0.67,0.08,2.00,3.80,0.26,1.73,0.00,0.00,0.00,0.00
2018-01-07 11:27:56,1.82,0.00,0.10,0.00,0.10,0.00,0.00,0.00,0.00,97.98,0.00,870.80,502.00,0.00,0.00,0.00,6.40,7.20,0.00,715.00,0.00,0.00,0.00,0.00,0.40,0.00,0.40,0.00,12.80,1431948,0,14227052,90.86,48232,527480,14524380,92.75,13697544,347296,124,13471204,50664,2440,29416,31532,0,0,0.00,0,0.00,1,291,1.79,1.71,1.49,0,0.40,0.00,12.80,32.00,0.00,2.00,2.00,0.08,1.60,3.00,0.14,1.13,0.00,0.00,0.00,0.00
2018-01-07 11:28:01,42.70,0.00,0.20,0.00,0.00,0.00,0.10,0.00,0.00,57.00,1.20,935.20,783.40,0.00,0.00,0.00,4.00,30.80,0.00,261.20,0.00,0.00,0.00,0.00,0.40,0.00,0.40,0.00,8.00,1431844,0,14227156,90.86,48240,527508,14524380,92.75,13700016,347324,172,13471620,50688,2488,29416,31532,0,0,0.00,0,0.00,3,297,1.64,1.68,1.48,0,0.40,0.00,8.00,20.00,0.00,0.00,0.00,0.00,76.00,53.20,604.25,5.89,0.00,0.00,0.00,0.00
2018-01-07 11:28:06,99.90,0.00,0.10,0.00,0.00,0.00,0.00,0.00,0.00,0.00,0.00,810.00,846.00,0.00,0.00,0.00,20.80,11.00,0.00,17.80,0.00,0.00,0.00,0.00,1.40,0.00,1.40,0.00,41.60,1431876,0,14227124,90.86,48248,527532,14524380,92.75,13700044,347336,196,13471624,50688,2488,29416,31532,0,0,0.00,0,0.00,3,297,1.67,1.69,1.48,0,1.40,0.00,41.60,29.71,0.00,0.00,0.00,0.00,2.00,2.20,0.14,0.41,0.00,0.00,0.00,0.00
2018-01-07 11:28:11,99.90,0.00,0.10,0.00,0.00,0.00,0.00,0.00,0.00,0.00,0.00,826.80,854.20,0.00,0.00,0.00,5.60,8.60,0.00,16.60,0.00,0.00,0.00,0.00,0.40,0.00,0.40,0.00,11.20,1431876,0,14227124,90.86,48256,527556,14524380,92.75,13700048,347344,224,13471628,50688,2488,29416,31532,0,0,0.00,0,0.00,3,297,1.70,1.70,1.48,0,0.40,0.00,11.20,28.00,0.00,0.00,0.00,0.00,2.40,3.80,0.28,1.21,0.00,0.00,0.00,0.00
2018-01-07 11:28:16,99.80,0.00,0.20,0.00,0.00,0.00,0.00,0.00,0.00,0.00,0.00,804.20,835.00,0.00,0.00,0.00,0.00,7.80,0.00,15.40,0.00,0.00,0.00,0.00,0.00,0.00,0.00,0.00,0.00,1431876,0,14227124,90.86,48256,527576,14524380,92.75,13700060,347368,244,13471628,50688,2488,29416,31532,0,0,0.00,0,0.00,4,297,1.72,1.70,1.49,0,0.00,0.00,0.00,0.00,0.00,0.00,0.00,0.00,1.20,2.40,0.11,0.49,0.00,0.00,0.00,0.00
2018-01-07 11:28:21,99.90,0.00,0.10,0.00,0.00,0.00,0.00,0.00,0.00,0.00,0.00,805.80,830.80,0.00,0.00,0.00,8.80,7.40,0.00,16.00,0.00,0.00,0.00,0.00,1.60,0.00,1.60,0.00,17.60,1431876,0,14227124,90.86,48264,527604,14524380,92.75,13700088,347396,236,13471628,50688,2488,29416,31532,0,0,0.00,0,0.00,3,297,1.74,1.71,1.49,0,1.60,0.00,17.60,11.00,0.00,0.50,0.50,0.08,1.80,3.60,0.25,1.20,0.00,0.00,0.00,0.00
2018-01-07 11:28:26,99.90,0.00,0.10,0.00,0.00,0.00,0.00,0.00,0.00,0.00,0.00,806.20,831.80,0.00,0.00,0.00,41.60,7.80,0.00,15.80,0.00,0.00,0.00,0.00,1.80,0.00,1.80,0.00,83.20,1431752,0,14227248,90.86,48272,527628,14524380,92.75,13700100,347416,76,13471628,50688,2488,29416,31532,0,0,0.00,0,0.00,3,297,1.77,1.71,1.49,0,1.80,0.00,83.20,46.22,0.00,0.44,0.44,0.08,1.60,3.00,0.14,0.62,0.00,0.00,0.00,0.00
2018-01-07 11:28:31,99.80,0.00,0.20,0.00,0.00,0.00,0.00,0.00,0.00,0.00,0.00,807.80,839.20,0.00,0.00,0.00,8.80,7.60,0.00,16.20,0.00,0.00,0.00,0.00,0.40,0.00,0.40,0.00,17.60,1431712,0,14227288,90.86,48280,527652,14524380,92.75,13700100,347416,132,13471628,50696,2488,29416,31532,0,0,0.00,0,0.00,3,297,2.02,1.77,1.51,0,0.40,0.00,17.60,44.00,0.00,2.00,2.00,0.08,2.00,3.60,0.25,1.11,0.00,0.00,0.00,0.00
2018-01-07 11:28:36,99.80,0.00,0.20,0.00,0.00,0.00,0.00,0.00,0.00,0.00,0.00,809.00,839.00,0.00,0.00,0.00,17.60,10.60,0.00,17.20,0.00,0.00,0.00,0.00,1.60,0.00,1.60,0.00,35.20,1431744,0,14227256,90.86,48288,527676,14524380,92.75,13700120,347460,144,13471628,50696,2488,29416,31532,0,0,0.00,0,0.00,3,297,2.02,1.77,1.52,0,1.60,0.00,35.20,22.00,0.00,0.50,0.50,0.08,1.40,2.80,0.13,0.60,0.00,0.00,0.00,0.00
2018-01-07 11:28:41,99.90,0.00,0.00,0.00,0.00,0.00,0.10,0.00,0.00,0.00,0.60,832.40,841.00,0.00,0.00,2.40,5.60,69.80,0.00,39.60,0.00,0.00,0.00,0.00,1.00,0.60,0.40,4.80,11.20,1431472,0,14227528,90.86,48296,527700,14524380,92.75,13700224,347476,184,13471700,50712,2496,29416,31532,0,0,0.00,0,0.00,3,298,2.02,1.77,1.52,0,1.00,4.80,11.20,16.00,0.00,1.60,1.60,0.16,2.00,3.80,0.26,1.21,0.00,0.00,0.00,0.00
2018-01-07 11:28:46,99.80,0.00,0.20,0.00,0.00,0.00,0.00,0.00,0.00,0.00,0.00,810.40,830.40,0.00,0.00,0.00,5.60,8.00,0.00,15.40,0.00,0.00,0.00,0.00,0.40,0.00,0.40,0.00,11.20,1431348,0,14227652,90.86,48304,527724,14524380,92.75,13700224,347476,216,13471700,50712,2496,29416,31532,0,0,0.00,0,0.00,3,298,2.02,1.78,1.52,0,0.40,0.00,11.20,28.00,0.00,2.00,2.00,0.08,1.20,2.40,0.11,0.49,0.00,0.00,0.00,0.00
2018-01-07 11:28:51,100.00,0.00,0.00,0.00,0.00,0.00,0.00,0.00,0.00,0.00,0.00,814.40,837.20,0.00,0.00,0.00,4.00,8.20,0.00,16.00,0.00,0.00,0.00,0.00,0.40,0.00,0.40,0.00,8.00,1431348,0,14227652,90.86,48308,527748,14524380,92.75,13700236,347496,244,13471704,50712,2496,29416,31532,0,0,0.00,0,0.00,3,298,2.02,1.78,1.52,0,0.40,0.00,8.00,20.00,0.00,2.00,2.00,0.08,1.80,3.60,0.25,1.20,0.00,0.00,0.00,0.00
2018-01-07 11:28:56,99.80,0.00,0.20,0.00,0.00,0.00,0.00,0.00,0.00,0.00,0.00,798.00,860.20,0.00,0.00,0.00,12.80,8.20,0.00,615.00,0.00,0.00,0.00,0.00,2.20,0.00,2.20,0.00,25.60,1427388,0,14231612,90.88,48312,527772,14524380,92.75,13704448,347524,228,13475892,50696,2496,29416,31532,0,0,0.00,0,0.00,3,298,2.10,1.80,1.53,0,2.20,0.00,25.60,11.64,0.00,0.36,0.36,0.08,1.40,2.80,0.13,0.60,0.00,0.00,0.00,0.00
2018-01-07 11:29:01,99.80,0.00,0.20,0.00,0.00,0.00,0.00,0.00,0.00,0.00,0.00,836.00,842.20,0.00,0.00,0.00,45.60,9.00,0.00,40.20,0.00,0.00,0.00,0.00,1.40,0.00,1.40,0.00,91.20,1427504,0,14231496,90.88,48324,527796,14524380,92.75,13704068,347548,124,13475492,50704,2464,29416,31532,0,0,0.00,0,0.00,3,292,2.09,1.80,1.53,0,1.40,0.00,91.20,65.14,0.00,0.00,0.00,0.00,2.00,3.40,0.25,1.10,0.00,0.00,0.00,0.00
2018-01-07 11:29:06,99.80,0.00,0.20,0.00,0.00,0.00,0.00,0.00,0.00,0.00,0.00,808.60,849.80,0.00,0.00,0.00,20.80,11.40,0.00,370.20,0.00,0.00,0.00,0.00,1.40,0.00,1.40,0.00,41.60,1420044,0,14238956,90.93,48332,527820,14524380,92.75,13710344,347564,152,13483800,50700,2448,29416,31532,0,0,0.00,0,0.00,3,292,2.08,1.81,1.54,0,1.40,0.00,41.60,29.71,0.00,0.00,0.00,0.00,1.60,3.00,0.14,0.62,0.00,0.00,0.00,0.00
2018-01-07 11:29:11,99.90,0.00,0.10,0.00,0.00,0.00,0.00,0.00,0.00,0.00,0.00,814.40,836.20,0.00,0.00,0.00,5.60,8.20,0.00,401.60,0.00,0.00,0.00,0.00,0.40,0.00,0.40,0.00,11.20,1427304,0,14231696,90.89,48340,527844,14524380,92.75,13702664,347584,188,13476108,50700,2448,29404,31532,0,0,0.00,0,0.00,2,292,2.08,1.81,1.54,0,0.40,0.00,11.20,28.00,0.00,0.00,0.00,0.00,2.00,3.80,0.26,1.21,0.00,0.00,0.00,0.00
2018-01-07 11:29:16,99.90,0.00,0.10,0.00,0.00,0.00,0.00,0.00,0.00,0.00,0.00,809.40,834.20,0.00,0.00,0.00,4.00,7.80,0.00,219.20,0.00,0.00,0.00,0.00,0.40,0.00,0.40,0.00,8.00,1427300,0,14231700,90.89,48348,527868,14524380,92.75,13702664,347584,212,13476108,50700,2448,29404,31532,0,0,0.00,0,0.00,3,292,2.07,1.81,1.54,0,0.40,0.00,8.00,20.00,0.00,0.00,0.00,0.00,1.00,2.00,0.09,0.42,0.00,0.00,0.00,0.00
2018-01-07 11:29:21,92.48,0.00,0.20,0.00,0.00,0.00,0.00,0.00,0.00,7.31,0.00,824.20,820.40,0.00,0.00,0.00,3.20,7.60,0.00,18.40,0.00,0.00,0.00,0.00,0.40,0.00,0.40,0.00,6.40,1427300,0,14231700,90.89,48356,527892,14524380,92.75,13704760,347608,240,13476112,50700,2448,29404,31532,0,0,0.00,0,0.00,2,292,2.06,1.82,1.54,0,0.40,0.00,6.40,16.00,0.00,0.00,0.00,0.00,2.00,3.80,0.26,1.74,0.00,0.00,0.00,0.00
2018-01-07 11:29:26,35.11,0.00,0.20,0.00,0.00,0.00,0.00,0.00,0.00,64.69,0.00,861.60,610.40,0.00,0.00,0.00,4.00,7.40,0.00,521.80,0.00,0.00,0.00,0.00,0.40,0.00,0.40,0.00,8.00,1426664,0,14232336,90.89,48364,527916,14524380,92.75,13704736,347624,272,13476112,50692,2448,29404,31532,0,0,0.00,0,0.00,0,292,1.98,1.80,1.54,0,0.40,0.00,8.00,20.00,0.00,0.00,0.00,0.00,1.80,3.20,0.15,1.15,0.00,0.00,0.00,0.00
2018-01-07 11:29:31,0.40,0.00,0.00,0.00,0.10,0.00,0.00,0.00,0.00,99.49,1.20,893.40,517.00,0.00,0.00,0.00,17.60,27.40,0.00,20.00,0.00,0.00,0.00,0.00,3.00,0.00,3.00,0.00,35.20,1426748,0,14232252,90.89,48368,527940,14524380,92.75,13705088,347656,240,13476444,50692,2488,29404,31532,0,0,0.00,0,0.00,1,298,1.82,1.77,1.53,0,3.00,0.00,35.20,11.73,0.00,0.27,0.27,0.08,3.60,4.60,0.57,1.12,0.00,0.00,0.00,0.00
