timestamp,cpu.%usr,cpu.%nice,cpu.%sys,cpu.%iowait,cpu.%steal,cpu.%irq,cpu.%soft,cpu.%guest,cpu.%gnice,cpu.%idle,task.proc/s,task.cswch/s,intr.intr/s,swap.pswpin/s,swap.pswpout/s,paging.pgpgin/s,paging.pgpgout/s,paging.fault/s,paging.majflt/s,paging.pgfree/s,paging.pgscank/s,paging.pgscand/s,paging.pgsteal/s,paging.%vmeff,io.tps,io.rtps,io.wtps,io.bread/s,io.bwrtn/s,memory.kbmemfree,memory.kbavail,memory.kbmemused,memory.%memused,memory.kbbuffers,memory.kbcached,memory.kbcommit,memory.%commit,memory.kbactive,memory.kbinact,memory.kbdirty,memory.kbanonpg,memory.kbslab,memory.kbkstack,memory.kbpgtbl,memory.kbvmused,swap.kbswpfree,swap.kbswpused,swap.%swpused,swap.kbswpcad,swap.%swpcad,load.runq-sz,load.plist-sz,load.ldavg-1,load.ldavg-5,load.ldavg-15,load.blocked,disk.tps,disk.rd_sec/s,disk.wr_sec/s,disk.avgrq-sz,disk.avgqu-sz,disk.await,disk.svctm,disk.%util,network.rxpck/s,network.txpck/s,network.rxkB/s,network.txkB/s,network.rxcmp/s,network.txcmp/s,network.rxmcst/s,network.%ifutil
2018-01-05 18:03:16,0.00,0.00,0.20,26.23,0.00,0.00,0.00,0.00,0.00,73.57,0.00,229.00,301.20,0.00,0.00,0.80,23241.60,10.40,0.00,20.60,0.00,0.00,0.00,0.00,166.20,0.00,166.20,0.00,39980.80,254324,0,3600520,93.40,14472,2931212,938812,24.35,846264,2601656,185288,502248,111328,1952,3244,10752,0,0,0.00,0,0.00,1,230,2.93,1.67,0.70,1,166.20,0.00,39980.80,240.56,76.59,412.42,3.19,53.04,1.60,3.00,0.16,0.54,0.00,0.00,0.00,0.00
2018-01-05 18:03:21,0.20,0.00,0.10,58.13,0.10,0.00,0.00,0.00,0.00,41.47,0.20,238.40,325.00,0.00,0.00,3.20,24416.80,18.60,0.00,499.80,0.00,0.00,0.00,0.00,186.80,0.80,186.00,8.00,47553.60,246748,0,3608096,93.60,14492,2931140,938812,24.35,853372,2601684,63292,509436,111228,1960,3244,10752,0,0,0.00,0,0.00,0,231,2.77,1.66,0.70,1,186.80,8.00,47553.60,254.61,138.56,700.56,5.35,100.00,1.40,2.80,0.15,0.53,0.00,0.00,0.00,0.00
2018-01-05 18:03:26,0.10,0.00,0.00,34.64,0.00,0.00,0.00,0.00,0.00,65.26,0.00,219.60,257.60,0.00,0.00,0.80,12647.20,7.40,0.00,21.00,0.00,0.00,0.00,0.00,129.80,0.20,129.60,1.60,33076.80,246780,0,3608064,93.60,14504,2931172,938812,24.35,853388,2601692,208,509436,111196,1960,3244,10752,0,0,0.00,0,0.00,0,231,2.55,1.63,0.70,0,129.80,1.60,33076.80,254.84,90.44,818.06,5.45,70.72,1.20,2.40,0.12,0.43,0.00,0.00,0.00,0.00
2018-01-05 18:03:31,0.00,0.00,0.10,0.00,0.00,0.00,0.00,0.00,0.00,99.90,0.00,211.80,125.40,0.00,0.00,0.00,0.00,7.40,0.00,531.20,0.00,0.00,0.00,0.00,0.00,0.00,0.00,0.00,0.00,242612,0,3612232,93.71,14504,2931196,938812,24.35,855428,2601712,232,513512,111196,1960,3244,10752,0,0,0.00,0,0.00,0,231,2.35,1.61,0.69,0,0.00,0.00,0.00,0.00,0.00,0.00,0.00,0.00,1.40,2.80,0.15,0.53,0.00,0.00,0.00,0.00
2018-01-05 18:03:36,0.80,0.00,0.50,0.10,0.00,0.00,0.00,0.00,0.00,98.60,13.60,398.60,325.20,0.00,0.00,92.00,2.40,5544.00,1.40,1472.00,0.00,0.00,0.00,0.00,5.20,4.80,0.40,184.00,4.80,237500,0,3617344,93.84,14520,2931732,946472,24.55,861788,2602264,312,517800,111224,1984,3764,10752,0,0,0.00,0,0.00,1,234,2.16,1.58,0.69,0,5.20,184.00,4.80,36.31,0.00,0.77,0.62,0.32,10.00,11.60,11.20,1.91,0.00,0.00,0.00,0.00
2018-01-05 18:03:41,0.10,0.00,0.00,0.20,0.00,0.00,0.00,0.00,0.00,99.70,0.20,235.20,159.20,0.00,0.00,0.00,15.20,11.60,0.00,59.00,0.00,0.00,0.00,0.00,0.40,0.00,0.40,0.00,30.40,237236,0,3617608,93.85,14528,2932052,946472,24.55,861792,2602568,672,517800,111248,1976,3764,10752,0,0,0.00,0,0.00,1,233,1.99,1.55,0.68,0,0.40,0.00,30.40,76.00,0.00,8.00,8.00,0.32,9.80,8.40,59.00,1.07,0.00,0.00,0.00,0.00
2018-01-05 18:03:46,35.98,0.00,1.51,0.10,0.10,0.00,0.00,0.00,0.00,62.31,14.40,856.80,609.20,0.00,0.00,56.80,52.80,6963.00,2.80,1619.40,0.00,0.00,0.00,0.00,6.80,4.40,2.40,113.60,105.60,115708,0,3739136,97.00,14552,2932884,1227508,31.84,981140,2603280,1108,636984,111596,2256,4632,10752,0,0,0.00,0,0.00,8,268,1.99,1.56,0.69,0,6.80,113.60,105.60,32.24,0.03,4.24,3.88,2.64,12.40,12.80,22.50,1.70,0.00,0.00,0.00,0.00
2018-01-05 18:03:51,94.99,0.00,4.60,0.10,0.00,0.00,0.00,0.00,0.00,0.30,8.00,1414.40,951.80,0.00,0.00,3996.00,40.00,13833.40,2.20,29995.60,15597.60,2508.80,18106.40,100.00,66.60,65.40,1.20,7992.00,80.00,72188,0,3782656,98.13,14560,2591016,1535424,39.83,1366940,2261308,1496,1022600,112316,2448,5536,10752,0,0,0.00,0,0.00,4,292,2.31,1.64,0.72,0,66.60,7992.00,80.00,121.20,0.28,4.16,0.22,1.44,12.80,17.20,3.80,9.85,0.00,0.00,0.00,0.00
2018-01-05 18:03:56,97.40,0.00,2.40,0.00,0.00,0.00,0.00,0.00,0.00,0.20,0.00,1899.00,1279.20,0.00,0.00,15479.20,52.00,1380.20,0.00,5355.60,4655.40,0.00,4655.40,100.00,244.80,237.40,7.40,30958.40,104.00,79604,0,3775240,97.93,14568,2570208,1594984,41.38,1379672,2240736,1316,1035676,112292,2416,5612,10752,0,0,0.00,0,0.00,3,288,2.36,1.66,0.73,0,244.80,30958.40,104.00,126.89,0.95,3.88,0.21,5.04,3.60,5.60,0.31,1.20,0.00,0.00,0.00,0.00
2018-01-05 18:04:01,98.20,0.00,1.50,0.00,0.00,0.00,0.20,0.00,0.00,0.10,0.00,1345.60,1008.20,0.00,0.00,11233.60,7.20,73.80,0.20,2886.00,2545.80,0.00,2545.80,100.00,173.60,173.20,0.40,22467.20,14.40,79124,0,3775720,97.95,14564,2570388,1594984,41.38,1380108,2241024,1376,1036252,112292,2400,5620,10752,0,0,0.00,0,0.00,5,286,2.65,1.73,0.76,0,173.60,22467.20,14.40,129.50,0.64,3.71,0.21,3.68,3.00,5.20,0.26,1.18,0.00,0.00,0.00,0.00
2018-01-05 18:04:06,98.50,0.00,1.40,0.00,0.00,0.00,0.00,0.00,0.00,0.10,0.00,1242.00,1026.80,0.00,0.00,10455.20,7.20,20.60,0.00,2859.60,2545.00,0.00,2545.00,100.00,158.60,158.20,0.40,20910.40,14.40,82600,0,3772244,97.86,14572,2566664,1594984,41.38,1380108,2237564,1444,1036428,112432,2400,5620,10752,0,0,0.00,0,0.00,4,286,2.60,1.73,0.77,0,158.60,20910.40,14.40,131.93,0.61,3.85,0.22,3.44,3.20,5.40,0.29,1.44,0.00,0.00,0.00,0.00
2018-01-05 18:04:11,98.40,0.00,1.40,0.00,0.00,0.00,0.20,0.00,0.00,0.00,0.00,1180.60,973.00,0.00,0.00,8496.00,77.60,135.80,0.00,2026.00,1697.40,0.00,1697.40,100.00,133.80,132.20,1.60,16992.00,155.20,76920,0,3777924,98.00,14572,2570240,1586360,41.15,1382268,2241256,1168,1038772,112272,2392,5628,10752,0,0,0.00,0,0.00,3,284,2.55,1.74,0.77,0,133.80,16992.00,155.20,128.16,0.47,3.49,0.19,2.48,3.00,5.20,0.28,1.48,0.00,0.00,0.00,0.00
2018-01-05 18:04:16,85.86,0.00,1.50,0.10,0.00,0.00,0.10,0.00,0.00,12.44,10.20,1342.20,1029.80,0.00,0.00,1164.80,20.80,2985.40,0.00,27045.40,0.00,0.00,0.00,0.00,21.40,20.60,0.80,2329.60,41.60,545672,0,3309172,85.84,14596,2570596,1075456,27.90,914576,2241940,820,571316,111852,2104,4176,10752,0,0,0.00,0,0.00,4,249,2.35,1.71,0.77,0,21.40,2329.60,41.60,110.80,0.12,5.53,0.19,0.40,13.20,15.20,1.88,2.70,0.00,0.00,0.00,0.00
2018-01-05 18:04:21,96.69,0.00,3.11,0.00,0.00,0.00,0.00,0.00,0.00,0.20,9.20,1227.40,831.00,0.00,0.00,1612.80,151.20,10812.20,0.00,3321.80,0.00,0.00,0.00,0.00,24.40,21.40,3.00,3225.60,302.40,201932,0,3652912,94.76,14616,2573828,1413200,36.66,1253216,2245368,660,910168,112208,2360,5220,10752,0,0,0.00,0,0.00,4,282,2.48,1.75,0.79,0,24.40,3225.60,302.40,144.59,0.09,3.64,0.39,0.96,9.80,13.00,2.84,1.92,0.00,0.00,0.00,0.00
2018-01-05 18:04:26,97.00,0.00,2.70,0.00,0.00,0.00,0.10,0.00,0.00,0.20,3.60,2159.20,1394.20,0.00,0.00,16578.40,53.60,600.00,0.00,16904.20,4209.80,819.20,5029.00,100.00,307.40,302.40,5.00,33156.80,107.20,76304,0,3778540,98.02,14620,2551116,1581236,41.02,1398368,2222736,532,1055380,112544,2456,5628,10752,0,0,0.00,0,0.00,4,293,2.52,1.77,0.80,0,307.40,33156.80,107.20,108.21,1.09,3.54,0.17,5.20,10.80,13.00,2.23,9.65,0.00,0.00,0.00,0.00
2018-01-05 18:04:31,98.60,0.00,1.20,0.00,0.00,0.00,0.20,0.00,0.00,0.00,0.00,1095.60,925.40,0.00,0.00,6138.40,15.20,69.80,0.00,1990.80,1680.40,0.00,1680.40,100.00,110.20,109.80,0.40,12276.80,30.40,84072,0,3770772,97.82,14628,2543156,1581236,41.02,1399080,2214928,668,1056292,112484,2456,5636,10752,0,0,0.00,0,0.00,5,292,2.64,1.81,0.82,0,110.20,12276.80,30.40,111.68,0.39,3.55,0.18,2.00,3.20,5.60,0.29,1.45,0.00,0.00,0.00,0.00
2018-01-05 18:04:36,98.20,0.00,1.60,0.00,0.00,0.00,0.20,0.00,0.00,0.00,0.00,1324.00,998.00,0.00,0.00,9208.80,12.80,22.40,0.00,1995.20,1681.20,0.00,1681.20,100.00,164.20,163.60,0.60,18417.60,25.60,76516,0,3778328,98.02,14640,2550508,1581236,41.02,1398964,2222480,736,1056380,112460,2440,5636,10752,0,0,0.00,0,0.00,4,291,2.59,1.81,0.82,0,164.20,18417.60,25.60,112.32,0.58,3.52,0.17,2.80,3.60,5.60,0.31,1.33,0.00,0.00,0.00,0.00
2018-01-05 18:04:41,98.30,0.00,1.50,0.00,0.00,0.00,0.20,0.00,0.00,0.00,0.40,1355.00,890.60,0.00,0.00,10358.40,8.00,312.80,0.00,2950.60,2520.20,0.00,2520.20,100.00,183.60,183.20,0.40,20716.80,16.00,79144,0,3775700,97.95,14644,2546832,1581236,41.02,1398872,2219080,804,1056492,112464,2440,5636,10752,0,0,0.00,0,0.00,4,291,2.54,1.81,0.83,0,183.60,20716.80,16.00,112.92,0.71,3.86,0.19,3.44,6.40,8.40,0.69,1.96,0.00,0.00,0.00,0.00
2018-01-05 18:04:46,98.70,0.00,1.00,0.00,0.00,0.00,0.20,0.00,0.00,0.10,0.80,1161.80,933.20,0.00,0.00,6518.40,19.20,46.60,0.00,2020.00,1681.40,0.00,1681.40,100.00,114.20,113.40,0.80,13036.80,38.40,85604,0,3769240,97.78,14644,2540748,1581236,41.02,1399024,2213176,868,1056828,112228,2424,5636,10752,0,0,0.00,0,0.00,4,292,2.50,1.82,0.84,0,114.20,13036.80,38.40,114.49,0.43,3.77,0.18,2.00,3.40,6.00,0.32,1.74,0.00,0.00,0.00,0.00
2018-01-05 18:04:51,85.86,0.00,3.01,0.10,0.00,0.00,0.00,0.00,0.00,11.03,16.20,1578.60,951.40,0.00,0.00,3.20,65.60,10545.40,0.00,30953.80,0.00,0.00,0.00,0.00,3.40,0.60,2.80,6.40,131.20,422324,0,3432520,89.04,14684,2535392,1306324,33.89,1069016,2208100,600,727004,112028,2328,4948,10752,0,0,0.00,0,0.00,6,277,2.78,1.88,0.86,0,3.40,6.40,131.20,40.47,0.02,5.88,3.06,1.04,27.00,29.80,4.03,11.74,0.00,0.00,0.00,0.00
2018-01-05 18:04:56,83.33,0.00,2.89,0.00,0.10,0.00,0.30,0.00,0.00,13.37,6.20,1725.00,1372.80,0.00,0.00,8570.40,52.00,1423.20,0.00,1178.40,0.00,0.00,0.00,0.00,165.40,164.60,0.80,17140.80,104.00,194564,0,3660280,94.95,14792,2573344,1433392,37.18,1256604,2246184,768,914660,112484,2488,5364,10752,0,0,0.00,0,0.00,2,297,2.80,1.90,0.87,0,165.40,17140.80,104.00,104.26,0.51,3.09,0.16,2.72,49.80,53.00,9.19,6.16,0.00,0.00,0.00,0.00
2018-01-05 18:05:01,61.14,0.00,0.40,0.00,0.00,0.00,0.10,0.00,0.00,38.35,0.00,962.20,956.40,0.00,0.00,61.60,42.40,46.00,0.00,618.40,0.00,0.00,0.00,0.00,6.40,1.20,5.20,123.20,84.80,198744,0,3656100,94.84,14800,2568572,1433392,37.18,1256896,2241632,620,915188,112436,2488,5368,10752,0,0,0.00,0,0.00,2,297,2.65,1.89,0.88,0,6.40,123.20,84.80,32.50,0.00,0.00,0.00,0.00,5.80,8.60,0.67,1.82,0.00,0.00,0.00,0.00
2018-01-05 18:05:06,57.69,0.00,0.60,0.00,0.10,0.00,0.20,0.00,0.00,41.41,0.40,1149.80,1084.40,0.00,0.00,1.60,16.00,185.80,0.00,666.60,0.00,0.00,0.00,0.00,0.80,0.40,0.40,3.20,32.00,199032,0,3655812,94.84,14808,2563524,1433392,37.18,1261592,2236780,728,920056,112520,2472,5380,10752,0,0,0.00,0,0.00,2,295,2.52,1.87,0.88,0,0.80,3.20,32.00,44.00,0.00,0.00,0.00,0.00,9.40,13.00,1.11,2.91,0.00,0.00,0.00,0.00
2018-01-05 18:05:11,67.71,0.00,1.51,0.00,0.00,0.00,0.00,0.00,0.00,30.78,8.80,1046.80,1042.40,0.00,0.00,0.00,158.40,5693.80,0.00,15212.00,0.00,0.00,0.00,0.00,10.80,0.00,10.80,0.00,316.80,320020,0,3534824,91.70,14820,2558324,1318944,34.22,1146616,2231916,248,805312,112240,2432,5084,10752,0,0,0.00,0,0.00,2,291,2.56,1.89,0.89,0,10.80,0.00,316.80,29.33,0.04,3.70,1.78,1.92,18.20,21.60,2.65,3.65,0.00,0.00,0.00,0.00
2018-01-05 18:05:16,71.10,0.00,1.00,0.10,0.10,0.00,0.10,0.00,0.00,27.60,2.00,1341.60,1428.80,0.00,0.00,9753.60,8.80,561.20,0.00,1261.00,0.00,0.00,0.00,0.00,126.60,126.20,0.40,19507.20,17.60,140352,0,3714492,96.36,14828,2602112,1455276,37.75,1281536,2275848,380,940584,112380,2488,5416,10752,0,0,0.00,0,0.00,4,297,2.43,1.88,0.89,0,126.60,19507.20,17.60,154.22,0.51,4.01,0.24,3.04,29.20,33.00,5.04,4.55,0.00,0.00,0.00,0.00
2018-01-05 18:05:21,59.21,0.00,0.91,1.71,0.10,0.00,0.10,0.00,0.00,37.97,0.20,1436.00,1559.40,0.00,0.00,11313.60,8.80,54.80,0.00,465.40,0.00,0.00,0.00,0.00,147.80,147.40,0.40,22627.20,17.60,84956,0,3769888,97.80,14836,2653584,1455276,37.75,1285780,2327480,464,944868,112428,2496,5428,10752,0,0,0.00,0,0.00,3,298,2.32,1.86,0.89,0,147.80,22627.20,17.60,153.21,0.56,3.77,0.37,5.44,13.20,16.20,1.48,9.34,0.00,0.00,0.00,0.00
2018-01-05 18:05:26,55.41,0.00,0.60,0.00,0.00,0.00,0.10,0.00,0.00,43.89,0.00,806.00,842.00,0.00,0.00,4671.20,0.00,19.20,0.00,1233.80,883.40,0.00,883.40,100.00,63.80,63.80,0.00,9342.40,0.00,84188,0,3770656,97.82,14836,2654260,1455276,37.75,1285492,2328388,520,944804,112332,2472,5428,10752,0,0,0.00,0,0.00,2,295,2.21,1.85,0.89,0,63.80,9342.40,0.00,146.43,0.30,4.75,0.26,1.68,11.20,14.20,1.29,2.83,0.00,0.00,0.00,0.00
2018-01-05 18:05:31,70.80,0.00,2.11,0.00,0.10,0.00,0.00,0.00,0.00,26.99,11.20,1242.60,1217.80,0.00,0.00,1534.40,10.40,7318.00,0.00,17594.20,0.00,0.00,0.00,0.00,27.00,26.40,0.60,3068.80,20.80,95044,0,3759800,97.53,14848,2656836,1431596,37.14,1271484,2331196,596,931016,112396,2488,5384,10752,0,0,0.00,0,0.00,1,297,2.28,1.87,0.90,0,27.00,3068.80,20.80,114.43,0.07,2.55,0.12,0.32,22.20,26.80,4.27,4.19,0.00,0.00,0.00,0.00
2018-01-05 18:05:36,65.33,0.00,1.21,0.00,0.10,0.00,0.30,0.00,0.00,33.07,0.00,1482.40,1603.40,0.00,0.00,11892.80,24.00,227.00,0.00,3686.40,2650.60,0.00,2650.60,100.00,202.60,202.00,0.60,23177.60,48.00,85084,0,3769760,97.79,14852,2658168,1461820,37.92,1280060,2332688,672,939804,112316,2488,5412,10752,0,0,0.00,0,0.00,1,297,2.17,1.85,0.90,0,202.80,23201.60,48.00,114.64,0.74,3.57,0.19,3.76,7.20,10.20,0.88,2.10,0.00,0.00,0.00,0.00
2018-01-05 18:05:41,61.79,0.00,1.00,0.00,0.10,0.00,0.20,0.00,0.00,36.91,0.00,1234.20,1315.00,0.00,0.00,7672.00,20.00,40.00,0.00,2305.40,1771.20,0.00,1771.20,100.00,140.40,139.20,1.20,15952.00,40.00,85064,0,3769780,97.79,14860,2656084,1461820,37.92,1282084,2330900,716,942040,112368,2480,5416,10752,0,0,0.00,0,0.00,3,296,2.08,1.84,0.90,0,140.20,15928.00,40.00,113.89,0.50,3.68,0.18,2.56,7.40,10.60,0.89,2.26,0.00,0.00,0.00,0.00
2018-01-05 18:05:46,47.59,0.00,1.11,0.10,0.00,0.00,0.10,0.00,0.00,51.11,7.20,1113.20,1169.00,0.00,0.00,3450.40,89.60,2552.00,0.00,15090.60,885.00,0.00,885.00,100.00,65.40,59.40,6.00,6900.80,179.20,313424,0,3541420,91.87,14876,2651464,1274520,33.06,1059072,2326468,224,719196,112012,2392,4796,10752,0,0,0.00,0,0.00,2,285,1.91,1.81,0.90,0,65.40,6900.80,179.20,108.26,0.28,4.35,0.54,3.52,38.60,41.60,5.23,5.90,0.00,0.00,0.00,0.00
2018-01-05 18:05:51,80.71,0.00,2.42,0.00,0.10,0.00,0.30,0.00,0.00,16.46,4.00,1428.80,1505.60,0.00,0.00,8440.80,28.00,3824.00,0.00,4572.20,1763.40,0.00,1763.40,100.00,151.00,150.20,0.80,16881.60,56.00,79032,0,3775812,97.95,14888,2653456,1460528,37.89,1290320,2328616,516,950648,112116,2488,5428,10752,0,0,0.00,0,0.00,5,297,1.84,1.79,0.90,0,151.00,16881.60,56.00,112.17,0.61,4.02,0.20,3.04,13.80,18.20,2.98,3.00,0.00,0.00,0.00,0.00
2018-01-05 18:05:56,62.65,0.00,1.00,0.00,0.10,0.00,0.00,0.00,0.00,36.24,0.00,1143.00,1253.20,0.00,0.00,6523.20,12.80,45.80,0.00,2187.60,1763.60,0.00,1763.60,100.00,117.00,116.60,0.40,13046.40,25.60,88108,0,3766736,97.71,14884,2645724,1460528,37.89,1289004,2321136,560,949548,112096,2480,5432,10752,0,0,0.00,0,0.00,2,296,1.77,1.78,0.90,0,117.00,13046.40,25.60,111.73,0.46,3.90,0.19,2.24,13.20,16.20,1.44,3.60,0.00,0.00,0.00,0.00
2018-01-05 18:06:01,56.39,0.00,0.91,0.00,0.10,0.00,0.30,0.00,0.00,42.30,0.00,1210.20,1320.00,0.00,0.00,9588.00,16.80,24.40,0.00,2090.40,1764.80,0.00,1764.80,100.00,170.00,169.00,1.00,19176.00,33.60,80956,0,3773888,97.90,14892,2653316,1460528,37.89,1288792,2328964,588,949556,112168,2464,5432,10752,0,0,0.00,0,0.00,2,294,1.71,1.77,0.90,0,170.00,19176.00,33.60,113.00,0.70,4.14,0.25,4.32,4.40,7.80,0.52,1.98,0.00,0.00,0.00,0.00
2018-01-05 18:06:06,64.19,0.00,1.81,0.00,0.00,0.00,0.00,0.00,0.00,34.00,8.60,1089.60,1037.20,0.00,0.00,0.00,19.20,5504.60,0.00,16555.60,0.00,0.00,0.00,0.00,0.80,0.00,0.80,0.00,38.40,243128,0,3611716,93.69,14908,2648100,1304316,33.84,1131424,2324068,484,792516,112068,2424,5120,10752,0,0,0.00,0,0.00,4,289,1.81,1.79,0.91,0,0.80,0.00,38.40,48.00,0.00,0.00,0.00,0.00,25.20,28.80,3.49,4.56,0.00,0.00,0.00,0.00
2018-01-05 18:06:11,69.22,0.00,1.61,0.00,0.10,0.00,0.30,0.00,0.00,28.77,2.60,1336.00,1453.40,0.00,0.00,8825.60,35.20,911.20,0.00,3029.80,1760.80,0.00,1760.80,100.00,158.00,156.80,1.20,17651.20,70.40,76872,0,3777972,98.01,14908,2652048,1446064,37.51,1292824,2328308,636,954192,112084,2480,5448,10752,0,0,0.00,0,0.00,4,296,1.75,1.78,0.91,0,158.00,17651.20,70.40,112.16,0.56,3.52,0.19,3.04,12.20,15.80,2.66,2.49,0.00,0.00,0.00,0.00
2018-01-05 18:06:16,59.23,0.00,1.41,0.00,0.00,0.00,0.30,0.00,0.00,39.05,0.00,1378.20,1617.20,0.00,0.00,10741.60,11.20,45.60,0.00,3172.40,2641.40,0.00,2641.40,100.00,191.60,191.20,0.40,21483.20,22.40,82304,0,3772540,97.86,14920,2647916,1446064,37.51,1293988,2324344,732,955608,112120,2480,5456,10752,0,0,0.00,0,0.00,2,296,1.69,1.76,0.91,0,191.60,21483.20,22.40,112.24,0.80,4.19,0.21,4.08,19.00,22.60,2.45,3.66,0.00,0.00,0.00,0.00
2018-01-05 18:06:21,55.96,0.00,0.40,0.00,0.10,0.00,0.10,0.00,0.00,43.44,0.20,809.20,879.60,0.00,0.00,4985.60,87.20,20.80,0.00,1239.60,881.40,0.00,881.40,100.00,92.60,87.00,5.60,9971.20,174.40,79548,0,3775296,97.94,14928,2650128,1446064,37.51,1293748,2326932,356,955668,112124,2472,5456,10752,0,0,0.00,0,0.00,1,295,1.63,1.75,0.91,0,92.60,9971.20,174.40,109.56,0.35,3.80,0.27,2.48,14.80,18.00,1.69,6.43,0.00,0.00,0.00,0.00
2018-01-05 18:06:26,66.20,0.00,2.52,0.00,0.10,0.00,0.00,0.00,0.00,31.19,11.80,1250.20,1324.80,0.00,0.00,0.00,23.20,7910.00,0.00,17688.00,0.00,0.00,0.00,0.00,0.80,0.00,0.80,0.00,46.40,193056,0,3661788,94.99,14944,2645180,1322176,34.30,1185768,2322168,600,847888,111884,2520,5236,10752,0,0,0.00,0,0.00,0,301,1.74,1.77,0.92,0,0.80,0.00,46.40,58.00,0.00,1.00,1.00,0.08,101.40,104.80,18.88,12.26,0.00,0.00,0.00,0.00
2018-01-05 18:06:31,0.90,0.00,0.20,0.10,0.00,0.00,0.00,0.00,0.00,98.80,0.00,398.00,276.00,0.00,0.00,0.00,24.80,9.00,0.00,314.60,0.00,0.00,0.00,0.00,0.60,0.00,0.60,0.00,49.60,195784,0,3659060,94.92,14956,2640040,1322176,34.30,1187596,2317304,644,849940,111884,2520,5240,10752,0,0,0.00,0,0.00,1,301,1.60,1.74,0.92,0,0.60,0.00,49.60,82.67,0.00,1.33,1.33,0.08,10.00,14.00,1.38,2.81,0.00,0.00,0.00,0.00
2018-01-05 18:06:36,1.31,0.00,0.10,0.90,0.00,0.00,0.00,0.00,0.00,97.69,0.00,402.00,275.20,0.00,0.00,0.00,9.60,12.80,0.00,293.60,0.00,0.00,0.00,0.00,1.00,0.00,1.00,0.00,19.20,200636,0,3654208,94.80,14968,2634948,1329884,34.50,1187364,2312552,648,850000,111884,2520,5240,10752,0,0,0.00,0,0.00,1,301,1.47,1.71,0.91,0,1.00,0.00,19.20,19.20,0.03,27.20,27.20,2.72,5.20,9.40,0.71,2.55,0.00,0.00,0.00,0.00
2018-01-05 18:06:41,1.20,0.00,0.10,0.00,0.00,0.00,0.00,0.00,0.00,98.70,0.00,426.60,292.60,0.00,0.00,0.00,29.60,10.40,0.00,323.80,0.00,0.00,0.00,0.00,1.60,0.00,1.60,0.00,59.20,205844,0,3649000,94.66,14980,2629856,1329884,34.50,1187044,2307764,636,850008,111852,2520,5240,10752,0,0,0.00,0,0.00,0,301,1.36,1.68,0.91,0,1.60,0.00,59.20,37.00,0.00,0.00,0.00,0.00,12.80,16.60,1.73,3.16,0.00,0.00,0.00,0.00
2018-01-05 18:06:46,1.20,0.00,0.20,0.00,0.00,0.00,0.00,0.00,0.00,98.59,0.00,491.00,379.60,0.00,0.00,0.00,9.60,10.20,0.00,412.20,0.00,0.00,0.00,0.00,0.40,0.00,0.40,0.00,19.20,211052,0,3643792,94.53,14988,2624796,1329884,34.50,1186788,2303004,720,850012,111820,2520,5240,10752,0,0,0.00,0,0.00,0,301,1.25,1.66,0.90,0,0.40,0.00,19.20,48.00,0.00,0.00,0.00,0.00,34.80,39.00,4.64,5.75,0.00,0.00,0.00,0.00
2018-01-05 18:06:51,1.81,0.00,0.30,0.00,0.10,0.00,0.00,0.00,0.00,97.79,0.00,635.00,552.40,0.00,0.00,0.00,5.60,31.40,0.00,664.40,0.00,0.00,0.00,0.00,0.40,0.00,0.40,0.00,11.20,211480,0,3643364,94.51,14996,2619712,1329884,34.50,1191128,2298224,760,854644,111728,2520,5252,10752,0,0,0.00,0,0.00,1,301,1.15,1.63,0.90,0,0.40,0.00,11.20,28.00,0.00,0.00,0.00,0.00,26.40,30.80,3.36,5.66,0.00,0.00,0.00,0.00
2018-01-05 18:06:56,1.00,0.00,0.10,0.10,0.00,0.00,0.00,0.00,0.00,98.80,0.00,423.00,296.40,0.00,0.00,0.00,95.20,9.80,0.00,317.20,0.00,0.00,0.00,0.00,9.40,0.00,9.40,0.00,190.40,216564,0,3638280,94.38,15004,2614616,1329884,34.50,1190812,2293452,336,854648,111636,2520,5252,10752,0,0,0.00,0,0.00,0,301,1.06,1.60,0.89,0,9.40,0.00,190.40,20.26,0.03,3.32,1.11,1.04,10.40,14.20,1.22,3.17,0.00,0.00,0.00,0.00
2018-01-05 18:07:01,0.80,0.00,0.20,0.00,0.00,0.00,0.00,0.00,0.00,99.00,0.00,415.80,283.60,0.00,0.00,0.00,64.80,8.00,0.00,306.20,0.00,0.00,0.00,0.00,1.20,0.00,1.20,0.00,129.60,221772,0,3633072,94.25,15012,2609528,1329884,34.50,1190508,2288676,180,854648,111544,2520,5252,10752,0,0,0.00,0,0.00,0,301,0.97,1.58,0.89,0,1.20,0.00,129.60,108.00,0.03,28.00,12.00,1.44,7.60,11.80,1.06,2.67,0.00,0.00,0.00,0.00
2018-01-05 18:07:06,1.20,0.00,0.30,0.00,0.00,0.00,0.00,0.00,0.00,98.50,0.00,441.40,314.60,0.00,0.00,0.00,9.60,10.00,0.00,432.60,0.00,0.00,0.00,0.00,0.40,0.00,0.40,0.00,19.20,224932,0,3629912,94.16,15020,2604444,1329884,34.50,1192252,2283904,228,856696,111476,2520,5256,10752,0,0,0.00,0,0.00,0,301,0.89,1.55,0.88,0,0.40,0.00,19.20,48.00,0.00,0.00,0.00,0.00,13.80,18.00,1.83,3.51,0.00,0.00,0.00,0.00
2018-01-05 18:07:11,1.50,0.00,0.20,0.00,0.10,0.00,0.10,0.00,0.00,98.10,0.00,461.40,343.60,0.00,0.00,0.00,19.20,13.20,0.00,377.20,0.00,0.00,0.00,0.00,1.00,0.00,1.00,0.00,38.40,230140,0,3624704,94.03,15028,2599360,1329884,34.50,1191968,2279124,252,856716,111432,2520,5256,10752,0,0,0.00,0,0.00,0,301,0.82,1.52,0.88,0,1.00,0.00,38.40,38.40,0.00,0.80,0.80,0.08,25.60,28.80,3.41,4.46,0.00,0.00,0.00,0.00
2018-01-05 18:07:16,1.40,0.00,0.10,0.00,0.00,0.00,0.00,0.00,0.00,98.50,0.20,435.00,306.80,0.00,0.00,0.00,7.20,14.00,0.00,539.80,0.00,0.00,0.00,0.00,0.40,0.00,0.40,0.00,14.40,230120,0,3624724,94.03,15036,2594272,1329884,34.50,1196288,2274340,300,861328,111292,2520,5268,10752,0,0,0.00,0,0.00,0,301,0.76,1.50,0.87,0,0.40,0.00,14.40,36.00,0.00,2.00,2.00,0.08,19.40,23.20,2.50,9.23,0.00,0.00,0.00,0.00
2018-01-05 18:07:21,0.90,0.00,0.30,0.00,0.00,0.00,0.00,0.00,0.00,98.80,0.00,432.40,315.40,0.00,0.00,0.00,0.00,8.40,0.00,349.40,0.00,0.00,0.00,0.00,0.00,0.00,0.00,0.00,0.00,235196,0,3619648,93.90,15036,2589192,1329884,34.50,1195956,2269596,340,861328,111184,2520,5268,10752,0,0,0.00,0,0.00,1,301,0.70,1.47,0.87,0,0.00,0.00,0.00,0.00,0.00,0.00,0.00,0.00,18.20,22.60,2.24,4.52,0.00,0.00,0.00,0.00
2018-01-05 18:07:26,0.90,0.00,0.30,0.00,0.00,0.00,0.10,0.00,0.00,98.70,0.20,416.20,296.20,0.00,0.00,0.00,8.80,196.20,0.00,365.40,0.00,0.00,0.00,0.00,0.60,0.00,0.60,0.00,17.60,239668,0,3615176,93.78,15044,2584108,1329884,34.50,1196208,2264828,372,861884,111124,2512,5396,10752,0,0,0.00,0,0.00,0,300,0.64,1.45,0.86,0,0.60,0.00,17.60,29.33,0.00,0.00,0.00,0.00,16.40,20.80,2.18,3.61,0.00,0.00,0.00,0.00
2018-01-05 18:07:31,1.11,0.00,0.30,0.00,0.00,0.00,0.00,0.00,0.00,98.59,0.20,504.40,376.60,0.00,0.00,0.00,50.40,63.00,0.00,418.00,0.00,0.00,0.00,0.00,2.60,0.00,2.60,0.00,100.80,244184,0,3610660,93.67,15052,2579024,1337484,34.70,1196528,2260056,164,862540,111020,2520,5524,10752,0,0,0.00,0,0.00,1,301,0.59,1.43,0.86,0,2.60,0.00,100.80,38.77,0.01,4.92,4.92,1.28,15.80,20.00,1.93,4.03,0.00,0.00,0.00,0.00
2018-01-05 18:07:36,1.00,0.00,0.40,0.10,0.00,0.00,0.00,0.00,0.00,98.50,0.00,451.60,324.00,0.00,0.00,0.00,23.20,17.00,0.00,387.80,0.00,0.00,0.00,0.00,1.20,0.00,1.20,0.00,46.40,250792,0,3604052,93.49,15060,2573924,1337484,34.70,1194724,2255276,140,861020,110936,2520,5524,10752,0,0,0.00,0,0.00,1,301,0.54,1.40,0.85,0,1.20,0.00,46.40,38.67,0.00,0.67,0.67,0.08,8.80,13.40,1.23,3.33,0.00,0.00,0.00,0.00
2018-01-05 18:07:41,1.00,0.00,0.20,0.00,0.00,0.00,0.00,0.00,0.00,98.80,0.00,420.80,301.60,0.00,0.00,0.00,18.40,10.80,0.00,313.60,0.00,0.00,0.00,0.00,1.00,0.00,1.00,0.00,36.80,254956,0,3599888,93.39,15068,2569876,1337484,34.70,1194504,2251460,164,861024,110880,2520,5524,10752,0,0,0.00,0,0.00,4,301,0.50,1.38,0.85,0,1.00,0.00,36.80,36.80,0.00,0.00,0.00,0.00,22.00,26.00,3.01,4.54,0.00,0.00,0.00,0.00
2018-01-05 18:07:46,0.80,0.00,0.20,0.40,0.10,0.00,0.00,0.00,0.00,98.49,0.00,441.80,313.60,0.00,0.00,0.00,7.20,9.20,0.00,346.20,0.00,0.00,0.00,0.00,0.40,0.00,0.40,0.00,14.40,259956,0,3594888,93.26,15076,2564780,1337484,34.70,1194268,2246744,220,861024,110824,2520,5524,10752,0,0,0.00,0,0.00,0,301,0.46,1.36,0.85,0,0.40,0.00,14.40,36.00,0.00,10.00,10.00,0.40,17.80,22.60,2.35,4.26,0.00,0.00,0.00,0.00
2018-01-05 18:07:51,1.60,0.00,0.20,0.00,0.00,0.00,0.00,0.00,0.00,98.20,0.00,405.00,288.20,0.00,0.00,0.00,5.60,8.80,0.00,337.60,0.00,0.00,0.00,0.00,0.40,0.00,0.40,0.00,11.20,265232,0,3589612,93.12,15084,2559712,1337484,34.70,1193912,2241916,264,861036,110712,2520,5524,10752,0,0,0.00,0,0.00,1,301,0.42,1.33,0.84,0,0.40,0.00,11.20,28.00,0.00,0.00,0.00,0.00,15.00,18.40,2.05,3.41,0.00,0.00,0.00,0.00
2018-01-05 18:07:56,0.80,0.00,0.10,0.00,0.00,0.00,0.00,0.00,0.00,99.10,0.00,392.20,262.20,0.00,0.00,0.00,8.80,8.60,0.00,306.80,0.00,0.00,0.00,0.00,0.60,0.00,0.60,0.00,17.60,270420,0,3584424,92.98,15092,2554612,1337484,34.70,1193600,2237128,276,861044,110556,2520,5524,10752,0,0,0.00,0,0.00,0,301,0.39,1.31,0.84,0,0.60,0.00,17.60,29.33,0.00,0.00,0.00,0.00,6.80,10.40,0.97,2.32,0.00,0.00,0.00,0.00
2018-01-05 18:08:01,1.10,0.00,0.10,0.10,0.00,0.00,0.00,0.00,0.00,98.70,0.00,408.20,281.60,0.00,0.00,0.00,5.60,9.80,0.00,420.00,0.00,0.00,0.00,0.00,0.40,0.00,0.40,0.00,11.20,273564,0,3581280,92.90,15100,2549524,1337484,34.70,1195360,2232356,324,863096,110480,2520,5528,10752,0,0,0.00,0,0.00,2,301,0.36,1.29,0.83,0,0.40,0.00,11.20,28.00,0.00,0.00,0.00,0.00,10.60,15.00,1.44,3.47,0.00,0.00,0.00,0.00
2018-01-05 18:08:06,1.21,0.00,0.10,0.00,0.00,0.00,0.00,0.00,0.00,98.69,0.00,436.60,306.40,0.00,0.00,0.00,44.00,8.60,0.00,336.80,0.00,0.00,0.00,0.00,1.40,0.00,1.40,0.00,88.00,278772,0,3576072,92.77,15108,2544440,1337484,34.70,1195064,2227580,188,863100,110468,2520,5528,10752,0,0,0.00,0,0.00,0,301,0.33,1.27,0.83,0,1.40,0.00,88.00,62.86,0.00,0.00,0.00,0.00,16.20,20.40,2.17,3.79,0.00,0.00,0.00,0.00
2018-01-05 18:08:11,0.70,0.00,0.20,0.00,0.10,0.00,0.00,0.00,0.00,99.00,0.00,451.00,314.40,0.00,0.00,0.00,36.00,22.20,0.00,360.20,0.00,0.00,0.00,0.00,1.80,0.00,1.80,0.00,72.00,284212,0,3570632,92.63,15116,2539356,1337484,34.70,1194244,2222808,140,862588,110432,2512,5528,10752,0,0,0.00,0,0.00,1,300,0.30,1.25,0.82,0,1.80,0.00,72.00,40.00,0.00,0.44,0.44,0.08,15.20,18.80,2.13,3.27,0.00,0.00,0.00,0.00
2018-01-05 18:08:16,0.80,0.00,0.40,0.00,0.00,0.00,0.00,0.00,0.00,98.80,0.20,421.20,306.60,0.00,0.00,0.00,7.20,13.00,0.00,361.60,0.00,0.00,0.00,0.00,0.40,0.00,0.40,0.00,14.40,289412,0,3565432,92.49,15124,2534272,1337484,34.70,1193956,2218020,188,862592,110352,2512,5528,10752,0,0,0.00,0,0.00,1,301,0.28,1.23,0.82,0,0.40,0.00,14.40,36.00,0.00,0.00,0.00,0.00,21.40,25.40,2.90,4.40,0.00,0.00,0.00,0.00
2018-01-05 18:08:21,1.20,0.00,0.30,0.00,0.00,0.00,0.00,0.00,0.00,98.50,0.00,521.00,401.00,0.00,0.00,0.00,0.00,18.80,0.00,509.00,0.00,0.00,0.00,0.00,0.00,0.00,0.00,0.00,0.00,292020,0,3562824,92.42,15124,2529180,1337484,34.70,1194164,2213244,220,865152,110260,2512,5536,10752,0,0,0.00,0,0.00,1,300,0.26,1.21,0.81,0,0.00,0.00,0.00,0.00,0.00,0.00,0.00,0.00,12.40,16.40,1.59,6.62,0.00,0.00,0.00,0.00
2018-01-05 18:08:26,0.40,0.00,0.30,0.00,0.00,0.00,0.00,0.00,0.00,99.30,0.00,401.20,281.00,0.00,0.00,0.00,9.60,9.20,0.00,330.40,0.00,0.00,0.00,0.00,0.60,0.00,0.60,0.00,19.20,297228,0,3557616,92.29,15132,2524092,1337484,34.70,1195908,2208468,244,865152,110168,2512,5536,10752,0,0,0.00,0,0.00,0,300,0.23,1.19,0.81,0,0.60,0.00,19.20,32.00,0.00,1.33,1.33,0.08,13.40,17.20,1.79,3.32,0.00,0.00,0.00,0.00
2018-01-05 18:08:31,0.80,0.00,0.30,0.00,0.10,0.00,0.00,0.00,0.00,98.80,0.00,398.20,273.05,0.00,0.00,0.00,4.79,8.98,0.00,712.57,0.00,0.00,0.00,0.00,0.40,0.00,0.40,0.00,9.58,308392,0,3546452,92.00,15140,2518976,1324152,34.35,1189548,2203720,284,859028,110136,2512,5524,10752,0,0,0.00,0,0.00,0,300,0.22,1.17,0.81,0,0.40,0.00,9.58,24.00,0.00,2.00,2.00,0.08,7.58,11.78,1.06,2.84,0.00,0.00,0.00,0.00
2018-01-05 18:08:36,0.90,0.00,0.10,0.00,0.00,0.00,0.00,0.00,0.00,99.00,0.20,439.60,309.20,0.00,0.00,0.00,5.60,11.80,0.00,336.00,0.00,0.00,0.00,0.00,0.40,0.00,0.40,0.00,11.20,313492,0,3541352,91.87,15148,2513920,1324152,34.35,1189236,2198924,328,859096,110032,2520,5524,10752,0,0,0.00,0,0.00,1,301,0.20,1.15,0.80,0,0.40,0.00,11.20,28.00,0.00,0.00,0.00,0.00,15.20,19.20,1.96,6.83,0.00,0.00,0.00,0.00
2018-01-05 18:08:41,0.80,0.00,0.20,0.10,0.00,0.00,0.00,0.00,0.00,98.90,0.00,430.80,297.80,0.00,0.00,0.00,68.00,10.00,0.00,831.80,0.00,0.00,0.00,0.00,4.20,0.00,4.20,0.00,136.00,311848,0,3542996,91.91,15160,2508832,1324152,34.35,1195656,2194148,124,865788,109964,2512,5524,10752,0,0,0.00,0,0.00,0,300,0.18,1.13,0.80,0,4.20,0.00,136.00,32.38,0.00,0.19,0.19,0.08,18.00,21.40,2.44,3.57,0.00,0.00,0.00,0.00
2018-01-05 18:08:46,1.11,0.00,0.30,0.00,0.00,0.00,0.00,0.00,0.00,98.59,0.00,453.60,324.20,0.00,0.00,0.00,25.60,10.00,0.00,361.20,0.00,0.00,0.00,0.00,0.80,0.00,0.80,0.00,51.20,315016,0,3539828,91.83,15168,2503748,1324152,34.35,1197380,2189372,128,867836,109888,2512,5528,10752,0,0,0.00,0,0.00,1,300,0.17,1.11,0.79,0,0.80,0.00,51.20,64.00,0.00,1.00,1.00,0.08,21.20,25.40,2.92,4.40,0.00,0.00,0.00,0.00
2018-01-05 18:08:51,0.80,0.00,0.10,0.00,0.10,0.00,0.00,0.00,0.00,99.00,0.00,448.80,329.20,0.00,0.00,0.00,6.40,13.80,0.00,422.20,0.00,0.00,0.00,0.00,0.40,0.00,0.40,0.00,12.80,317740,0,3537104,91.76,15176,2498672,1324152,34.35,1199628,2184604,192,870384,109796,2512,5528,10752,0,0,0.00,0,0.00,1,300,0.15,1.09,0.79,0,0.40,0.00,12.80,32.00,0.00,0.00,0.00,0.00,16.80,21.00,2.23,3.85,0.00,0.00,0.00,0.00
2018-01-05 18:08:56,0.60,0.00,0.00,0.00,0.00,0.00,0.00,0.00,0.00,99.40,0.00,376.20,243.80,0.00,0.00,0.00,10.40,8.60,0.00,309.60,0.00,0.00,0.00,0.00,0.60,0.00,0.60,0.00,20.80,323012,0,3531832,91.62,15184,2493576,1324152,34.35,1199320,2179824,208,870384,109656,2512,5528,10752,0,0,0.00,0,0.00,0,300,0.14,1.07,0.78,0,0.60,0.00,20.80,34.67,0.00,0.00,0.00,0.00,7.60,11.20,1.04,2.38,0.00,0.00,0.00,0.00
2018-01-05 18:09:01,1.01,0.00,0.30,0.00,0.00,0.00,0.00,0.00,0.00,98.69,0.00,448.60,319.80,0.00,0.00,0.00,5.60,17.60,0.00,383.20,0.00,0.00,0.00,0.00,0.40,0.00,0.40,0.00,11.20,329476,0,3525368,91.45,15192,2488468,1324152,34.35,1197536,2175104,248,868848,109584,2512,5528,10752,0,0,0.00,0,0.00,0,300,0.13,1.05,0.78,0,0.40,0.00,11.20,28.00,0.00,0.00,0.00,0.00,7.60,11.80,1.06,2.84,0.00,0.00,0.00,0.00
2018-01-05 18:09:06,0.50,0.00,0.30,0.00,0.00,0.00,0.10,0.00,0.00,99.10,0.00,427.80,311.60,0.00,0.00,0.00,4.80,9.00,0.00,360.40,0.00,0.00,0.00,0.00,0.40,0.00,0.40,0.00,9.60,334752,0,3520092,91.32,15200,2483400,1324152,34.35,1197176,2170276,288,868852,109472,2512,5528,10752,0,0,0.00,0,0.00,0,300,0.12,1.04,0.77,0,0.40,0.00,9.60,24.00,0.00,0.00,0.00,0.00,21.00,24.80,2.77,4.28,0.00,0.00,0.00,0.00
2018-01-05 18:09:11,0.70,0.00,0.20,0.20,0.00,0.00,0.00,0.00,0.00,98.90,0.00,410.20,282.00,0.00,0.00,0.00,18.40,10.40,0.00,657.20,0.00,0.00,0.00,0.00,1.20,0.00,1.20,0.00,36.80,335976,0,3518868,91.28,15208,2478300,1324152,34.35,1200816,2165548,304,872736,109396,2512,5528,10752,0,0,0.00,0,0.00,1,300,0.11,1.02,0.77,0,1.20,0.00,36.80,30.67,0.00,3.33,3.33,0.40,15.80,19.40,2.22,3.38,0.00,0.00,0.00,0.00
2018-01-05 18:09:16,0.90,0.00,0.30,0.00,0.00,0.00,0.00,0.00,0.00,98.80,0.00,414.60,286.40,0.00,0.00,0.00,52.00,9.80,0.00,337.80,0.00,0.00,0.00,0.00,1.60,0.00,1.60,0.00,104.00,339128,0,3515716,91.20,15216,2473240,1324152,34.35,1200468,2160728,152,874788,109300,2512,5532,10752,0,0,0.00,0,0.00,0,300,0.10,1.00,0.77,0,1.60,0.00,104.00,65.00,0.00,0.00,0.00,0.00,15.60,19.80,2.13,3.76,0.00,0.00,0.00,0.00
2018-01-05 18:09:21,1.50,0.00,0.30,0.00,0.00,0.00,0.00,0.00,0.00,98.20,0.00,408.40,272.80,0.00,0.00,0.00,13.60,8.00,0.00,1103.00,0.00,0.00,0.00,0.00,1.00,0.00,1.00,0.00,27.20,343716,0,3511128,91.08,15224,2468132,1324152,34.35,1202776,2155940,140,875360,109288,2512,5532,10752,0,0,0.00,0,0.00,0,300,0.09,0.99,0.76,0,1.00,0.00,27.20,27.20,0.00,0.00,0.00,0.00,10.20,14.60,1.41,3.44,0.00,0.00,0.00,0.00
2018-01-05 18:09:26,1.00,0.00,0.10,0.00,0.10,0.00,0.00,0.00,0.00,98.80,0.00,393.00,270.00,0.00,0.00,0.00,4.00,10.20,0.00,489.00,0.00,0.00,0.00,0.00,0.20,0.00,0.20,0.00,8.00,345876,0,3508968,91.03,15224,2463052,1324152,34.35,1205744,2151160,188,878632,109192,2496,5288,10752,0,0,0.00,0,0.00,0,298,0.09,0.97,0.76,0,0.20,0.00,8.00,40.00,0.00,0.00,0.00,0.00,13.20,17.00,1.77,3.02,0.00,0.00,0.00,0.00
2018-01-05 18:09:31,1.30,0.00,0.20,0.10,0.00,0.00,0.00,0.00,0.00,98.40,0.00,448.60,326.00,0.00,0.00,0.00,5.60,14.60,0.00,449.60,0.00,0.00,0.00,0.00,0.40,0.00,0.40,0.00,11.20,353688,0,3501156,90.82,15232,2457960,1324152,34.35,1202900,2146384,224,876092,109100,2496,5288,10752,0,0,0.00,0,0.00,0,298,0.08,0.95,0.75,0,0.40,0.00,11.20,28.00,0.00,0.00,0.00,0.00,11.20,15.40,1.49,3.21,0.00,0.00,0.00,0.00
2018-01-05 18:09:36,0.70,0.00,0.30,0.00,0.00,0.00,0.00,0.00,0.00,99.00,0.00,428.00,296.20,0.00,0.00,0.00,5.60,8.20,0.00,292.80,0.00,0.00,0.00,0.00,0.40,0.00,0.40,0.00,11.20,357780,0,3497064,90.72,15240,2453908,1324152,34.35,1202660,2142572,268,876092,109024,2496,5288,10752,0,0,0.00,0,0.00,1,298,0.07,0.94,0.75,0,0.40,0.00,11.20,28.00,0.00,0.00,0.00,0.00,17.20,21.40,2.43,4.00,0.00,0.00,0.00,0.00
2018-01-05 18:09:41,0.60,0.00,0.10,0.00,0.00,0.00,0.00,0.00,0.00,99.30,0.00,429.80,312.40,0.00,0.00,0.00,16.80,11.00,0.00,787.60,0.00,0.00,0.00,0.00,1.00,0.00,1.00,0.00,33.60,359168,0,3495676,90.68,15248,2448824,1324152,34.35,1203812,2137800,280,879588,108868,2496,5292,10752,0,0,0.00,0,0.00,0,298,0.07,0.92,0.75,0,1.00,0.00,33.60,33.60,0.00,0.00,0.00,0.00,16.80,20.40,2.37,3.51,0.00,0.00,0.00,0.00
2018-01-05 18:09:46,0.80,0.00,0.30,0.00,0.10,0.00,0.00,0.00,0.00,98.80,0.00,529.20,399.20,0.00,0.00,0.00,7.20,16.80,0.00,427.60,0.00,0.00,0.00,0.00,0.40,0.00,0.40,0.00,14.40,364156,0,3490688,90.55,15256,2443736,1315836,34.13,1206044,2133020,316,880072,108776,2496,5300,10752,0,0,0.00,0,0.00,0,298,0.06,0.91,0.74,0,0.40,0.00,14.40,36.00,0.00,0.00,0.00,0.00,18.60,22.80,2.51,4.09,0.00,0.00,0.00,0.00
2018-01-05 18:09:51,0.70,0.00,0.20,0.00,0.00,0.00,0.00,0.00,0.00,99.10,0.00,400.20,272.80,0.00,0.00,0.00,52.00,8.20,0.00,307.40,0.00,0.00,0.00,0.00,1.60,0.00,1.60,0.00,104.00,369380,0,3485464,90.42,15264,2438648,1315836,34.13,1205720,2128228,108,880076,108668,2496,5300,10752,0,0,0.00,0,0.00,0,298,0.06,0.89,0.74,0,1.60,0.00,104.00,65.00,0.05,31.00,15.50,2.48,7.80,12.00,1.07,2.85,0.00,0.00,0.00,0.00
2018-01-05 18:09:56,0.50,0.00,0.20,0.00,0.00,0.00,0.00,0.00,0.00,99.30,0.00,370.20,252.20,0.00,0.00,0.00,18.40,8.60,0.00,310.20,0.00,0.00,0.00,0.00,0.80,0.00,0.80,0.00,36.80,374620,0,3480224,90.28,15272,2433556,1315836,34.13,1205424,2123452,132,880076,108576,2496,5300,10752,0,0,0.00,0,0.00,0,298,0.05,0.88,0.74,0,0.80,0.00,36.80,46.00,0.00,0.00,0.00,0.00,8.60,12.20,1.20,2.51,0.00,0.00,0.00,0.00
2018-01-05 18:10:01,0.80,0.00,0.10,0.00,0.00,0.00,0.00,0.00,0.00,99.10,0.00,422.40,284.40,0.00,0.00,0.00,4.80,9.00,0.00,321.60,0.00,0.00,0.00,0.00,0.40,0.00,0.40,0.00,9.60,379812,0,3475032,90.15,15280,2428468,1315836,34.13,1205112,2118688,172,880076,108484,2496,5300,10752,0,0,0.00,0,0.00,1,298,0.05,0.86,0.73,0,0.40,0.00,9.60,24.00,0.00,0.00,0.00,0.00,11.40,15.60,1.59,3.29,0.00,0.00,0.00,0.00
2018-01-05 18:10:06,1.00,0.00,0.10,0.10,0.00,0.00,0.00,0.00,0.00,98.80,0.00,423.80,306.40,0.00,0.00,0.00,6.40,13.60,0.00,713.00,0.00,0.00,0.00,0.00,0.40,0.00,0.40,0.00,12.80,392668,0,3462176,89.81,15288,2423368,1308316,33.94,1197000,2113912,212,872256,108396,2496,5300,10752,0,0,0.00,0,0.00,0,298,0.04,0.85,0.73,0,0.40,0.00,12.80,32.00,0.00,0.00,0.00,0.00,11.20,15.40,1.49,3.21,0.00,0.00,0.00,0.00
2018-01-05 18:10:11,0.60,0.00,0.20,0.00,0.00,0.00,0.00,0.00,0.00,99.20,0.00,402.80,265.80,0.00,0.00,0.00,11.20,10.00,0.00,316.80,0.00,0.00,0.00,0.00,0.80,0.00,0.80,0.00,22.40,397900,0,3456944,89.68,15288,2418288,1308316,33.94,1196692,2109140,224,872256,108320,2496,5300,10752,0,0,0.00,0,0.00,0,298,0.04,0.83,0.72,0,0.80,0.00,22.40,28.00,0.00,0.00,0.00,0.00,10.40,14.00,1.41,2.70,0.00,0.00,0.00,0.00
2018-01-05 18:10:16,0.60,0.00,0.20,0.00,0.10,0.00,0.00,0.00,0.00,99.10,0.00,433.80,307.20,0.00,0.00,0.00,7.20,9.20,0.00,340.20,0.00,0.00,0.00,0.00,0.40,0.00,0.40,0.00,14.40,401076,0,3453768,89.60,15296,2413204,1308316,33.94,1198436,2104364,272,874304,108232,2496,5304,10752,0,0,0.00,0,0.00,0,298,0.04,0.82,0.72,0,0.40,0.00,14.40,36.00,0.00,2.00,2.00,0.08,16.00,20.20,2.18,3.80,0.00,0.00,0.00,0.00
2018-01-05 18:10:21,0.60,0.00,0.30,0.00,0.00,0.00,0.00,0.00,0.00,99.10,0.60,464.60,347.60,0.00,0.00,20.80,12.00,79.80,0.40,417.80,0.00,0.00,0.00,0.00,1.80,0.40,1.40,41.60,24.00,407248,0,3447596,89.44,15304,2408220,1308316,33.94,1196664,2099700,268,872844,108304,2504,5304,10752,0,0,0.00,0,0.00,3,299,0.03,0.81,0.72,0,1.80,41.60,24.00,36.44,0.00,0.44,0.44,0.08,10.60,14.80,1.44,3.17,0.00,0.00,0.00,0.00
2018-01-05 18:10:26,0.41,0.00,0.41,0.00,0.10,0.00,0.10,0.00,0.00,98.99,0.60,1315.80,1767.00,0.00,0.00,7673.60,46.40,20.00,0.00,1438.00,0.00,0.00,0.00,0.00,138.00,136.60,1.40,15347.20,92.80,372520,0,3482324,90.34,15312,2441496,1308316,33.94,1198472,2133292,136,874964,108128,2512,5308,10752,0,0,0.00,0,0.00,0,300,0.03,0.79,0.71,0,138.00,15347.20,92.80,111.88,0.48,3.51,0.16,2.24,282.40,994.40,19.02,8609.54,0.00,0.00,0.00,0.71
2018-01-05 18:10:31,0.61,0.00,0.30,0.00,0.10,0.00,0.00,0.00,0.00,98.99,0.00,1225.40,1722.80,0.00,0.00,8056.80,18.40,7.80,0.00,1370.40,0.00,0.00,0.00,0.00,142.00,141.20,0.80,15880.00,36.80,338096,0,3516748,91.23,15320,2476688,1308316,33.94,1198160,2168724,140,874964,108028,2512,5308,10752,0,0,0.00,0,0.00,0,300,0.03,0.78,0.71,0,142.60,15950.40,36.80,112.11,0.50,3.48,0.16,2.32,268.60,972.20,17.87,8451.14,0.00,0.00,0.00,0.69
2018-01-05 18:10:36,1.01,0.00,0.40,0.50,0.10,0.00,0.00,0.00,0.00,97.98,0.00,1039.20,1260.60,0.00,0.00,4220.80,12.80,9.20,0.00,953.20,0.00,0.00,0.00,0.00,77.80,77.20,0.60,8675.20,25.60,321572,0,3533272,91.66,15332,2492700,1308316,33.94,1197872,2185132,200,874972,107944,2512,5308,10752,0,0,0.00,0,0.00,0,300,0.03,0.77,0.70,0,77.20,8604.80,25.60,111.79,0.26,3.47,0.24,1.84,166.40,580.80,11.68,4962.25,0.00,0.00,0.00,0.41
2018-01-05 18:10:41,0.81,0.00,0.20,0.10,0.10,0.00,0.00,0.00,0.00,98.79,0.20,947.00,1242.80,0.00,0.00,5775.20,16.00,13.60,0.00,1350.20,0.00,0.00,0.00,0.00,96.00,94.60,1.40,11550.40,32.00,295144,0,3559700,92.34,15340,2516480,1308316,33.94,1200248,2209124,212,877660,107808,2504,5312,10752,0,0,0.00,0,0.00,0,300,0.02,0.75,0.70,0,96.00,11550.40,32.00,120.65,0.39,4.11,0.18,1.76,167.20,584.80,11.42,5019.70,0.00,0.00,0.00,0.41
2018-01-05 18:10:46,1.02,0.00,0.51,0.00,0.20,0.00,0.41,0.00,0.00,97.85,1.20,2221.60,3415.80,0.00,0.00,10696.80,8.00,37.20,0.00,3129.40,0.00,0.00,0.00,0.00,138.60,138.20,0.40,21393.60,16.00,245500,0,3609344,93.63,15348,2564828,1308316,33.94,1201044,2257908,272,878756,107780,2520,5316,10752,0,0,0.00,0,0.00,0,302,0.02,0.74,0.70,0,138.60,21393.60,16.00,154.47,0.52,3.76,0.25,3.44,682.60,2446.20,45.13,21324.38,0.00,0.00,0.00,1.75
2018-01-05 18:10:51,0.81,0.00,0.31,0.00,0.20,0.00,0.51,0.00,0.00,98.17,0.60,2148.40,3118.80,0.00,0.00,0.00,68.00,23.60,0.00,3073.20,0.00,0.00,0.00,0.00,5.20,0.00,5.20,0.00,136.00,241324,0,3613520,93.74,15356,2559788,1296196,33.63,1209396,2253156,56,887408,107884,2528,5316,10752,0,0,0.00,0,0.00,2,303,0.02,0.73,0.69,0,5.20,0.00,136.00,26.15,0.00,0.00,0.00,0.00,639.40,2303.80,41.87,20136.52,0.00,0.00,0.00,1.65
2018-01-05 18:10:56,1.75,0.00,0.51,0.00,0.21,0.00,0.82,0.00,0.00,96.71,0.60,2920.60,4411.80,0.00,0.00,0.00,9.60,20.20,0.00,4699.60,0.00,0.00,0.00,0.00,0.40,0.00,0.40,0.00,19.20,244368,0,3610476,93.66,15364,2554688,1296196,33.63,1211276,2248432,156,889524,107756,2536,5320,10752,0,0,0.00,0,0.00,0,303,0.02,0.72,0.69,0,0.40,0.00,19.20,48.00,0.00,2.00,2.00,0.08,1080.80,3909.00,70.70,34227.13,0.00,0.00,0.00,2.80
2018-01-05 18:11:01,0.61,0.00,0.31,0.00,0.20,0.00,0.82,0.00,0.00,98.06,0.00,2399.00,3504.20,0.00,0.00,0.00,4.80,8.40,0.00,3207.60,0.00,0.00,0.00,0.00,0.40,0.00,0.40,0.00,9.60,247732,0,3607112,93.57,15372,2549612,1296196,33.63,1212880,2243600,188,891508,107612,2528,5324,10752,0,0,0.00,0,0.00,1,302,0.02,0.71,0.68,0,0.40,0.00,9.60,24.00,0.00,0.00,0.00,0.00,720.00,2627.40,47.09,22994.89,0.00,0.00,0.00,1.88
2018-01-05 18:11:06,0.82,0.00,0.41,0.00,0.20,0.00,0.20,0.00,0.00,98.37,0.00,2184.60,3059.20,0.00,0.00,0.00,42.40,19.60,0.00,2668.20,0.00,0.00,0.00,0.00,2.60,0.00,2.60,0.00,84.80,252576,0,3602268,93.45,15380,2544516,1296196,33.63,1213020,2238824,48,891948,107536,2520,5328,10752,0,0,0.00,0,0.00,0,301,0.02,0.69,0.68,0,2.60,0.00,84.80,32.62,0.00,0.00,0.00,0.00,568.40,2058.20,37.33,17984.46,0.00,0.00,0.00,1.47
2018-01-05 18:11:11,0.71,0.00,0.20,0.00,0.10,0.00,0.41,0.00,0.00,98.58,0.00,1503.60,1984.00,0.00,0.00,0.00,9.60,9.60,0.00,1857.80,0.00,0.00,0.00,0.00,0.40,0.00,0.40,0.00,19.20,255692,0,3599152,93.37,15388,2539428,1296196,33.63,1214696,2234044,148,893928,107412,2512,5332,10752,0,0,0.00,0,0.00,1,300,0.02,0.68,0.68,0,0.40,0.00,19.20,48.00,0.00,0.00,0.00,0.00,387.20,1397.80,25.73,12167.97,0.00,0.00,0.00,1.00
2018-01-05 18:11:16,0.70,0.00,0.10,0.00,0.10,0.00,0.30,0.00,0.00,98.79,0.00,946.00,1160.60,0.00,0.00,0.00,7.20,8.60,0.00,931.40,0.00,0.00,0.00,0.00,0.40,0.00,0.40,0.00,14.40,260872,0,3593972,93.23,15396,2534316,1296196,33.63,1214384,2229320,180,893860,107340,2504,5332,10752,0,0,0.00,0,0.00,2,299,0.01,0.67,0.67,0,0.40,0.00,14.40,36.00,0.00,0.00,0.00,0.00,160.00,563.80,11.10,4827.37,0.00,0.00,0.00,0.40
2018-01-05 18:11:21,0.50,0.00,0.20,0.10,0.00,0.00,0.00,0.00,0.00,99.20,0.00,473.00,352.20,0.00,0.00,0.00,4.80,12.60,0.00,610.60,0.00,0.00,0.00,0.00,0.40,0.00,0.40,0.00,9.60,265708,0,3589136,93.11,15404,2529248,1296196,33.63,1214572,2224496,216,894420,107232,2496,5332,10752,0,0,0.00,0,0.00,1,298,0.09,0.68,0.68,0,0.40,0.00,9.60,24.00,0.00,0.00,0.00,0.00,13.00,17.20,1.78,3.46,0.00,0.00,0.00,0.00
2018-01-05 18:11:26,0.70,0.00,0.20,0.00,0.00,0.00,0.00,0.00,0.00,99.10,0.00,422.40,292.00,0.00,0.00,0.00,0.00,9.00,0.00,327.40,0.00,0.00,0.00,0.00,0.00,0.00,0.00,0.00,0.00,270764,0,3584080,92.98,15404,2524148,1296196,33.63,1214272,2219776,256,894368,107128,2496,5332,10752,0,0,0.00,0,0.00,1,298,0.09,0.67,0.67,0,0.00,0.00,0.00,0.00,0.00,0.00,0.00,0.00,12.40,16.00,1.72,2.96,0.00,0.00,0.00,0.00
2018-01-05 18:11:31,0.50,0.00,0.20,0.00,0.00,0.00,0.00,0.00,0.00,99.30,0.20,427.80,292.40,0.00,0.00,0.00,5.60,11.60,0.00,606.00,0.00,0.00,0.00,0.00,0.40,0.00,0.40,0.00,11.20,273244,0,3581600,92.91,15412,2520080,1296196,33.63,1215696,2215956,284,896024,107052,2504,5332,10752,0,0,0.00,0,0.00,0,298,0.08,0.65,0.67,0,0.40,0.00,11.20,28.00,0.00,0.00,0.00,0.00,12.80,16.60,1.62,7.24,0.00,0.00,0.00,0.00
2018-01-05 18:11:36,0.80,0.00,0.10,0.00,0.10,0.00,0.00,0.00,0.00,99.00,0.00,384.20,250.60,0.00,0.00,0.00,20.00,23.20,0.00,445.80,0.00,0.00,0.00,0.00,1.40,0.00,1.40,0.00,40.00,278820,0,3576024,92.77,15420,2515004,1296196,33.63,1215568,2211116,288,896272,106952,2496,5336,10752,0,0,0.00,0,0.00,0,298,0.07,0.64,0.67,0,1.40,0.00,40.00,28.57,0.00,0.00,0.00,0.00,8.00,12.20,1.09,2.87,0.00,0.00,0.00,0.00
2018-01-05 18:11:41,0.70,0.00,0.10,0.00,0.00,0.00,0.00,0.00,0.00,99.20,0.00,428.60,292.40,0.00,0.00,0.00,52.80,181.60,0.00,478.00,0.00,0.00,0.00,0.00,1.60,0.00,1.60,0.00,105.60,280528,0,3574316,92.72,15428,2509912,1368212,35.49,1218220,2206336,100,899216,106856,2496,5344,10752,0,0,0.00,0,0.00,0,298,0.07,0.63,0.66,0,1.60,0.00,105.60,66.00,0.04,27.00,13.50,2.16,9.60,13.20,1.37,2.65,0.00,0.00,0.00,0.00
2018-01-05 18:11:46,0.50,0.00,0.30,0.00,0.00,0.00,0.00,0.00,0.00,99.20,0.00,478.20,350.40,0.00,0.00,0.00,35.20,22.20,0.00,398.60,0.00,0.00,0.00,0.00,4.20,0.00,4.20,0.00,70.40,287224,0,3567620,92.55,15436,2504824,1368212,35.49,1216376,2201560,52,897676,106760,2496,5344,10752,0,0,0.00,0,0.00,0,298,0.06,0.62,0.66,0,4.20,0.00,70.40,16.76,0.00,0.00,0.00,0.00,11.20,15.40,1.49,3.22,0.00,0.00,0.00,0.00
2018-01-05 18:11:51,0.50,0.00,0.20,0.40,0.00,0.00,0.00,0.00,0.00,98.90,0.00,396.20,265.60,0.00,0.00,0.00,9.60,8.60,0.00,311.20,0.00,0.00,0.00,0.00,0.40,0.00,0.40,0.00,19.20,292308,0,3562536,92.42,15444,2499732,1368212,35.49,1216072,2196780,128,897680,106744,2496,5344,10752,0,0,0.00,0,0.00,1,298,0.06,0.61,0.66,0,0.40,0.00,19.20,48.00,0.00,12.00,12.00,0.48,9.80,14.00,1.39,3.12,0.00,0.00,0.00,0.00
2018-01-05 18:11:56,0.60,0.00,0.20,0.10,0.00,0.00,0.00,0.00,0.00,99.10,0.00,426.00,309.20,0.00,0.00,0.00,5.60,12.80,0.00,377.60,0.00,0.00,0.00,0.00,0.40,0.00,0.40,0.00,11.20,298532,0,3556312,92.26,15452,2494644,1368212,35.49,1214744,2192004,168,896656,106684,2496,5344,10752,0,0,0.00,0,0.00,0,298,0.05,0.60,0.65,0,0.40,0.00,11.20,28.00,0.00,2.00,2.00,0.08,12.80,16.40,1.76,2.99,0.00,0.00,0.00,0.00
2018-01-05 18:12:01,0.70,0.00,0.20,0.00,0.00,0.00,0.00,0.00,0.00,99.10,0.00,398.60,270.60,0.00,0.00,0.00,5.60,34.00,0.00,448.80,0.00,0.00,0.00,0.00,0.40,0.00,0.40,0.00,11.20,302188,0,3552656,92.16,15460,2489548,1368212,35.49,1215968,2187224,208,898184,106604,2496,5352,10752,0,0,0.00,0,0.00,1,298,0.05,0.59,0.65,0,0.40,0.00,11.20,28.00,0.00,0.00,0.00,0.00,5.00,9.20,0.70,2.54,0.00,0.00,0.00,0.00
2018-01-05 18:12:06,0.60,0.00,0.20,0.00,0.10,0.00,0.00,0.00,0.00,99.10,0.00,401.20,277.40,0.00,0.00,0.00,4.80,7.60,0.00,313.60,0.00,0.00,0.00,0.00,0.40,0.00,0.40,0.00,9.60,307396,0,3547448,92.03,15468,2484464,1368212,35.49,1215648,2182448,244,898184,106532,2496,5352,10752,0,0,0.00,0,0.00,1,298,0.04,0.58,0.64,0,0.40,0.00,9.60,24.00,0.00,0.00,0.00,0.00,9.80,13.80,1.37,2.93,0.00,0.00,0.00,0.00
2018-01-05 18:12:11,0.60,0.00,0.10,0.00,0.00,0.00,0.00,0.00,0.00,99.30,0.00,384.80,270.20,0.00,0.00,0.00,56.80,10.20,0.00,322.40,0.00,0.00,0.00,0.00,3.00,0.00,3.00,0.00,113.60,312604,0,3542240,91.89,15476,2479364,1368212,35.49,1215348,2177668,84,898184,106472,2496,5352,10752,0,0,0.00,0,0.00,1,298,0.04,0.57,0.64,0,3.00,0.00,113.60,37.87,0.00,0.27,0.27,0.08,12.00,15.80,1.29,2.79,0.00,0.00,0.00,0.00
2018-01-05 18:12:16,0.40,0.00,0.30,0.00,0.00,0.00,0.00,0.00,0.00,99.30,0.00,385.40,258.80,0.00,0.00,0.00,6.40,8.20,0.00,303.00,0.00,0.00,0.00,0.00,0.40,0.00,0.40,0.00,12.80,317688,0,3537156,91.76,15484,2474264,1368212,35.49,1215036,2172892,140,898184,106424,2496,5352,10752,0,0,0.00,0,0.00,0,298,0.04,0.56,0.64,0,0.40,0.00,12.80,32.00,0.00,0.00,0.00,0.00,7.40,11.60,1.04,2.83,0.00,0.00,0.00,0.00
2018-01-05 18:12:21,0.60,0.00,0.30,0.00,0.00,0.00,0.00,0.00,0.00,99.10,0.00,485.40,354.60,0.00,0.00,0.00,0.00,20.40,0.00,389.20,0.00,0.00,0.00,0.00,0.00,0.00,0.00,0.00,0.00,323888,0,3530956,91.60,15484,2469188,1368212,35.49,1213720,2168116,184,897168,106356,2496,5352,10752,0,0,0.00,0,0.00,0,298,0.03,0.55,0.63,0,0.00,0.00,0.00,0.00,0.00,0.00,0.00,0.00,15.60,19.20,2.15,3.56,0.00,0.00,0.00,0.00
2018-01-05 18:12:26,0.81,0.00,0.20,0.00,0.10,0.00,0.00,0.00,0.00,98.89,0.60,1252.60,1691.80,0.00,0.00,0.00,5.60,20.20,0.00,1438.40,0.00,0.00,0.00,0.00,0.40,0.00,0.40,0.00,11.20,328908,0,3525936,91.47,15492,2464104,1368212,35.49,1213484,2163344,228,897236,106308,2504,5352,10752,0,0,0.00,0,0.00,2,300,0.03,0.54,0.63,0,0.40,0.00,11.20,28.00,0.00,2.00,2.00,0.08,286.20,997.20,19.50,8612.60,0.00,0.00,0.00,0.71
2018-01-05 18:12:31,0.82,0.00,0.51,0.00,0.21,0.00,0.62,0.00,0.00,97.84,1.40,2690.00,4132.40,0.00,0.00,0.00,6.40,38.60,0.00,4291.40,0.00,0.00,0.00,0.00,0.40,0.00,0.40,0.00,12.80,335584,0,3519260,91.29,15500,2459004,1368212,35.49,1211324,2158568,248,895388,106268,2528,5352,10752,0,0,0.00,0,0.00,0,302,0.03,0.54,0.63,0,0.40,0.00,12.80,32.00,0.00,0.00,0.00,0.00,955.80,3443.60,62.40,30149.20,0.00,0.00,0.00,2.47
2018-01-05 18:12:36,0.81,0.00,0.41,0.10,0.31,0.00,1.63,0.00,0.00,96.74,0.60,2837.00,4488.20,0.00,0.00,0.00,6.40,20.40,0.00,5417.40,0.00,0.00,0.00,0.00,0.40,0.00,0.40,0.00,12.80,340720,0,3514124,91.16,15508,2453920,1368212,35.49,1211088,2153792,288,895456,106208,2536,5352,10752,0,0,0.00,0,0.00,1,303,0.03,0.53,0.62,0,0.40,0.00,12.80,32.00,0.00,0.00,0.00,0.00,1258.80,4574.20,82.19,40064.55,0.00,0.00,0.00,3.28
2018-01-05 18:12:41,0.71,0.00,0.61,0.00,0.20,0.00,1.02,0.00,0.00,97.46,0.00,2327.60,3540.40,0.00,0.00,0.00,28.00,10.40,0.00,3661.40,0.00,0.00,0.00,0.00,1.60,0.00,1.60,0.00,56.00,346024,0,3508820,91.02,15520,2448824,1368212,35.49,1210652,2149012,312,895320,106160,2520,5352,10752,0,0,0.00,0,0.00,1,301,0.02,0.52,0.62,0,1.60,0.00,56.00,35.00,0.00,0.00,0.00,0.00,830.20,3021.20,54.12,26457.04,0.00,0.00,0.00,2.17
2018-01-05 18:12:46,0.61,0.00,0.20,0.00,0.10,0.00,0.41,0.00,0.00,98.68,0.00,1805.80,2473.60,0.00,0.00,0.00,65.60,9.00,0.00,2308.40,0.00,0.00,0.00,0.00,4.00,0.00,4.00,0.00,131.20,351288,0,3503556,90.89,15528,2443740,1368212,35.49,1210280,2144228,68,895252,105992,2512,5352,10752,0,0,0.00,0,0.00,0,300,0.02,0.51,0.62,0,4.00,0.00,131.20,32.80,0.00,0.20,0.20,0.08,497.00,1802.00,32.82,15721.21,0.00,0.00,0.00,1.29
2018-01-05 18:12:51,0.51,0.00,0.31,0.00,0.20,0.00,0.10,0.00,0.00,98.88,0.60,1975.60,2646.80,0.00,0.00,0.00,8.80,19.00,0.00,2593.60,0.00,0.00,0.00,0.00,0.40,0.00,0.40,0.00,17.60,357196,0,3497648,90.73,15536,2438648,1368212,35.49,1209984,2139444,152,895252,105916,2512,5352,10752,0,0,0.00,0,0.00,1,300,0.02,0.50,0.61,0,0.40,0.00,17.60,44.00,0.00,0.00,0.00,0.00,532.60,1912.80,35.02,16701.89,0.00,0.00,0.00,1.37
2018-01-05 18:12:56,0.61,0.00,0.30,0.00,0.10,0.00,0.30,0.00,0.00,98.68,0.00,1738.40,2298.00,0.00,0.00,0.00,5.60,17.00,0.00,1878.80,0.00,0.00,0.00,0.00,0.40,0.00,0.40,0.00,11.20,363800,0,3491044,90.56,15544,2433548,1368212,35.49,1207564,2134660,180,893132,105888,2504,5352,10752,0,0,0.00,0,0.00,0,299,0.02,0.49,0.61,0,0.40,0.00,11.20,28.00,0.00,0.00,0.00,0.00,366.80,1322.80,24.33,11523.90,0.00,0.00,0.00,0.94
2018-01-05 18:13:01,1.21,0.00,0.10,0.10,0.10,0.00,0.10,0.00,0.00,98.39,0.00,1245.80,1548.60,0.00,0.00,0.00,5.60,8.20,0.00,1177.60,0.00,0.00,0.00,0.00,0.40,0.00,0.40,0.00,11.20,368984,0,3485860,90.43,15552,2428468,1368212,35.49,1207264,2129884,224,893132,105812,2504,5352,10752,0,0,0.00,0,0.00,0,299,0.02,0.48,0.61,0,0.40,0.00,11.20,28.00,0.00,0.00,0.00,0.00,222.40,781.00,15.55,6699.37,0.00,0.00,0.00,0.55
2018-01-05 18:13:06,0.80,0.00,0.30,0.00,0.00,0.00,0.00,0.00,0.00,98.89,0.20,927.60,1049.40,0.00,0.00,0.00,5.60,16.20,0.00,965.40,0.00,0.00,0.00,0.00,0.40,0.00,0.40,0.00,11.20,376664,0,3478180,90.23,15560,2423372,1353536,35.11,1204432,2125100,256,890620,105732,2512,5352,10752,0,0,0.00,0,0.00,1,300,0.02,0.48,0.60,0,0.40,0.00,11.20,28.00,0.00,2.00,2.00,0.08,138.20,479.20,9.60,4087.43,0.00,0.00,0.00,0.33
2018-01-05 18:13:11,0.61,0.00,0.40,0.00,0.10,0.00,0.20,0.00,0.00,98.69,0.60,1249.20,1619.20,0.00,0.00,11.20,15.20,22.40,0.00,1432.00,0.00,0.00,0.00,0.00,1.20,0.20,1.00,22.40,30.40,381724,0,3473120,90.10,15560,2418344,1353536,35.11,1204068,2120388,264,890556,105688,2504,5352,10752,0,0,0.00,0,0.00,1,299,0.01,0.47,0.60,0,1.20,22.40,30.40,44.00,0.00,0.67,0.67,0.08,280.40,988.80,18.82,8554.23,0.00,0.00,0.00,0.70
2018-01-05 18:13:16,0.82,0.00,0.41,0.21,0.21,0.00,0.00,0.00,0.00,98.35,1.20,2280.20,3370.60,0.00,0.00,9914.40,7.20,30.40,0.00,3321.80,0.00,0.00,0.00,0.00,173.00,172.60,0.40,19828.80,14.40,337536,0,3517308,91.24,15568,2462824,1353536,35.11,1203908,2165156,304,890692,105668,2520,5352,10752,0,0,0.00,0,0.00,1,301,0.01,0.46,0.60,0,173.00,19828.80,14.40,114.70,0.70,4.06,0.21,3.68,742.00,2653.80,48.78,23166.10,0.00,0.00,0.00,1.90
2018-01-05 18:13:21,1.74,0.00,0.31,0.00,0.20,0.10,0.10,0.00,0.00,97.55,0.00,1910.00,2710.20,0.00,0.00,11126.40,49.60,286.00,0.00,2622.40,0.00,0.00,0.00,0.00,198.00,196.00,2.00,22252.80,99.20,288348,0,3566496,92.52,15576,2513380,1353536,35.11,1202816,2215972,120,889896,105692,2512,5352,10752,0,0,0.00,0,0.00,0,300,0.01,0.45,0.59,0,198.00,22252.80,99.20,112.89,0.73,3.71,0.25,5.04,497.40,1742.00,34.01,15018.05,0.00,0.00,0.00,1.23
2018-01-05 18:13:26,0.92,0.00,0.31,0.00,0.20,0.00,0.10,0.00,0.00,98.47,0.00,1744.80,2525.00,0.00,0.00,11509.60,14.40,10.20,0.00,1801.40,0.00,0.00,0.00,0.00,203.60,202.80,0.80,23019.20,28.80,235100,0,3619744,93.90,15584,2566872,1353536,35.11,1202572,2269680,148,889896,105660,2512,5352,10752,0,0,0.00,0,0.00,0,300,0.01,0.45,0.59,0,203.60,23019.20,28.80,113.20,0.81,3.96,0.18,3.68,386.80,1356.20,26.07,11703.17,0.00,0.00,0.00,0.96
2018-01-05 18:13:31,1.32,0.00,0.41,0.00,0.30,0.00,0.81,0.00,0.00,97.16,0.00,1948.80,3202.40,0.00,0.00,17036.80,6.40,18.80,0.00,2747.00,0.00,0.00,0.00,0.00,299.60,299.20,0.40,34073.60,12.80,156096,0,3698748,95.95,15592,2646964,1353536,35.11,1201248,2350084,196,888872,105544,2512,5352,10752,0,0,0.00,0,0.00,0,300,0.01,0.44,0.59,0,299.60,34073.60,12.80,113.77,1.17,3.91,0.18,5.52,591.80,2118.80,39.87,18390.01,0.00,0.00,0.00,1.51
2018-01-05 18:13:36,18.57,0.00,0.60,0.10,0.00,0.00,0.20,0.00,0.00,80.52,5.00,1020.80,983.20,0.00,0.00,1692.00,4.80,2260.20,0.00,10010.80,0.00,0.00,0.00,0.00,30.00,29.60,0.40,3384.00,9.60,298736,0,3556108,92.25,15600,2650204,1158664,30.06,1055604,2353760,284,743664,105340,2312,4708,10752,0,0,0.00,0,0.00,3,263,0.25,0.48,0.60,0,30.00,3384.00,9.60,113.12,0.11,3.57,0.19,0.56,78.20,192.40,7.06,1323.94,0.00,0.00,0.00,0.11
2018-01-05 18:13:41,95.09,0.00,3.11,0.00,0.00,0.00,0.00,0.00,0.00,1.81,13.40,1413.00,1018.20,0.00,0.00,767.20,49.60,10974.40,0.00,11918.20,0.00,0.00,0.00,0.00,15.00,13.40,1.60,1534.40,99.20,214556,0,3640288,94.43,15640,2649016,1323260,34.33,1140336,2352840,684,828524,105216,2336,5124,10752,0,0,0.00,0,0.00,5,278,0.63,0.56,0.62,0,15.00,1534.40,99.20,108.91,0.03,2.24,0.11,0.16,23.00,25.60,3.66,4.96,0.00,0.00,0.00,0.00
2018-01-05 18:13:46,79.12,0.00,3.92,0.00,0.00,0.00,0.50,0.00,0.00,16.47,18.20,2773.00,1960.40,0.00,0.00,1166.40,44.80,8596.80,0.40,21327.40,0.00,0.00,0.00,0.00,22.40,21.20,1.20,2332.80,89.60,353924,0,3500920,90.82,15660,2650072,1143676,29.67,1001556,2353812,1100,689636,104860,2136,4396,10752,0,0,0.00,0,0.00,2,254,0.82,0.60,0.64,0,22.40,2332.80,89.60,108.14,0.07,3.04,0.18,0.40,385.60,394.40,84.18,54.36,0.00,0.00,0.00,0.01
2018-01-05 18:13:51,39.66,0.00,1.41,1.00,0.00,0.00,0.10,0.00,0.00,57.83,8.00,986.40,907.20,0.00,0.00,768.00,28.80,2248.20,0.00,10226.20,0.00,0.00,0.00,0.00,14.40,13.60,0.80,1536.00,57.60,449172,0,3405672,88.35,15672,2648740,968320,25.12,907788,2352504,1312,595912,104784,2008,3920,10752,0,0,0.00,0,0.00,0,238,0.83,0.60,0.64,0,14.40,1536.00,57.60,110.67,0.05,3.50,1.56,2.24,139.40,144.60,35.70,17.34,0.00,0.00,0.00,0.00
