timestamp,cpu.%usr,cpu.%nice,cpu.%sys,cpu.%iowait,cpu.%steal,cpu.%irq,cpu.%soft,cpu.%guest,cpu.%gnice,cpu.%idle,task.proc/s,task.cswch/s,intr.intr/s,swap.pswpin/s,swap.pswpout/s,paging.pgpgin/s,paging.pgpgout/s,paging.fault/s,paging.majflt/s,paging.pgfree/s,paging.pgscank/s,paging.pgscand/s,paging.pgsteal/s,paging.%vmeff,io.tps,io.rtps,io.wtps,io.bread/s,io.bwrtn/s,memory.kbmemfree,memory.kbavail,memory.kbmemused,memory.%memused,memory.kbbuffers,memory.kbcached,memory.kbcommit,memory.%commit,memory.kbactive,memory.kbinact,memory.kbdirty,memory.kbanonpg,memory.kbslab,memory.kbkstack,memory.kbpgtbl,memory.kbvmused,swap.kbswpfree,swap.kbswpused,swap.%swpused,swap.kbswpcad,swap.%swpcad,load.runq-sz,load.plist-sz,load.ldavg-1,load.ldavg-5,load.ldavg-15,load.blocked,disk.tps,disk.rd_sec/s,disk.wr_sec/s,disk.avgrq-sz,disk.avgqu-sz,disk.await,disk.svctm,disk.%util,network.rxpck/s,network.txpck/s,network.rxkB/s,network.txkB/s,network.rxcmp/s,network.txcmp/s,network.rxmcst/s,network.%ifutil
2018-01-06 15:59:51,0.30,0.00,0.10,0.00,0.00,0.00,0.00,0.00,0.00,99.60,0.40,245.60,152.60,0.00,0.00,0.00,0.00,809.80,0.00,1303.00,0.00,0.00,0.00,0.00,0.00,0.00,0.00,0.00,0.00,5160044,0,3015564,36.88,27032,2372912,991664,12.13,741244,2114052,116552,455372,92588,1968,3156,18156,0,0,0.00,0,0.00,0,232,1.80,1.87,1.61,0,0.00,0.00,0.00,0.00,0.00,0.00,0.00,0.00,3.20,4.60,0.34,0.68,0.00,0.00,0.00,0.00
2018-01-06 15:59:56,1.91,0.00,0.60,0.00,0.10,0.00,0.00,0.00,0.00,97.39,14.20,402.60,320.20,0.00,0.00,0.00,21.60,7695.60,0.00,2558.80,0.00,0.00,0.00,0.00,0.60,0.00,0.60,0.00,43.20,5156568,0,3019040,36.93,27044,2372932,1008672,12.34,745520,2114076,116644,459528,92588,1968,3648,18156,0,0,0.00,0,0.00,0,235,1.66,1.84,1.60,0,0.60,0.00,43.20,72.00,0.00,1.33,1.33,0.08,8.20,9.60,1.65,1.69,0.00,0.00,0.00,0.00
2018-01-06 16:00:01,0.20,0.00,0.10,7.65,0.10,0.00,0.00,0.00,0.00,91.94,0.60,293.40,401.00,0.00,0.00,0.80,23268.00,18.00,0.00,85.40,0.00,0.00,0.00,0.00,182.80,0.20,182.60,1.60,46536.00,5156592,0,3019016,36.93,27044,2372964,1008672,12.34,745780,2114092,336,459872,92568,2016,3644,18156,0,0,0.00,0,0.00,0,238,1.61,1.82,1.60,0,182.80,1.60,46536.00,254.58,27.42,149.99,1.22,22.32,16.80,48.80,1.15,380.81,0.00,0.00,0.00,0.03
2018-01-06 16:00:06,0.10,0.00,0.10,0.30,0.00,0.00,0.00,0.00,0.00,99.50,0.00,229.20,141.00,0.00,0.00,0.00,28.00,8.60,0.00,29.20,0.00,0.00,0.00,0.00,0.80,0.00,0.80,0.00,56.00,5156484,0,3019124,36.93,27052,2372988,1008672,12.34,745796,2114116,356,459872,92572,2016,3644,18156,0,0,0.00,0,0.00,0,238,1.48,1.79,1.59,0,0.80,0.00,56.00,70.00,0.01,7.00,7.00,0.56,3.60,5.00,0.28,0.84,0.00,0.00,0.00,0.00
2018-01-06 16:00:11,0.10,0.00,0.00,0.00,0.00,0.00,0.00,0.00,0.00,99.90,0.00,233.60,147.80,0.00,0.00,0.00,48.00,7.80,0.00,27.00,0.00,0.00,0.00,0.00,7.80,0.00,7.80,0.00,96.00,5156360,0,3019248,36.93,27060,2373008,1008672,12.34,745808,2114128,156,459872,92572,2016,3644,18156,0,0,0.00,0,0.00,0,238,1.36,1.76,1.58,0,7.80,0.00,96.00,12.31,0.00,0.00,0.00,0.00,3.00,4.40,0.25,0.80,0.00,0.00,0.00,0.00
2018-01-06 16:00:16,0.00,0.00,0.10,0.00,0.10,0.00,0.00,0.00,0.00,99.80,0.00,224.80,132.00,0.00,0.00,0.00,0.00,7.60,0.00,37.80,0.00,0.00,0.00,0.00,0.00,0.00,0.00,0.00,0.00,5154296,0,3021312,36.96,27060,2373032,1008672,12.34,747660,2114148,188,461692,92572,2016,3644,18156,0,0,0.00,0,0.00,1,238,1.25,1.73,1.58,0,0.00,0.00,0.00,0.00,0.00,0.00,0.00,0.00,2.80,4.00,0.23,0.70,0.00,0.00,0.00,0.00
2018-01-06 16:00:21,0.00,0.00,0.00,0.00,0.00,0.00,0.00,0.00,0.00,100.00,0.00,231.20,139.40,0.00,0.00,0.00,37.60,7.60,0.00,27.40,0.00,0.00,0.00,0.00,1.40,0.00,1.40,0.00,75.20,5154304,0,3021304,36.96,27068,2373056,1008672,12.34,747652,2114164,36,461692,92564,2016,3644,18156,0,0,0.00,0,0.00,1,238,1.15,1.70,1.57,0,1.40,0.00,75.20,53.71,0.00,0.57,0.57,0.08,3.00,4.40,0.25,0.80,0.00,0.00,0.00,0.00
2018-01-06 16:00:26,0.20,0.00,0.00,0.00,0.00,0.00,0.00,0.00,0.00,99.80,0.00,229.40,138.20,0.00,0.00,0.00,12.00,8.60,0.00,27.00,0.00,0.00,0.00,0.00,0.60,0.00,0.60,0.00,24.00,5154076,0,3021532,36.96,27080,2373068,1008672,12.34,747652,2114164,64,461696,92556,2016,3644,18156,0,0,0.00,0,0.00,1,238,1.06,1.68,1.56,0,0.60,0.00,24.00,40.00,0.00,0.00,0.00,0.00,3.00,4.40,0.25,0.80,0.00,0.00,0.00,0.00
2018-01-06 16:00:31,88.73,0.00,3.02,0.00,0.00,0.00,0.10,0.00,0.00,8.15,20.80,1340.80,997.60,0.00,0.00,2.40,40.00,12395.00,0.00,4473.60,0.00,0.00,0.00,0.00,1.40,0.60,0.80,4.80,80.00,4934992,0,3240616,39.64,27092,2373652,1469168,17.97,963188,2114592,744,677036,93368,2360,4816,18156,0,0,0.00,0,0.00,6,283,0.97,1.65,1.55,0,1.40,4.80,80.00,60.57,0.00,1.71,1.14,0.16,30.40,31.40,83.45,3.43,0.00,0.00,0.00,0.01
2018-01-06 16:00:36,96.60,0.00,3.00,0.00,0.00,0.00,0.30,0.00,0.00,0.10,4.40,2959.80,782.80,0.00,0.00,1.60,8.00,2905.40,0.00,1699.20,0.00,0.00,0.00,0.00,0.80,0.40,0.40,3.20,16.00,4634688,0,3540920,43.31,27092,2373924,1605684,19.64,1263204,2114844,1136,977084,93640,2488,5476,18156,0,0,0.00,0,0.00,2,297,1.06,1.65,1.55,0,0.80,3.20,16.00,24.00,0.00,1.00,1.00,0.08,13.60,17.80,21.91,2.11,0.00,0.00,0.00,0.00
2018-01-06 16:00:41,95.50,0.00,4.40,0.00,0.00,0.00,0.10,0.00,0.00,0.00,0.40,1396.40,699.00,0.00,0.00,0.00,16.80,103.20,0.00,285.60,0.00,0.00,0.00,0.00,0.60,0.00,0.60,0.00,33.60,4400844,0,3774764,46.17,27104,2589992,1605684,19.64,1493384,2112556,219268,988972,99472,2432,5488,18156,0,0,0.00,0,0.00,4,291,1.13,1.66,1.56,0,0.60,0.00,33.60,56.00,0.00,0.00,0.00,0.00,4.40,7.20,0.37,1.55,0.00,0.00,0.00,0.00
2018-01-06 16:00:46,76.58,0.00,7.41,0.40,0.10,0.00,0.10,0.00,0.00,15.42,6.80,1642.40,917.00,0.00,0.00,0.00,59.20,739.80,0.00,41602.40,0.00,0.00,0.00,0.00,5.60,0.00,5.60,0.00,118.40,4841448,0,3334160,40.78,27112,2639296,1014272,12.41,1053292,2107568,273188,498648,101484,2408,3736,18156,0,0,0.00,0,0.00,2,239,1.36,1.70,1.57,0,5.60,0.00,118.40,21.14,0.00,0.71,0.71,0.40,13.40,16.60,1.91,2.84,0.00,0.00,0.00,0.00
2018-01-06 16:00:51,95.59,0.00,3.01,0.00,0.00,0.00,0.00,0.00,0.00,1.40,10.60,1120.00,788.40,0.00,0.00,0.00,19.20,10139.00,0.00,3634.40,0.00,0.00,0.00,0.00,0.60,0.00,0.60,0.00,38.40,4593220,0,3582388,43.82,27124,2634176,1478572,18.09,1308772,2102840,273580,750324,101236,2328,4968,18156,0,0,0.00,0,0.00,5,279,1.49,1.72,1.58,0,0.60,0.00,38.40,64.00,0.00,0.00,0.00,0.00,8.80,10.60,1.50,1.62,0.00,0.00,0.00,0.00
2018-01-06 16:00:56,96.20,0.00,3.50,0.00,0.00,0.00,0.20,0.00,0.00,0.10,4.60,2472.80,1039.00,0.00,0.00,0.00,614.40,1481.00,0.00,1965.40,0.00,0.00,0.00,0.00,5.80,0.00,5.80,0.00,1228.80,4287260,0,3888348,47.56,27136,2629384,1627944,19.91,1615144,2101060,270964,1059764,101544,2464,5636,18156,0,0,0.00,0,0.00,2,294,1.93,1.81,1.61,0,5.80,0.00,1228.80,211.86,0.01,1.79,0.41,0.24,54.60,81.20,20.40,558.92,0.00,0.00,0.00,0.05
2018-01-06 16:01:01,95.10,0.00,4.60,0.00,0.00,0.00,0.30,0.00,0.00,0.00,0.40,1294.80,816.40,0.00,0.00,0.00,1239.20,49.00,0.00,658.40,0.00,0.00,0.00,0.00,12.00,0.00,12.00,0.00,2478.40,4031724,0,4143884,50.69,27144,2865324,1627944,19.91,1865660,2101452,506480,1074540,107248,2464,5664,18156,0,0,0.00,0,0.00,3,294,1.94,1.81,1.61,0,12.00,0.00,2478.40,206.53,0.03,2.20,0.27,0.32,75.00,138.40,5.08,1139.75,0.00,0.00,0.00,0.09
2018-01-06 16:01:06,74.14,0.00,8.55,8.55,0.00,0.00,0.00,0.00,0.00,8.75,6.40,1625.00,1194.20,0.00,0.00,0.00,32919.20,656.40,0.00,28976.80,0.00,0.00,0.00,0.00,241.20,0.00,241.20,0.00,59080.00,4244940,0,3930668,48.08,27152,2891228,1341240,16.41,1651908,2100496,459216,834188,108912,2448,4680,18156,0,0,0.00,0,0.00,0,267,1.94,1.81,1.61,1,241.20,0.00,59080.00,244.94,48.05,146.53,1.55,37.44,85.60,115.20,6.19,851.68,0.00,0.00,0.00,0.07
2018-01-06 16:01:11,78.21,0.00,3.21,17.37,0.00,0.00,0.00,0.00,0.00,1.20,10.80,1144.40,1282.60,0.00,0.00,0.80,49155.20,10537.40,0.00,17922.40,0.00,0.00,0.00,0.00,382.00,0.20,381.80,1.60,97440.00,4311620,0,3863988,47.26,27172,2881516,1455328,17.80,1585756,2100940,213704,778100,108316,2320,4932,18156,0,0,0.00,0,0.00,7,280,2.19,1.87,1.63,1,382.00,1.60,97440.00,255.08,134.90,368.69,2.62,100.08,134.40,233.00,10.50,1904.04,0.00,0.00,0.00,0.16
2018-01-06 16:01:16,85.89,0.00,5.01,8.31,0.00,0.00,0.70,0.00,0.00,0.10,5.80,2014.60,2212.60,0.00,0.00,0.80,34116.00,2112.40,0.00,10998.40,0.00,0.00,0.00,0.00,270.00,0.20,269.80,1.60,68843.20,3969596,0,4206012,51.45,27192,2945480,1620496,19.82,1916672,2109900,117284,1053904,109244,2520,5640,18156,0,0,0.00,0,0.00,6,301,2.57,1.95,1.66,1,270.00,1.60,68843.20,254.98,133.15,490.60,3.70,100.00,2242.20,1054.00,18686.33,2481.47,0.00,0.00,0.00,1.53
2018-01-06 16:01:21,59.92,0.00,4.63,7.65,0.20,0.00,0.50,0.00,0.00,27.09,0.80,1449.00,1825.20,0.00,0.00,0.80,8624.80,170.40,0.00,6174.40,0.00,0.00,0.00,0.00,95.40,0.20,95.20,1.60,24267.20,3705716,0,4469892,54.67,27208,3166024,1649368,20.17,2167596,2116656,305492,1091260,114952,2528,5724,18156,0,0,0.00,0,0.00,2,302,2.69,1.99,1.67,0,95.40,1.60,24267.20,254.39,40.02,497.68,3.89,37.12,1217.20,766.80,9032.85,3473.16,0.00,0.00,0.00,0.74
2018-01-06 16:01:26,59.49,0.00,3.64,0.10,0.10,0.00,0.30,0.00,0.00,36.36,9.20,1308.00,1626.60,0.00,0.00,0.00,3190.40,5733.00,0.00,24449.00,0.00,0.00,0.00,0.00,26.40,0.00,26.40,0.00,6380.80,3937552,0,4238056,51.84,27216,3075760,1556148,19.03,1923344,2131860,206380,952328,112944,2456,5396,18156,0,0,0.00,0,0.00,4,295,2.47,1.95,1.66,0,26.40,0.00,6380.80,241.70,1.34,50.70,3.36,8.88,499.20,604.40,1259.31,4066.42,0.00,0.00,0.00,0.33
2018-01-06 16:01:31,74.77,0.00,4.26,0.00,0.10,0.00,0.81,0.00,0.00,20.06,0.80,2461.00,2500.00,0.00,0.00,0.00,26.40,210.60,0.00,4925.60,0.00,0.00,0.00,0.00,0.60,0.00,0.60,0.00,52.80,3652604,0,4523004,55.32,27228,3227668,1615648,19.76,2208600,2127144,363436,1080844,116840,2504,5700,18156,0,0,0.00,0,0.00,2,298,2.35,1.94,1.66,0,0.60,0.00,52.80,88.00,0.00,6.67,6.67,0.40,1018.00,615.60,8706.07,42.35,0.00,0.00,0.00,0.71
2018-01-06 16:01:36,50.05,0.00,4.65,0.00,0.20,0.00,0.20,0.00,0.00,44.89,7.20,1413.40,1637.60,0.00,0.00,0.00,3180.00,4092.60,0.00,24656.00,0.00,0.00,0.00,0.00,26.60,0.00,26.60,0.00,6360.00,3761656,0,4413952,53.99,27236,3286192,1519032,18.58,2086952,2139304,411600,912904,118528,2296,5240,18156,0,0,0.00,0,0.00,3,287,2.17,1.91,1.65,0,26.60,0.00,6360.00,239.10,2.05,77.11,5.50,14.64,539.00,539.60,1577.73,3458.99,0.00,0.00,0.00,0.28
2018-01-06 16:01:41,73.49,0.00,3.23,0.00,0.10,0.00,0.60,0.00,0.00,22.58,3.60,1774.80,2134.20,0.00,0.00,0.00,2423.20,2579.60,0.00,4078.60,0.00,0.00,0.00,0.00,29.80,0.00,29.80,0.00,4846.40,3551824,0,4623784,56.56,27248,3315560,1613264,19.73,2278468,2155364,445208,1091108,119004,2504,5704,18156,0,0,0.00,0,0.00,2,299,2.31,1.94,1.66,0,29.80,0.00,4846.40,162.63,0.92,30.87,4.13,12.32,313.00,788.20,644.71,6359.01,0.00,0.00,0.00,0.52
2018-01-06 16:01:46,54.57,0.00,4.57,0.00,0.20,0.00,0.41,0.00,0.00,40.24,7.20,1652.40,2078.80,0.00,0.00,0.00,4925.60,2774.20,0.00,24103.00,0.00,0.00,0.00,0.00,36.60,0.00,36.60,0.00,8528.00,3666708,0,4508900,55.15,27264,3397924,1513812,18.52,2138544,2176960,511684,892356,121904,2480,5156,18156,0,0,0.00,0,0.00,3,287,2.21,1.92,1.66,0,36.60,0.00,8528.00,233.01,10.90,267.06,4.77,17.44,538.00,750.80,964.85,5724.86,0.00,0.00,0.00,0.47
2018-01-06 16:01:51,80.10,0.00,2.91,2.31,0.10,0.00,0.60,0.00,0.00,13.97,3.60,2553.20,2298.80,0.00,0.00,2.40,17324.80,4927.60,0.00,6939.40,0.00,0.00,0.00,0.00,142.20,0.60,141.60,4.80,35972.80,3448932,0,4726676,57.81,27288,3393104,1628352,19.92,2360096,2173908,425472,1113496,121684,2504,5728,18156,0,0,0.00,0,0.00,2,299,2.35,1.96,1.67,0,142.20,4.80,35972.80,253.01,72.86,520.28,4.64,65.92,945.00,596.00,7778.22,316.54,0.00,0.00,0.00,0.64
2018-01-06 16:01:56,65.25,0.00,4.95,7.78,0.20,0.00,0.30,0.00,0.00,21.52,0.80,1233.00,1525.40,0.00,0.00,1.60,14076.00,134.40,0.00,2180.80,0.00,0.00,0.00,0.00,80.20,0.40,79.80,3.20,20203.20,3159412,0,5016196,61.36,27312,3671456,1658264,20.28,2640320,2176384,641128,1118116,128604,2520,5756,18156,0,0,0.00,0,0.00,2,301,2.32,1.96,1.67,1,80.20,3.20,20203.20,251.95,43.41,427.35,4.29,34.40,192.00,304.40,937.43,1977.09,0.00,0.00,0.00,0.16
2018-01-06 16:02:01,67.41,0.00,3.04,15.38,0.10,0.00,0.51,0.00,0.00,13.56,9.18,1440.32,2134.33,0.00,0.00,0.00,15749.30,7519.96,0.00,27867.86,0.00,0.00,0.00,0.00,157.68,0.00,157.68,0.00,39431.54,3384536,0,4791072,58.60,27328,3591860,1550748,18.97,2383996,2210640,497560,975296,127160,2448,5404,18156,0,0,0.00,0,0.00,1,295,2.38,1.98,1.68,0,157.68,0.00,39431.54,250.07,49.24,370.09,3.14,49.58,788.82,1240.32,1599.86,9462.35,0.00,0.00,0.00,0.78
2018-01-06 16:02:06,60.99,0.00,2.74,29.28,0.20,0.00,0.30,0.00,0.00,6.48,0.80,1770.20,1895.40,0.00,0.00,1.60,31652.80,250.00,0.00,1773.20,0.00,0.00,0.00,0.00,218.20,0.40,217.80,3.20,55432.00,3167836,0,5007772,61.25,27356,3672420,1616388,19.77,2596152,2212216,428440,1108700,128684,2496,5716,18156,0,0,0.00,0,0.00,4,298,2.35,1.98,1.68,1,218.20,3.20,55432.00,254.06,104.33,449.48,3.64,79.36,156.20,292.80,631.80,1953.09,0.00,0.00,0.00,0.16
2018-01-06 16:02:11,56.19,0.00,4.63,12.49,0.10,0.00,0.40,0.00,0.00,26.18,7.80,1901.00,2237.20,0.00,0.00,0.00,13435.20,4953.20,0.00,28177.00,0.00,0.00,0.00,0.00,139.20,0.00,139.20,0.00,34744.00,3304284,0,4871324,59.58,27368,3713716,1515848,18.54,2435256,2236296,408824,930480,130484,2408,5232,18156,0,0,0.00,0,0.00,3,288,2.24,1.96,1.68,0,139.20,0.00,34744.00,249.60,44.28,362.98,3.64,50.72,1251.40,1182.20,6276.63,5781.37,0.00,0.00,0.00,0.51
2018-01-06 16:02:16,72.12,0.00,2.83,0.00,0.20,0.00,0.20,0.00,0.00,24.65,3.00,1716.80,1842.20,0.00,0.00,0.00,980.00,1915.80,0.00,3984.20,0.00,0.00,0.00,0.00,9.20,0.00,9.20,0.00,1960.00,3069676,0,5105932,62.45,27380,3776204,1620144,19.82,2663232,2240520,476452,1100192,131564,2496,5704,18156,0,0,0.00,0,0.00,2,298,2.30,1.98,1.69,0,9.20,0.00,1960.00,213.04,0.49,53.13,5.30,4.88,253.60,450.60,1250.03,2723.06,0.00,0.00,0.00,0.22
2018-01-06 16:02:21,42.17,0.00,4.37,21.95,0.20,0.00,0.30,0.00,0.00,31.00,3.20,1512.20,2005.00,0.00,0.00,1.60,23942.40,386.40,0.00,23084.80,0.00,0.00,0.00,0.00,186.40,0.40,186.00,3.20,45614.40,3267480,0,4908128,60.03,27400,3830832,1326876,16.23,2437440,2267416,420960,846868,133416,2512,4776,18156,0,0,0.00,0,0.00,0,271,2.20,1.96,1.68,0,186.40,3.20,45614.40,244.73,62.80,336.10,3.23,60.24,431.00,903.20,959.25,6960.32,0.00,0.00,0.00,0.57
2018-01-06 16:02:26,73.86,0.00,2.63,5.07,0.10,0.00,0.20,0.00,0.00,18.14,7.40,1558.60,1936.80,0.00,0.00,1.60,20296.00,7082.80,0.00,5871.40,0.00,0.00,0.00,0.00,139.20,0.40,138.80,3.20,34977.60,3014820,0,5160788,63.12,27420,3825744,1596692,19.53,2671804,2282992,320096,1103752,133768,2496,5708,18156,0,0,0.00,0,0.00,2,298,2.18,1.96,1.68,1,139.20,3.20,34977.60,251.30,58.00,364.40,3.87,53.84,462.20,559.60,650.50,4108.17,0.00,0.00,0.00,0.34
2018-01-06 16:02:31,58.70,0.00,3.85,25.20,0.20,0.00,0.40,0.00,0.00,11.64,0.80,1897.80,1880.80,0.00,0.00,1.60,21672.00,65.60,0.00,3056.60,0.00,0.00,0.00,0.00,201.40,0.40,201.00,3.20,51228.80,2841704,0,5333904,65.24,27444,3998216,1596692,19.53,2848676,2278280,389292,1101388,137248,2488,5720,18156,0,0,0.00,0,0.00,2,300,2.09,1.95,1.68,0,201.40,3.20,51228.80,254.38,87.53,471.48,3.51,70.72,587.40,401.20,4977.57,28.22,0.00,0.00,0.00,0.41
2018-01-06 16:02:36,72.12,0.00,5.15,0.00,0.10,0.00,0.20,0.00,0.00,22.42,7.80,1410.60,1772.00,0.00,0.00,0.00,6584.80,5947.40,0.00,26361.80,0.00,0.00,0.00,0.00,54.60,0.00,54.60,0.00,13169.60,2946628,0,5228980,63.96,27460,4036812,1539552,18.83,2714396,2306216,400248,956336,139348,2416,5320,18156,0,0,0.00,0,0.00,4,291,2.16,1.96,1.69,0,54.60,0.00,13169.60,241.20,5.98,109.58,2.78,15.20,862.40,966.40,2210.18,6315.76,0.00,0.00,0.00,0.52
2018-01-06 16:02:41,62.76,0.00,2.32,16.04,0.20,0.00,0.10,0.00,0.00,18.57,2.20,1625.60,1626.80,0.00,0.00,24576.00,16320.00,709.40,0.00,1438.40,0.00,0.00,0.00,0.00,293.00,192.00,101.00,49152.00,25508.80,2613388,0,5562220,68.03,27472,4226980,1607640,19.66,2927084,2424500,391348,1097072,140648,2496,5700,18156,0,0,0.00,0,0.00,2,297,2.15,1.96,1.69,1,293.20,49152.00,25560.00,254.82,58.36,176.07,1.53,44.72,8.80,13.00,4.42,2.21,0.00,0.00,0.00,0.00
2018-01-06 16:02:46,57.66,0.00,4.57,4.97,0.00,0.00,0.20,0.00,0.00,32.59,7.80,1551.20,1997.40,0.00,0.00,0.80,11560.00,4723.00,0.00,25511.80,0.00,0.00,0.00,0.00,121.80,0.20,121.60,1.60,30251.20,2717816,0,5457792,66.76,27492,4285868,1508936,18.46,2793316,2452496,397548,932304,143040,2400,5240,18156,0,0,0.00,0,0.00,3,287,1.97,1.93,1.68,0,121.60,1.60,30200.00,248.37,32.21,320.20,3.53,42.96,852.00,964.00,2169.23,6321.60,0.00,0.00,0.00,0.52
2018-01-06 16:02:51,72.04,0.00,2.94,0.00,0.20,0.00,0.51,0.00,0.00,24.32,3.00,1870.00,1968.80,0.00,0.00,0.00,74.40,2238.00,0.00,4496.00,0.00,0.00,0.00,0.00,2.00,0.00,2.00,0.00,148.80,2486504,0,5689104,69.59,27504,4344628,1618372,19.80,3026516,2447876,461256,1102456,143844,2496,5716,18156,0,0,0.00,0,0.00,2,298,1.82,1.90,1.67,0,2.00,0.00,148.80,74.40,0.00,1.20,0.40,0.08,525.60,401.00,4429.74,28.22,0.00,0.00,0.00,0.36
2018-01-06 16:02:56,42.64,0.00,3.86,21.73,0.20,0.00,0.10,0.00,0.00,31.47,7.20,1522.80,1992.20,0.00,0.00,0.80,26362.40,2474.00,0.00,22551.60,0.00,0.00,0.00,0.00,215.80,0.20,215.60,1.60,52520.00,2660072,0,5515536,67.46,27520,4395836,1507164,18.43,2831212,2469240,386128,877120,146240,2488,4988,18156,0,0,0.00,0,0.00,3,286,1.75,1.88,1.67,0,216.00,1.60,52571.20,243.39,72.34,334.54,3.27,70.56,605.40,688.60,855.25,5067.37,0.00,0.00,0.00,0.42
2018-01-06 16:03:01,78.81,0.00,2.52,0.20,0.20,0.00,0.30,0.00,0.00,17.96,3.60,1698.40,1650.20,0.00,0.00,0.00,512.80,4770.60,0.00,4638.80,0.00,0.00,0.00,0.00,5.80,0.00,5.80,0.00,1230.40,2437168,0,5738440,70.19,27532,4390840,1613920,19.74,3054352,2467396,383740,1103428,146372,2496,5720,18156,0,0,0.00,0,0.00,3,298,1.85,1.90,1.67,0,5.60,0.00,1179.20,210.57,1.51,285.29,50.57,28.32,188.80,188.60,1133.67,497.44,0.00,0.00,0.00,0.09
2018-01-06 16:03:06,48.48,0.00,5.07,17.04,0.10,0.00,0.51,0.00,0.00,28.80,5.20,1466.60,1843.00,0.00,0.00,2.40,21447.20,1371.00,0.00,22132.40,0.00,0.00,0.00,0.00,142.00,0.60,141.40,4.80,35969.60,2570112,0,5605496,68.56,27552,4505668,1314940,16.08,2902640,2483580,396724,852892,149728,2520,4936,18156,0,0,0.00,0,0.00,0,276,1.94,1.92,1.68,2,142.00,4.80,35969.60,253.34,54.29,332.02,2.79,39.60,566.20,662.40,1666.92,4046.19,0.00,0.00,0.00,0.33
2018-01-06 16:03:11,64.49,0.00,3.62,21.53,0.10,0.00,0.10,0.00,0.00,10.16,3.60,1076.00,1320.60,0.00,0.00,2.40,16314.40,4656.80,0.00,4670.40,0.00,0.00,0.00,0.00,156.40,0.60,155.80,4.80,39553.60,2373772,0,5801836,70.97,27580,4585372,1539816,18.83,3094916,2486720,399968,968680,150708,2432,5404,18156,0,0,0.00,0,0.00,3,292,1.95,1.92,1.68,0,156.40,4.80,39553.60,252.93,76.67,535.90,4.08,63.76,652.80,555.60,4386.93,1542.88,0.00,0.00,0.00,0.36
2018-01-06 16:03:16,63.07,0.00,3.03,13.42,0.20,0.00,0.61,0.00,0.00,19.68,2.40,1686.40,1782.60,0.00,0.00,0.80,15697.60,663.00,0.00,996.20,0.00,0.00,0.00,0.00,93.60,0.20,93.40,1.60,23612.80,2114608,0,6061000,74.14,27600,4701212,1602388,19.60,3354708,2481992,442512,1108032,153984,2496,5728,18156,0,0,0.00,0,0.00,2,299,1.95,1.92,1.68,1,93.60,1.60,23612.80,252.29,55.29,480.64,4.17,39.04,72.80,67.60,554.44,5.96,0.00,0.00,0.00,0.05
2018-01-06 16:03:21,51.26,0.00,4.15,6.07,0.10,0.00,0.51,0.00,0.00,37.92,7.60,1407.60,1798.40,0.00,0.00,0.00,10876.00,4992.00,0.00,24398.60,0.00,0.00,0.00,0.00,119.40,0.00,119.40,0.00,29534.40,2276908,0,5898700,72.15,27620,4695264,1520856,18.60,3169152,2506140,387596,952424,153688,2408,5332,18156,0,0,0.00,0,0.00,0,288,2.04,1.94,1.69,0,119.40,0.00,29534.40,247.36,34.37,374.11,3.97,47.44,707.00,805.00,1406.00,5582.48,0.00,0.00,0.00,0.46
2018-01-06 16:03:26,64.47,0.00,2.94,0.00,0.20,0.00,0.30,0.00,0.00,32.09,2.80,1825.40,1776.40,0.00,0.00,0.00,49.60,1642.60,0.00,2477.80,0.00,0.00,0.00,0.00,1.00,0.00,1.00,0.00,99.20,2062788,0,6112820,74.77,27632,4762500,1610676,19.70,3385728,2501636,459796,1097268,155312,2496,5724,18156,0,0,0.00,0,0.00,2,298,1.95,1.93,1.69,0,1.00,0.00,99.20,99.20,0.00,1.60,0.80,0.08,108.60,83.80,862.53,6.86,0.00,0.00,0.00,0.07
2018-01-06 16:03:31,31.00,0.00,3.44,15.81,0.10,0.00,0.51,0.00,0.00,49.14,3.40,1210.00,1517.60,0.00,0.00,0.80,22313.60,346.00,0.00,21474.80,0.00,0.00,0.00,0.00,183.40,0.20,183.20,1.60,44627.20,2266364,0,5909244,72.28,27652,4806116,1316692,16.11,3156504,2525312,396096,848052,157228,2280,4820,18156,0,0,0.00,0,0.00,1,271,1.80,1.89,1.68,0,183.40,1.60,44627.20,243.34,60.29,328.74,3.14,57.52,595.60,740.80,1123.03,5537.23,0.00,0.00,0.00,0.45
2018-01-06 16:03:36,0.71,0.00,0.20,27.32,0.10,0.00,0.00,0.00,0.00,71.67,0.00,509.60,451.00,0.00,0.00,3.20,20262.40,8.40,0.00,700.20,0.00,0.00,0.00,0.00,132.40,0.80,131.60,6.40,33612.80,2271628,0,5903980,72.21,27680,4801064,1316692,16.11,3155952,2520848,294972,848056,157088,2280,4820,18156,0,0,0.00,0,0.00,1,271,1.89,1.91,1.69,1,132.40,6.40,33612.80,253.92,53.26,339.16,3.47,46.00,105.00,69.60,856.94,5.92,0.00,0.00,0.00,0.07
2018-01-06 16:03:41,0.30,0.00,0.10,3.73,0.10,0.00,0.00,0.00,0.00,95.77,0.00,518.60,401.60,0.00,0.00,0.00,3768.00,8.40,0.00,734.40,0.00,0.00,0.00,0.00,57.00,0.00,57.00,0.00,14448.00,2276988,0,5898620,72.15,27688,4795968,1316692,16.11,3155708,2516004,276144,848060,156940,2280,4820,18156,0,0,0.00,0,0.00,1,271,1.74,1.88,1.68,0,57.00,0.00,14448.00,253.47,17.93,461.22,3.23,18.40,113.60,73.40,934.99,6.01,0.00,0.00,0.00,0.08
2018-01-06 16:03:46,0.40,0.00,0.10,24.02,0.00,0.00,0.00,0.00,0.00,75.48,0.00,465.80,426.60,0.00,0.00,2.40,16943.20,8.40,0.00,578.20,0.00,0.00,0.00,0.00,133.20,0.60,132.60,4.80,33886.40,2282112,0,5893496,72.09,27700,4790888,1316692,16.11,3155420,2511264,191468,848060,156684,2280,4820,18156,0,0,0.00,0,0.00,1,271,1.60,1.85,1.67,0,133.20,4.80,33886.40,254.44,73.20,549.54,4.40,58.64,73.20,53.20,581.63,4.72,0.00,0.00,0.00,0.05
2018-01-06 16:03:51,0.61,0.00,0.10,19.58,0.10,0.00,0.00,0.00,0.00,79.62,0.00,511.00,452.40,0.00,0.00,0.80,18232.80,10.00,0.00,730.00,0.00,0.00,0.00,0.00,129.40,0.20,129.20,1.60,32651.20,2287220,0,5888388,72.02,27716,4785820,1316692,16.11,3155044,2506552,100360,848064,156600,2280,4820,18156,0,0,0.00,0,0.00,1,271,1.55,1.84,1.66,0,129.40,1.60,32651.20,252.34,59.88,421.51,3.34,43.28,113.60,73.60,937.37,6.19,0.00,0.00,0.00,0.08
2018-01-06 16:03:56,0.50,0.00,0.00,2.12,0.10,0.00,0.00,0.00,0.00,97.28,0.00,490.00,378.60,0.00,0.00,0.00,12.80,9.20,0.00,836.40,0.00,0.00,0.00,0.00,16.00,0.00,16.00,0.00,3840.00,2292496,0,5883112,71.96,27724,4780724,1316692,16.11,3154744,2501768,100476,848064,156420,2280,4820,18156,0,0,0.00,0,0.00,0,271,1.43,1.81,1.66,0,16.00,0.00,3840.00,240.00,1.97,456.80,3.45,5.52,113.40,76.80,932.27,6.22,0.00,0.00,0.00,0.08
2018-01-06 16:04:01,0.80,0.00,0.10,1.71,0.00,0.00,0.00,0.00,0.00,97.38,0.00,494.00,340.80,0.00,0.00,0.00,4162.40,8.00,0.00,731.40,0.00,0.00,0.00,0.00,14.40,0.00,14.40,0.00,3364.80,2297648,0,5877960,71.90,27736,4775628,1316692,16.11,3154336,2497088,79676,848068,156348,2280,4820,18156,0,0,0.00,0,0.00,0,271,1.31,1.78,1.65,1,14.40,0.00,3364.80,233.67,4.58,66.89,2.28,3.28,114.20,86.40,938.56,6.92,0.00,0.00,0.00,0.08
2018-01-06 16:04:06,23.06,0.00,0.81,18.33,0.10,0.00,0.00,0.00,0.00,57.70,4.40,543.60,653.20,0.00,0.00,0.00,15943.20,4191.00,0.00,1604.80,0.00,0.00,0.00,0.00,150.00,0.00,150.00,0.00,36846.40,2219348,0,5956260,72.85,27748,4770548,1503520,18.39,3237780,2492348,160,931844,156368,2384,5224,18156,0,0,0.00,0,0.00,3,287,1.21,1.75,1.64,0,150.00,0.00,36846.40,245.64,57.95,410.41,3.15,47.20,6.40,8.80,1.19,1.87,0.00,0.00,0.00,0.00
2018-01-06 16:04:11,72.41,0.00,2.64,0.00,0.10,0.00,0.41,0.00,0.00,24.44,2.80,856.40,2324.00,0.00,0.00,0.00,25.60,1539.00,0.00,10171.60,0.00,0.00,0.00,0.00,0.60,0.00,0.60,0.00,51.20,1978632,0,6196976,75.80,27760,4837760,1602672,19.60,3477036,2487756,72616,1099280,157840,2488,5712,18156,0,0,0.00,0,0.00,2,297,1.27,1.75,1.64,0,0.60,0.00,51.20,85.33,0.00,0.00,0.00,0.00,2213.80,663.20,19355.76,44.48,0.00,0.00,0.00,1.59
2018-01-06 16:04:16,44.40,0.00,3.43,0.10,0.10,0.00,0.40,0.00,0.00,51.56,3.40,1327.40,2270.40,0.00,0.00,0.80,4575.20,422.20,0.00,27354.00,0.00,0.00,0.00,0.00,30.40,0.20,30.20,1.60,7214.40,2172764,0,6002844,73.42,27776,4896696,1314180,16.07,3258608,2514060,114252,848192,160068,2264,4872,18156,0,0,0.00,0,0.00,1,271,1.25,1.74,1.64,0,30.40,1.60,7214.40,237.37,6.72,141.26,3.26,9.92,1643.00,1075.60,9878.51,6034.98,0.00,0.00,0.00,0.81
2018-01-06 16:04:21,0.40,0.00,0.10,0.00,0.00,0.00,0.00,0.00,0.00,99.50,0.00,331.80,254.40,0.00,0.00,0.00,288.80,7.80,0.00,419.60,0.00,0.00,0.00,0.00,10.40,0.00,10.40,0.00,2513.60,2178100,0,5997508,73.36,27776,4891620,1314180,16.07,3256496,2510960,112516,848072,159900,2280,4820,18156,0,0,0.00,0,0.00,1,271,1.15,1.71,1.63,0,10.40,0.00,2513.60,241.69,0.87,316.38,4.69,4.88,34.00,41.40,2.48,293.72,0.00,0.00,0.00,0.02
2018-01-06 16:04:26,0.40,0.00,0.10,0.00,0.10,0.00,0.00,0.00,0.00,99.40,0.00,524.80,410.00,0.00,0.00,0.00,20.80,10.60,0.00,881.20,0.00,0.00,0.00,0.00,1.20,0.00,1.20,0.00,41.60,2183192,0,5992416,73.30,27784,4886528,1314180,16.07,3256124,2506248,112532,848072,159784,2280,4820,18156,0,0,0.00,0,0.00,1,271,1.06,1.68,1.62,0,1.20,0.00,41.60,34.67,0.00,0.67,0.67,0.08,150.80,114.20,1244.20,8.70,0.00,0.00,0.00,0.10
2018-01-06 16:04:31,38.35,0.00,1.41,0.00,0.00,0.00,0.10,0.00,0.00,60.14,5.00,731.80,683.60,0.00,0.00,0.00,13.60,5167.00,0.00,2276.60,0.00,0.00,0.00,0.00,0.60,0.00,0.60,0.00,27.20,2082392,0,6093216,74.53,27800,4881524,1533436,18.76,3362748,2501516,112680,955088,159744,2408,5320,18156,0,0,0.00,0,0.00,3,290,1.21,1.70,1.63,0,0.60,0.00,27.20,45.33,0.00,0.00,0.00,0.00,81.00,60.40,626.53,5.40,0.00,0.00,0.00,0.05
2018-01-06 16:04:36,65.99,0.00,2.23,0.51,0.10,0.00,1.02,0.00,0.00,30.15,2.20,1002.80,2939.00,0.00,0.00,0.00,64.80,714.40,0.00,13356.60,0.00,0.00,0.00,0.00,1.40,0.00,1.40,0.00,129.60,1865288,0,6310320,77.18,27812,4948736,1600688,19.58,3582156,2496964,184748,1102636,160960,2488,5716,18156,0,0,0.00,0,0.00,2,297,1.36,1.72,1.63,0,1.40,0.00,129.60,92.57,0.01,8.00,4.00,0.56,3084.20,829.00,27042.04,55.07,0.00,0.00,0.00,2.22
2018-01-06 16:04:41,35.46,0.00,3.75,0.10,0.10,0.00,0.10,0.00,0.00,60.49,3.40,1189.80,1504.40,0.00,0.00,1.60,6052.00,399.20,0.00,23626.60,0.00,0.00,0.00,0.00,55.40,0.40,55.00,3.20,12104.00,2058604,0,6117004,74.82,27832,5007624,1309800,16.02,3358628,2524856,218652,848088,163192,2280,4820,18156,0,0,0.00,0,0.00,1,271,1.25,1.70,1.62,0,55.40,3.20,12104.00,218.54,8.60,155.18,2.89,16.00,664.40,829.20,967.20,6319.30,0.00,0.00,0.00,0.52
2018-01-06 16:04:46,7.06,0.00,1.31,23.59,0.10,0.00,0.10,0.00,0.00,67.84,0.00,533.60,577.40,0.00,0.00,0.00,22456.00,8.80,0.00,979.60,0.00,0.00,0.00,0.00,177.80,0.00,177.80,0.00,44912.00,1976860,0,6198748,75.82,27848,5088072,1309800,16.02,3443732,2520220,192204,848100,164548,2280,4820,18156,0,0,0.00,0,0.00,1,271,1.23,1.68,1.62,0,177.80,0.00,44912.00,252.60,75.69,425.69,3.17,56.32,150.20,131.80,1237.06,9.91,0.00,0.00,0.00,0.10
2018-01-06 16:04:51,0.50,0.00,0.10,0.00,0.00,0.00,0.00,0.00,0.00,99.40,0.00,488.60,304.20,0.00,0.00,0.00,12.80,8.20,0.00,732.60,0.00,0.00,0.00,0.00,0.60,0.00,0.60,0.00,25.60,1981992,0,6193616,75.76,27860,5082980,1309800,16.02,3443456,2515408,192252,848100,164428,2280,4820,18156,0,0,0.00,0,0.00,1,271,1.13,1.66,1.61,0,0.60,0.00,25.60,42.67,0.00,1.33,1.33,0.08,114.20,99.60,934.28,7.86,0.00,0.00,0.00,0.08
2018-01-06 16:04:56,0.10,0.00,0.10,0.00,0.10,0.00,0.00,0.00,0.00,99.70,0.00,393.00,276.00,0.00,0.00,0.00,15.20,9.40,0.00,585.60,0.00,0.00,0.00,0.00,1.20,0.00,1.20,0.00,30.40,1987048,0,6188560,75.70,27868,5077884,1309800,16.02,3443148,2510732,192276,848100,164340,2280,4820,18156,0,0,0.00,0,0.00,0,271,1.04,1.63,1.60,0,1.20,0.00,30.40,25.33,0.00,0.67,0.67,0.08,77.40,68.60,622.87,5.62,0.00,0.00,0.00,0.05
2018-01-06 16:05:01,36.38,0.00,1.31,0.80,0.00,0.00,0.00,0.00,0.00,61.51,5.40,701.40,721.60,0.00,0.00,0.00,40.00,5345.80,0.00,2554.80,0.00,0.00,0.00,0.00,0.80,0.00,0.80,0.00,80.00,1888660,0,6286948,76.90,27876,5072856,1530808,18.72,3547488,2506148,192396,952800,164404,2408,5320,18156,0,0,0.00,0,0.00,4,290,1.20,1.65,1.61,0,0.80,0.00,80.00,100.00,0.06,70.00,35.00,2.80,80.80,77.40,619.48,6.50,0.00,0.00,0.00,0.05
2018-01-06 16:05:06,70.02,0.00,2.34,0.00,0.00,0.00,0.30,0.00,0.00,27.34,2.20,738.80,2693.20,0.00,0.00,0.00,17.60,988.40,0.00,12457.40,0.00,0.00,0.00,0.00,0.80,0.00,0.80,0.00,35.20,1667428,0,6508180,79.60,27888,5140128,1594312,19.50,3769468,2501492,264832,1103128,166128,2488,5712,18156,0,0,0.00,0,0.00,3,297,1.18,1.64,1.61,0,0.80,0.00,35.20,44.00,0.00,1.00,1.00,0.08,2746.40,801.00,24069.88,53.16,0.00,0.00,0.00,1.97
2018-01-06 16:05:11,27.77,0.00,3.15,8.34,0.20,0.00,0.00,0.00,0.00,60.53,3.40,1158.00,1497.80,0.00,0.00,0.80,13792.80,406.80,0.00,22330.00,0.00,0.00,0.00,0.00,98.80,0.20,98.60,1.60,24393.60,1879104,0,6296504,77.02,27900,5182668,1300712,15.91,3533296,2525416,243808,848104,167488,2280,4820,18156,0,0,0.00,0,0.00,0,271,1.09,1.61,1.60,4,98.80,1.60,24393.60,246.91,24.21,204.22,2.58,25.52,590.40,721.20,620.23,5555.61,0.00,0.00,0.00,0.46
2018-01-06 16:05:16,1.92,0.00,0.20,40.65,0.10,0.00,0.10,0.00,0.00,57.03,3.80,550.80,611.80,0.00,0.00,1.60,30237.60,1439.60,0.00,844.40,0.00,0.00,0.00,0.00,257.20,0.40,256.80,3.20,63667.20,1871044,0,6304564,77.11,27920,5177752,1483072,18.14,3547716,2520704,92556,862732,167392,2280,4992,18156,0,0,0.00,0,0.00,4,286,1.08,1.60,1.60,0,257.20,3.20,63667.20,247.55,112.21,451.95,3.47,89.36,107.80,95.20,865.77,7.56,0.00,0.00,0.00,0.07
2018-01-06 16:05:21,80.12,0.00,2.42,0.00,0.10,0.00,0.50,0.00,0.00,16.85,3.40,851.00,2346.00,0.00,0.00,0.00,0.00,5111.60,0.00,12690.80,0.00,0.00,0.00,0.00,0.00,0.00,0.00,0.00,0.00,1640988,0,6534620,79.93,27924,5172776,1588112,19.43,3774672,2516160,92832,1092108,167628,2488,5704,18156,0,0,0.00,0,0.00,4,297,1.23,1.63,1.60,0,0.00,0.00,0.00,0.00,0.00,0.00,0.00,0.00,2123.20,623.20,18581.83,41.73,0.00,0.00,0.00,1.52
2018-01-06 16:05:26,51.47,0.00,4.55,0.20,0.10,0.00,0.30,0.00,0.00,43.38,5.20,1392.40,2070.60,0.00,0.00,0.00,4536.00,1312.60,0.00,25115.20,0.00,0.00,0.00,0.00,20.40,0.00,20.40,0.00,4844.80,1779156,0,6396452,78.24,27944,5288576,1301068,15.91,3620184,2536140,190428,839704,170752,2512,4920,18156,0,0,0.00,0,0.00,0,276,1.21,1.62,1.60,1,20.40,0.00,4844.80,237.49,5.18,106.75,3.61,7.36,1153.60,808.80,6264.94,4781.99,0.00,0.00,0.00,0.51
2018-01-06 16:05:31,72.99,0.00,4.26,3.86,0.10,0.00,0.71,0.00,0.00,18.07,7.00,1712.60,2311.60,0.00,0.00,0.00,819.20,5228.00,0.00,19141.00,0.00,0.00,0.00,0.00,25.40,0.00,25.40,0.00,5865.60,1455320,0,6720288,82.20,27956,5340412,1630364,19.94,3922320,2555780,249348,1109968,171520,2552,5772,18156,0,0,0.00,0,0.00,2,303,1.28,1.62,1.60,0,25.40,0.00,5865.60,230.93,2.25,207.02,2.43,6.16,3382.20,1528.80,27987.66,5800.15,0.00,0.00,0.00,2.29
2018-01-06 16:05:36,57.33,0.00,6.97,0.31,0.21,0.00,2.26,0.00,0.00,32.92,0.00,3249.20,4334.60,0.00,0.00,48.00,1040.80,161.80,0.00,34106.00,0.00,0.00,0.00,0.00,9.80,0.40,9.40,96.00,2081.60,1085264,0,7090344,86.73,27968,5683268,1630364,19.94,4247564,2587452,604932,1123900,179972,2536,5752,18156,0,0,0.00,0,0.00,3,303,1.26,1.61,1.60,0,9.80,96.00,2081.60,222.20,0.37,38.20,3.67,3.60,8287.40,3329.00,69835.76,5391.53,0.00,0.00,0.00,5.72
2018-01-06 16:05:41,13.37,0.00,2.67,5.25,0.21,0.00,0.41,0.00,0.00,78.09,0.00,1904.40,3456.40,0.00,0.00,8.00,8284.00,36.60,0.00,11102.40,0.00,0.00,0.00,0.00,70.40,0.20,70.20,16.00,16568.00,1047528,0,7128080,87.19,27984,5723336,1613516,19.74,4184184,2693464,648544,1126376,179064,2536,5780,18156,0,0,0.00,0,0.00,1,303,1.15,1.59,1.59,0,70.40,16.00,16568.00,235.57,17.77,252.35,2.88,20.24,2060.20,4057.60,10730.62,30047.14,0.00,0.00,0.00,2.46
2018-01-06 16:05:46,78.92,0.00,6.83,0.00,0.10,0.00,1.00,0.00,0.00,13.15,4.00,5846.00,3101.60,0.00,0.00,105.60,35948.80,3271.20,0.00,10861.40,0.00,0.00,0.00,0.00,257.60,2.00,255.60,211.20,64155.20,872108,0,7303500,89.33,28012,5866896,1613516,19.74,4176036,2877288,663352,1158632,179984,2552,5828,18156,0,0,0.00,0,0.00,4,305,1.78,1.71,1.63,1,257.80,211.20,64206.40,249.87,119.55,415.50,3.26,84.08,823.00,3223.20,584.34,27712.63,0.00,0.00,0.00,2.27
2018-01-06 16:05:51,81.56,0.00,8.82,8.02,0.00,0.00,1.50,0.00,0.00,0.10,1.20,11336.60,3353.40,0.00,0.00,4.80,38097.60,48.20,0.00,13509.60,0.00,0.00,0.00,0.00,301.20,1.20,300.00,9.60,76513.60,684464,0,7491144,91.63,28052,6078220,1613516,19.74,4035432,3201660,730592,1131060,183836,2552,5804,18156,0,0,0.00,0,0.00,2,305,1.96,1.75,1.64,1,301.00,9.60,76462.40,254.06,136.46,473.40,3.32,100.00,732.20,3037.20,50.99,26575.87,0.00,0.00,0.00,2.18
2018-01-06 16:05:56,78.16,0.00,10.82,9.52,0.00,0.00,1.50,0.00,0.00,0.00,1.20,11560.60,4654.40,0.00,0.00,56.00,35636.00,42.20,0.00,14151.80,0.00,0.00,0.00,0.00,281.80,1.60,280.20,112.00,71579.20,454108,0,7721500,94.45,28092,6310432,1613516,19.74,3952232,3509460,828300,1123504,188892,2552,5800,18156,0,0,0.00,0,0.00,3,305,2.12,1.78,1.65,1,281.80,112.00,71579.20,254.40,136.28,459.53,3.55,100.00,945.80,2331.00,63.67,20358.63,0.00,0.00,0.00,1.67
2018-01-06 16:06:01,79.84,0.00,10.13,8.43,0.00,0.00,1.50,0.00,0.00,0.10,1.20,12222.60,2892.80,0.00,0.00,36.80,29739.20,1004.80,0.00,11872.00,0.00,0.00,0.00,0.00,239.80,1.00,238.80,73.60,60388.80,190824,0,7984784,97.67,28120,6559660,1613516,19.74,3917560,3802148,961904,1132240,195020,2552,5804,18156,0,0,0.00,0,0.00,1,305,2.27,1.82,1.67,7,239.80,73.60,60440.00,252.35,136.57,593.52,4.17,100.00,585.80,1576.40,39.27,13773.84,0.00,0.00,0.00,1.13
2018-01-06 16:06:06,66.06,0.00,9.16,22.56,0.10,0.00,0.40,0.00,0.00,1.71,14.00,6675.20,2697.80,0.00,0.00,3.20,37012.80,6886.60,0.00,93262.00,1464.20,0.00,1447.20,98.84,290.20,0.80,289.40,6.40,73012.80,1644348,0,6531260,79.89,28136,5564744,1361952,16.66,2360280,3930992,882292,698364,171316,2152,4460,18156,0,0,0.00,0,0.00,5,271,2.41,1.86,1.68,1,290.20,6.40,72961.60,251.44,138.09,477.03,3.45,100.00,142.40,627.60,11.26,5337.70,0.00,0.00,0.00,0.44
2018-01-06 16:06:11,80.96,0.00,3.21,13.43,0.10,0.00,0.60,0.00,0.00,1.70,5.40,1667.20,2366.80,0.00,0.00,2.40,38873.60,6637.60,0.00,12918.20,0.00,0.00,0.00,0.00,317.00,0.60,316.40,4.80,78003.20,1461288,0,6714320,82.13,28156,5534912,1533508,18.76,2498484,3973736,688736,909224,169992,2424,5112,18156,0,0,0.00,0,0.00,6,292,2.46,1.88,1.69,1,317.00,4.80,78003.20,246.08,133.72,416.99,3.15,100.00,1768.60,1553.80,10976.08,10003.71,0.00,0.00,0.00,0.90
2018-01-06 16:06:16,88.70,0.00,8.80,0.00,0.00,0.00,2.50,0.00,0.00,0.00,3.20,2707.60,5311.60,0.00,0.00,5.60,35888.80,885.60,0.00,35844.40,0.00,0.00,0.00,0.00,280.40,1.40,279.00,11.20,70928.00,1079572,0,7096036,86.80,28176,5697712,1631276,19.95,2754636,4103396,755708,1132428,167676,2544,5772,18156,0,0,0.00,0,0.00,3,304,2.50,1.89,1.69,1,280.40,11.20,70928.00,252.99,134.04,473.67,3.48,97.68,7615.00,6269.20,54238.46,42042.37,0.00,0.00,0.00,4.44
2018-01-06 16:06:21,72.38,0.00,9.68,13.91,0.10,0.00,3.43,0.00,0.00,0.50,0.00,3252.60,5961.40,0.00,0.00,167.20,32795.20,58.80,0.00,41889.80,0.00,0.00,0.00,0.00,263.80,2.40,261.40,334.40,66491.20,860380,0,7315228,89.48,28200,5894344,1631276,19.95,2789024,4289004,892760,1155592,167348,2544,5820,18156,0,0,0.00,0,0.00,2,304,3.02,2.01,1.73,1,263.80,334.40,66491.20,253.32,133.27,521.20,3.79,100.00,9056.00,8046.00,64078.25,55095.92,0.00,0.00,0.00,5.25
2018-01-06 16:06:26,68.32,0.00,12.63,10.97,0.31,0.00,4.35,0.00,0.00,3.42,0.00,8970.00,9255.60,0.00,0.00,138.40,38525.60,65.20,0.00,39775.80,0.00,0.00,0.00,0.00,301.60,1.60,300.00,276.80,76744.00,611004,0,7564604,92.53,28232,6136676,1631276,19.95,2921060,4402820,1007472,1159176,171256,2544,5816,18156,0,0,0.00,0,0.00,4,297,2.94,2.01,1.73,1,301.80,276.80,76795.20,255.37,136.98,431.20,3.31,100.00,9005.00,7249.80,64666.67,36546.29,0.00,0.00,0.00,5.30
2018-01-06 16:06:31,85.86,0.00,9.83,1.00,0.00,0.00,2.41,0.00,0.00,0.90,3.40,6135.60,4729.40,0.00,0.00,2.40,41391.20,168.20,0.00,20063.80,0.00,0.00,0.00,0.00,329.20,0.60,328.60,4.80,83089.60,368036,0,7807572,95.50,28260,6394768,1596052,19.52,2951520,4611088,1131688,1139716,175008,2496,5780,18156,0,0,0.00,0,0.00,3,303,3.11,2.06,1.75,1,329.00,4.80,83038.40,252.41,132.45,426.79,3.04,100.00,3090.80,5019.20,17360.07,39121.64,0.00,0.00,0.00,3.20
2018-01-06 16:06:36,88.59,0.00,9.41,0.40,0.00,0.00,1.60,0.00,0.00,0.00,1.20,10138.60,4126.20,0.00,0.00,24.80,37560.80,995.00,0.00,13900.40,0.00,0.00,0.00,0.00,296.60,0.60,296.00,49.60,75326.40,182672,0,7992936,97.77,28276,6601272,1541132,18.85,2839948,4903164,1185764,1113768,179376,2560,5760,18156,0,0,0.00,0,0.00,3,306,3.10,2.08,1.76,1,296.60,49.60,75326.40,254.13,139.08,450.95,3.37,100.00,560.20,2405.60,37.83,21016.10,0.00,0.00,0.00,1.72
2018-01-06 16:06:41,78.30,0.00,11.10,8.60,0.00,0.00,2.00,0.00,0.00,0.00,1.20,11240.60,5029.40,0.00,0.00,292.80,38876.80,41.80,0.00,22437.00,8024.00,0.00,8015.00,99.89,301.60,2.80,298.80,585.60,76268.80,147632,0,8027976,98.19,28288,6654968,1524728,18.65,2677436,5097048,1256680,1091208,182236,2560,5756,18156,0,0,0.00,0,0.00,3,306,3.09,2.09,1.77,1,301.60,585.60,76268.80,254.82,135.84,459.20,3.32,100.00,781.00,3692.60,52.14,32296.19,0.00,0.00,0.00,2.65
2018-01-06 16:06:46,47.94,0.00,3.70,45.83,0.11,0.00,0.84,0.00,0.00,1.58,1.20,5916.20,2401.40,0.00,0.00,277.60,33280.80,291.00,0.00,17577.20,7609.40,0.00,7596.60,99.83,272.20,8.20,264.00,555.20,67425.60,128052,0,8047556,98.43,28304,6656928,1508124,18.45,2666536,5124868,1263916,1106372,185604,2560,5768,18156,0,0,0.00,0,0.00,2,306,3.16,2.12,1.78,3,272.20,555.20,67425.60,249.75,138.94,516.70,3.67,100.00,409.00,928.20,27.02,8029.38,0.00,0.00,0.00,0.66
2018-01-06 16:06:51,27.87,0.00,1.11,66.00,0.33,0.00,0.45,0.00,0.00,4.24,0.60,3275.40,2356.20,0.00,0.00,12.00,37954.40,214.20,0.00,16264.60,7449.20,0.00,7384.20,99.13,303.60,2.60,301.00,20.80,75915.20,133844,0,8041764,98.36,28332,6638500,1508124,18.45,2644648,5138224,1218952,1116356,187812,2560,5776,18156,0,0,0.00,0,0.00,2,306,3.23,2.16,1.79,4,303.60,20.80,75915.20,250.12,139.37,454.80,3.29,100.00,315.80,947.20,21.03,8215.99,0.00,0.00,0.00,0.67
2018-01-06 16:06:56,26.66,0.00,6.11,55.32,0.32,0.00,0.53,0.00,0.00,11.06,5.80,5004.20,2723.00,0.00,0.00,19.20,40128.80,643.00,0.00,89926.00,1381.80,0.00,1381.80,100.00,315.60,5.20,310.40,41.60,79387.20,1637352,0,6538256,79.97,28344,5647932,968360,11.84,1039376,5266028,875716,629044,164480,2296,4068,18156,0,0,0.00,0,0.00,1,240,3.13,2.15,1.79,1,315.60,41.60,79387.20,251.68,136.90,421.95,3.17,100.00,415.80,851.00,27.74,7283.29,0.00,0.00,0.00,0.60
2018-01-06 16:07:01,0.00,0.00,0.10,39.25,0.10,0.00,0.00,0.00,0.00,60.54,0.00,258.80,485.00,0.00,0.00,0.80,38658.40,8.80,0.00,284.60,0.00,0.00,0.00,0.00,336.00,0.20,335.80,1.60,85508.80,1642620,0,6532988,79.91,28364,5642832,968360,11.84,1038640,5261252,682680,628808,164028,2032,3936,18156,0,0,0.00,0,0.00,1,240,2.88,2.12,1.78,0,336.00,1.60,85508.80,254.50,96.77,319.23,2.20,74.08,2.60,3.80,0.22,0.69,0.00,0.00,0.00,0.00
2018-01-06 16:07:06,0.10,0.00,0.40,14.26,0.10,0.00,0.00,0.00,0.00,85.14,0.00,278.40,402.60,0.00,0.00,237.60,27810.40,8.00,0.00,494.80,0.00,0.00,0.00,0.00,198.80,2.20,196.60,475.20,48708.80,1647920,0,6527688,79.84,28376,5637776,968360,11.84,1037216,5257852,543764,628808,163928,2032,3936,18156,0,0,0.00,0,0.00,1,240,2.73,2.10,1.78,1,198.80,475.20,48708.80,247.40,41.49,165.17,1.47,29.28,36.60,60.20,2.49,480.28,0.00,0.00,0.00,0.04
2018-01-06 16:07:11,0.10,0.00,0.10,50.05,0.20,0.00,0.00,0.00,0.00,49.55,0.00,273.40,574.20,0.00,0.00,0.80,53393.60,7.80,0.00,287.20,0.00,0.00,0.00,0.00,412.60,0.20,412.40,1.60,105507.20,1653048,0,6522560,79.78,28388,5632648,968360,11.84,1036912,5253152,276960,628808,163836,2032,3936,18156,0,0,0.00,0,0.00,1,240,2.59,2.08,1.77,1,412.60,1.60,105507.20,255.72,142.41,343.78,2.42,100.00,3.00,4.40,0.25,0.81,0.00,0.00,0.00,0.00
2018-01-06 16:07:16,0.00,0.00,0.10,52.52,0.10,0.00,0.00,0.00,0.00,47.28,0.00,260.20,455.00,0.00,0.00,1.60,37901.60,7.60,0.00,286.60,0.00,0.00,0.00,0.00,299.20,0.40,298.80,3.20,76417.60,1658304,0,6517304,79.72,28412,5627648,968360,11.84,1036524,5248424,87560,628808,163752,2032,3936,18156,0,0,0.00,0,0.00,1,240,2.54,2.08,1.77,1,299.20,3.20,76417.60,255.42,138.74,469.37,3.34,100.00,2.80,4.00,0.23,0.69,0.00,0.00,0.00,0.00
2018-01-06 16:07:21,0.20,0.00,0.10,23.19,0.10,0.00,0.00,0.00,0.00,76.41,0.00,254.80,325.00,0.00,0.00,0.00,17472.80,8.60,0.00,394.00,0.00,0.00,0.00,0.00,166.60,0.00,166.60,0.00,42523.20,1659544,0,6516064,79.70,28424,5622464,968360,11.84,1040212,5243608,248,632904,163496,2032,3936,18156,0,0,0.00,0,0.00,1,240,2.34,2.05,1.76,0,166.60,0.00,42523.20,255.24,74.56,492.65,3.50,58.24,3.00,4.40,0.25,0.81,0.00,0.00,0.00,0.00
2018-01-06 16:07:26,0.00,0.00,0.00,0.00,0.00,0.00,0.00,0.00,0.00,100.00,0.00,241.20,154.20,0.00,0.00,0.00,0.00,7.60,0.00,369.80,0.00,0.00,0.00,0.00,0.00,0.00,0.00,0.00,0.00,1664040,0,6511568,79.65,28424,5617384,968360,11.84,1040392,5238892,272,633284,163496,2032,3944,18156,0,0,0.00,0,0.00,1,240,2.15,2.01,1.75,0,0.00,0.00,0.00,0.00,0.00,0.00,0.00,0.00,2.80,4.20,0.24,0.79,0.00,0.00,0.00,0.00
2018-01-06 16:07:31,0.10,0.00,0.00,0.00,0.00,0.00,0.00,0.00,0.00,99.90,0.00,238.60,149.80,0.00,0.00,0.00,10.40,9.00,0.00,285.80,0.00,0.00,0.00,0.00,1.20,0.00,1.20,0.00,20.80,1667340,0,6508268,79.61,28432,5612300,968360,11.84,1041964,5234212,280,635332,163324,2032,3948,18156,0,0,0.00,0,0.00,1,240,1.98,1.98,1.75,0,1.20,0.00,20.80,17.33,0.00,0.00,0.00,0.00,2.60,3.80,0.22,0.69,0.00,0.00,0.00,0.00
2018-01-06 16:07:36,0.00,0.00,0.10,0.00,0.00,0.00,0.00,0.00,0.00,99.90,0.00,243.20,154.00,0.00,0.00,0.00,39.20,7.60,0.00,287.00,0.00,0.00,0.00,0.00,1.00,0.00,1.00,0.00,78.40,1672508,0,6503100,79.54,28440,5607172,968360,11.84,1041556,5229360,144,635332,163240,2032,3948,18156,0,0,0.00,0,0.00,1,240,1.82,1.95,1.74,0,1.00,0.00,78.40,78.40,0.00,0.00,0.00,0.00,3.00,4.40,0.25,0.80,0.00,0.00,0.00,0.00
2018-01-06 16:07:41,0.30,0.00,0.10,0.00,0.00,0.00,0.00,0.00,0.00,99.60,0.00,238.80,152.40,0.00,0.00,0.00,0.00,9.40,0.00,289.60,0.00,0.00,0.00,0.00,0.00,0.00,0.00,0.00,0.00,1677828,0,6497780,79.48,28440,5602080,968360,11.84,1041224,5224596,176,635360,163124,2032,3948,18156,0,0,0.00,0,0.00,1,240,1.68,1.91,1.73,0,0.00,0.00,0.00,0.00,0.00,0.00,0.00,0.00,3.20,4.60,0.26,0.82,0.00,0.00,0.00,0.00
